                     0             -0.359057                     0
                 0.006             -0.359053            0.00136867
                 0.012             -0.359041             0.0027239
                 0.018             -0.359021             0.0040657
                 0.024             -0.358992            0.00539407
                  0.03             -0.358956              0.006709
                 0.036             -0.358912             0.0080105
                 0.042              -0.35886            0.00929857
                 0.048               -0.3588             0.0105732
                 0.054             -0.358733             0.0118344
                  0.06             -0.358658             0.0130822
                 0.066             -0.358576             0.0143165
                 0.072             -0.358486             0.0155374
                 0.078              -0.35839             0.0167448
                 0.084             -0.358286             0.0179389
                  0.09             -0.358174             0.0191195
                 0.096             -0.358056             0.0202866
                 0.102             -0.357931             0.0214404
                 0.108             -0.357799             0.0225806
                 0.114              -0.35766             0.0237075
                  0.12             -0.357514             0.0248209
                 0.126             -0.357362             0.0259209
                 0.132             -0.357203             0.0270075
                 0.138             -0.357038             0.0280806
                 0.144             -0.356866             0.0291403
                  0.15             -0.356688             0.0301865
                 0.156             -0.356504             0.0312194
                 0.162             -0.356314             0.0322387
                 0.168             -0.356117             0.0332447
                 0.174             -0.355915             0.0342372
                  0.18             -0.355707             0.0352163
                 0.186             -0.355492              0.036182
                 0.192             -0.355272             0.0371342
                 0.198             -0.355047              0.038073
                 0.204             -0.354816             0.0389983
                  0.21             -0.354579             0.0399102
                 0.216             -0.354337             0.0408087
                 0.222             -0.354089             0.0416938
                 0.228             -0.353836             0.0425654
                 0.234             -0.353578             0.0434235
                  0.24             -0.353315             0.0442683
                 0.246             -0.353047             0.0450996
                 0.252             -0.352774             0.0459175
                 0.258             -0.352496             0.0467219
                 0.264             -0.352214             0.0475129
                  0.27             -0.351926             0.0482905
                 0.276             -0.351634             0.0490547
                 0.282             -0.351337             0.0498054
                 0.288             -0.351036             0.0505426
                 0.294             -0.350731             0.0512665
                   0.3             -0.350421             0.0519769
                 0.306             -0.350107             0.0526739
                 0.312             -0.349789             0.0533574
                 0.318             -0.349467             0.0540275
                 0.324             -0.349141             0.0546842
                  0.33             -0.348811             0.0553274
                 0.336             -0.348477             0.0559572
                 0.342             -0.348139             0.0565736
                 0.348             -0.347798             0.0571765
                 0.354             -0.347453              0.057766
                  0.36             -0.347105             0.0583421
                 0.366             -0.346753             0.0589047
                 0.372             -0.346398             0.0594539
                 0.378              -0.34604             0.0599897
                 0.384             -0.345678              0.060512
                  0.39             -0.345314             0.0610209
                 0.396             -0.344946             0.0615164
                 0.402             -0.344575             0.0619984
                 0.408             -0.344202              0.062467
                 0.414             -0.343826             0.0629222
                  0.42             -0.343447             0.0633639
                 0.426             -0.343066             0.0637922
                 0.432             -0.342682             0.0642071
                 0.438             -0.342295             0.0646085
                 0.444             -0.341906             0.0649965
                  0.45             -0.341515             0.0653711
                 0.456             -0.341122             0.0657322
                 0.462             -0.340726             0.0660799
                 0.468             -0.340329             0.0664231
                 0.474             -0.339929             0.0667684
                  0.48             -0.339528             0.0671157
                 0.486             -0.339124             0.0674651
                 0.492             -0.338718             0.0678166
                 0.498              -0.33831             0.0681701
                 0.504               -0.3379             0.0685257
                  0.51             -0.337488             0.0688833
                 0.516             -0.337073              0.069243
                 0.522             -0.336657             0.0696048
                 0.528             -0.336238             0.0699687
                 0.534             -0.335817             0.0703346
                  0.54             -0.335394             0.0707026
                 0.546             -0.334969             0.0710726
                 0.552             -0.334541             0.0714447
                 0.558             -0.334112             0.0718189
                 0.564             -0.333679             0.0721951
                  0.57             -0.333245             0.0725734
                 0.576             -0.332809             0.0729538
                 0.582              -0.33237             0.0733362
                 0.588             -0.331929             0.0737207
                 0.594             -0.331485             0.0741072
                   0.6             -0.331039             0.0744959
                 0.606             -0.330591             0.0748866
                 0.612             -0.330141             0.0752793
                 0.618             -0.329688             0.0756741
                 0.624             -0.329233              0.076071
                  0.63             -0.328775               0.07647
                 0.636             -0.328315              0.076871
                 0.642             -0.327852              0.077274
                 0.648             -0.327388             0.0776792
                 0.654              -0.32692             0.0780864
                  0.66             -0.326451             0.0784957
                 0.666             -0.325978              0.078907
                 0.672             -0.325504             0.0793204
                 0.678             -0.325026             0.0797358
                 0.684             -0.324547             0.0801534
                  0.69             -0.324065              0.080573
                 0.696              -0.32358             0.0809946
                 0.702             -0.323093             0.0814183
                 0.708             -0.322603             0.0818441
                 0.714             -0.322111              0.082272
                  0.72             -0.321616             0.0827019
                 0.726             -0.321118             0.0831339
                 0.732             -0.320618             0.0835679
                 0.738             -0.320115              0.084004
                 0.744              -0.31961             0.0844422
                  0.75             -0.319102             0.0848825
                 0.756             -0.318591             0.0853248
                 0.762             -0.318078             0.0857691
                 0.768             -0.317562             0.0862156
                 0.774             -0.317044             0.0866641
                  0.78             -0.316522             0.0871146
                 0.786             -0.315998             0.0875673
                 0.792             -0.315471             0.0880219
                 0.798             -0.314942             0.0884787
                 0.804              -0.31441             0.0889375
                  0.81             -0.313875             0.0893984
                 0.816             -0.313337             0.0898614
                 0.822             -0.312796             0.0903264
                 0.828             -0.312253             0.0907935
                 0.834             -0.311707             0.0912626
                  0.84             -0.311158             0.0917338
                 0.846             -0.310606             0.0922071
                 0.852             -0.310051             0.0926824
                 0.858             -0.309494             0.0931598
                 0.864             -0.308933             0.0936393
                  0.87              -0.30837             0.0941208
                 0.876             -0.307804             0.0946044
                 0.882             -0.307235             0.0950901
                 0.888             -0.306663             0.0955778
                 0.894             -0.306088             0.0960676
                   0.9              -0.30551             0.0965595
                 0.906             -0.304929             0.0970534
                 0.912             -0.304345             0.0975494
                 0.918             -0.303759             0.0980474
                 0.924             -0.303169             0.0985475
                  0.93             -0.302576             0.0990457
                 0.936              -0.30198             0.0995398
                 0.942             -0.301382               0.10003
                 0.948              -0.30078              0.100516
                 0.954             -0.300175              0.100998
                  0.96             -0.299568              0.101476
                 0.966             -0.298958               0.10195
                 0.972             -0.298345               0.10242
                 0.978             -0.297729              0.102886
                 0.984              -0.29711              0.103348
                  0.99             -0.296488              0.103806
                 0.996             -0.295864              0.104259
                 1.002             -0.295237              0.104709
                 1.008             -0.294608              0.105155
                 1.014             -0.293975              0.105597
                  1.02             -0.293341              0.106034
                 1.026             -0.292703              0.106468
                 1.032             -0.292063              0.106898
                 1.038              -0.29142              0.107323
                 1.044             -0.290775              0.107745
                  1.05             -0.290127              0.108162
                 1.056             -0.289477              0.108576
                 1.062             -0.288824              0.108985
                 1.068             -0.288169               0.10939
                 1.074             -0.287512              0.109792
                  1.08             -0.286852              0.110189
                 1.086              -0.28619              0.110582
                 1.092             -0.285525              0.110972
                 1.098             -0.284858              0.111357
                 1.104             -0.284189              0.111738
                  1.11             -0.283517              0.112115
                 1.116             -0.282843              0.112488
                 1.122             -0.282167              0.112857
                 1.128             -0.281489              0.113222
                 1.134             -0.280809              0.113583
                  1.14             -0.280126               0.11394
                 1.146             -0.279441              0.114293
                 1.152             -0.278754              0.114642
                 1.158             -0.278066              0.114987
                 1.164             -0.277375              0.115328
                  1.17             -0.276682              0.115664
                 1.176             -0.275987              0.115997
                 1.182              -0.27529              0.116326
                 1.188             -0.274591              0.116651
                 1.194              -0.27389              0.116971
                   1.2             -0.273187              0.117288
                 1.206             -0.272482                0.1176
                 1.212             -0.271776              0.117909
                 1.218             -0.271068              0.118213
                 1.224             -0.270357              0.118514
                  1.23             -0.269645               0.11881
                 1.236             -0.268932              0.119103
                 1.242             -0.268216              0.119391
                 1.248             -0.267499              0.119675
                 1.254              -0.26678              0.119956
                  1.26              -0.26606              0.120232
                 1.266             -0.265337              0.120504
                 1.272             -0.264613              0.120772
                 1.278             -0.263888              0.121036
                 1.284             -0.263161              0.121297
                  1.29             -0.262432              0.121553
                 1.296             -0.261702              0.121805
                 1.302             -0.260971              0.122053
                 1.308             -0.260238              0.122297
                 1.314             -0.259503              0.122537
                  1.32             -0.258767              0.122773
                 1.326              -0.25803              0.123004
                 1.332             -0.257291              0.123232
                 1.338             -0.256551              0.123456
                 1.344              -0.25581              0.123676
                  1.35             -0.255067              0.123891
                 1.356             -0.254323              0.124103
                 1.362             -0.253578              0.124311
                 1.368             -0.252831              0.124514
                 1.374             -0.252084              0.124714
                  1.38             -0.251335               0.12491
                 1.386             -0.250585              0.125101
                 1.392             -0.249834              0.125289
                 1.398             -0.249081              0.125472
                 1.404             -0.248328              0.125652
                  1.41             -0.247574              0.125828
                 1.416             -0.246818              0.126001
                 1.422             -0.246062              0.126169
                 1.428             -0.245304              0.126333
                 1.434             -0.244546              0.126494
                  1.44             -0.243786              0.126651
                 1.446             -0.243026              0.126804
                 1.452             -0.242265              0.126953
                 1.458             -0.241502              0.127098
                 1.464             -0.240739              0.127239
                  1.47             -0.239976              0.127377
                 1.476             -0.239211               0.12751
                 1.482             -0.238445               0.12764
                 1.488             -0.237679              0.127766
                 1.494             -0.236912              0.127888
                   1.5             -0.236145              0.128006
                 1.506             -0.235376               0.12812
                 1.512             -0.234607              0.128231
                 1.518             -0.233837              0.128337
                 1.524             -0.233067               0.12844
                  1.53             -0.232296              0.128539
                 1.536             -0.231525              0.128634
                 1.542             -0.230752              0.128725
                 1.548              -0.22998              0.128813
                 1.554             -0.229207              0.128896
                  1.56             -0.228433              0.128976
                 1.566             -0.227659              0.129051
                 1.572             -0.226885              0.129123
                 1.578              -0.22611              0.129191
                 1.584             -0.225334              0.129256
                  1.59             -0.224559              0.129316
                 1.596             -0.223782              0.129372
                 1.602             -0.223006              0.129425
                 1.608             -0.222229              0.129474
                 1.614             -0.221452              0.129519
                  1.62             -0.220675               0.12956
                 1.626             -0.219898              0.129597
                 1.632              -0.21912               0.12963
                 1.638             -0.218342               0.12966
                 1.644             -0.217564              0.129685
                  1.65             -0.216786              0.129707
                 1.656             -0.216008              0.129725
                 1.662             -0.215229              0.129739
                 1.668             -0.214451              0.129749
                 1.674             -0.213672              0.129755
                  1.68             -0.212894              0.129758
                 1.686             -0.212115              0.129757
                 1.692             -0.211337              0.129751
                 1.698             -0.210558              0.129742
                 1.704              -0.20978              0.129729
                  1.71             -0.209001              0.129712
                 1.716             -0.208223              0.129692
                 1.722             -0.207445              0.129667
                 1.728             -0.206667              0.129639
                 1.734             -0.205889              0.129607
                  1.74             -0.205112               0.12957
                 1.746             -0.204335              0.129531
                 1.752             -0.203558              0.129487
                 1.758             -0.202781              0.129439
                 1.764             -0.202004              0.129388
                  1.77             -0.201228              0.129332
                 1.776             -0.200452              0.129273
                 1.782             -0.199677               0.12921
                 1.788             -0.198902              0.129143
                 1.794             -0.198127              0.129072
                   1.8             -0.197353              0.128997
                 1.806             -0.196579              0.128919
                 1.812             -0.195806              0.128836
                 1.818             -0.195033               0.12875
                 1.824             -0.194261               0.12866
                  1.83             -0.193489              0.128566
                 1.836             -0.192718              0.128468
                 1.842             -0.191948              0.128367
                 1.848             -0.191178              0.128261
                 1.854             -0.190409              0.128153
                  1.86              -0.18964              0.128044
                 1.866             -0.188872              0.127932
                 1.872             -0.188105              0.127819
                 1.878             -0.187338              0.127703
                 1.884             -0.186572              0.127586
                  1.89             -0.185807              0.127467
                 1.896             -0.185043              0.127345
                 1.902             -0.184279              0.127222
                 1.908             -0.183516              0.127097
                 1.914             -0.182754              0.126971
                  1.92             -0.181992              0.126842
                 1.926             -0.181232              0.126711
                 1.932             -0.180472              0.126579
                 1.938             -0.179713              0.126444
                 1.944             -0.178955              0.126308
                  1.95             -0.178197              0.126169
                 1.956             -0.177441              0.126029
                 1.962             -0.176685              0.125887
                 1.968              -0.17593              0.125743
                 1.974             -0.175176              0.125597
                  1.98             -0.174423               0.12545
                 1.986              -0.17367                0.1253
                 1.992             -0.172919              0.125148
                 1.998             -0.172169              0.124995
                 2.004             -0.171419              0.124839
                  2.01             -0.170671              0.124682
                 2.016             -0.169923              0.124523
                 2.022             -0.169176              0.124362
                 2.028             -0.168431              0.124199
                 2.034             -0.167686              0.124034
                  2.04             -0.166942              0.123867
                 2.046               -0.1662              0.123698
                 2.052             -0.165458              0.123527
                 2.058             -0.164717              0.123355
                 2.064             -0.163978               0.12318
                  2.07             -0.163239              0.123004
                 2.076             -0.162502              0.122826
                 2.082             -0.161765              0.122646
                 2.088              -0.16103              0.122464
                 2.094             -0.160296               0.12228
                   2.1             -0.159562              0.122094
                 2.106             -0.158831              0.121906
                 2.112               -0.1581              0.121716
                 2.118              -0.15737              0.121525
                 2.124             -0.156641              0.121331
                  2.13             -0.155914              0.121136
                 2.136             -0.155188              0.120938
                 2.142             -0.154463              0.120739
                 2.148             -0.153739              0.120538
                 2.154             -0.153016              0.120335
                  2.16             -0.152295               0.12013
                 2.166             -0.151575              0.119923
                 2.172             -0.150856              0.119715
                 2.178             -0.150138              0.119504
                 2.184             -0.149422              0.119291
                  2.19             -0.148707              0.119077
                 2.196             -0.147993              0.118861
                 2.202              -0.14728              0.118642
                 2.208             -0.146569              0.118422
                 2.214             -0.145859                0.1182
                  2.22             -0.145151              0.117976
                 2.226             -0.144444               0.11775
                 2.232             -0.143738              0.117523
                 2.238             -0.143033              0.117293
                 2.244              -0.14233              0.117061
                  2.25             -0.141629              0.116828
                 2.256             -0.140928              0.116592
                 2.262             -0.140229              0.116355
                 2.268             -0.139532              0.116116
                 2.274             -0.138836              0.115875
                  2.28             -0.138142              0.115632
                 2.286             -0.137448              0.115387
                 2.292             -0.136757               0.11514
                 2.298             -0.136067              0.114891
                 2.304             -0.135378              0.114641
                  2.31             -0.134691              0.114388
                 2.316             -0.134006              0.114136
                 2.322             -0.133321              0.113883
                 2.328             -0.132639              0.113631
                 2.334             -0.131958              0.113378
                  2.34             -0.131278              0.113126
                 2.346               -0.1306              0.112874
                 2.352             -0.129924              0.112622
                 2.358             -0.129249              0.112371
                 2.364             -0.128575              0.112119
                  2.37             -0.127903              0.111867
                 2.376             -0.127233              0.111616
                 2.382             -0.126564              0.111365
                 2.388             -0.125897              0.111113
                 2.394             -0.125231              0.110862
                   2.4             -0.124566              0.110611
                 2.406             -0.123903              0.110361
                 2.412             -0.123242               0.11011
                 2.418             -0.122582              0.109859
                 2.424             -0.121924              0.109609
                  2.43             -0.121267              0.109359
                 2.436             -0.120611              0.109108
                 2.442             -0.119957              0.108858
                 2.448             -0.119305              0.108608
                 2.454             -0.118654              0.108359
                  2.46             -0.118005              0.108109
                 2.466             -0.117357              0.107859
                 2.472              -0.11671               0.10761
                 2.478             -0.116066               0.10736
                 2.484             -0.115422              0.107111
                  2.49              -0.11478              0.106862
                 2.496              -0.11414              0.106613
                 2.502             -0.113501              0.106364
                 2.508             -0.112863              0.106115
                 2.514             -0.112227              0.105867
                  2.52             -0.111593              0.105618
                 2.526              -0.11096               0.10537
                 2.532             -0.110329              0.105122
                 2.538             -0.109699              0.104874
                 2.544              -0.10907              0.104626
                  2.55             -0.108443              0.104378
                 2.556             -0.107818               0.10413
                 2.562             -0.107194              0.103882
                 2.568             -0.106571              0.103635
                 2.574              -0.10595              0.103387
                  2.58              -0.10533               0.10314
                 2.586             -0.104712              0.102893
                 2.592             -0.104096              0.102646
                 2.598              -0.10348              0.102399
                 2.604             -0.102867              0.102152
                  2.61             -0.102255              0.101906
                 2.616             -0.101644              0.101659
                 2.622             -0.101035              0.101413
                 2.628             -0.100427              0.101166
                 2.634            -0.0998207               0.10092
                  2.64            -0.0992159              0.100674
                 2.646            -0.0986126              0.100428
                 2.652            -0.0980108              0.100182
                 2.658            -0.0974104             0.0999366
                 2.664            -0.0968116             0.0996911
                  2.67            -0.0962141             0.0994456
                 2.676            -0.0956182             0.0992003
                 2.682            -0.0950237             0.0989551
                 2.688            -0.0944308               0.09871
                 2.694            -0.0938392             0.0984651
                   2.7            -0.0932492             0.0982202
                 2.706            -0.0926606             0.0979755
                 2.712            -0.0920735             0.0977309
                 2.718            -0.0914878             0.0974864
                 2.724            -0.0909036             0.0972421
                  2.73            -0.0903209             0.0969979
                 2.736            -0.0897397             0.0967538
                 2.742            -0.0891599             0.0965098
                 2.748            -0.0885815             0.0962659
                 2.754            -0.0880047             0.0960222
                  2.76            -0.0874293             0.0957786
                 2.766            -0.0868553             0.0955351
                 2.772            -0.0862828             0.0952916
                 2.778            -0.0857118             0.0950475
                 2.784            -0.0851423             0.0948026
                  2.79            -0.0845742             0.0945569
                 2.796            -0.0840076             0.0943105
                 2.802            -0.0834425             0.0940633
                 2.808            -0.0828788             0.0938153
                 2.814            -0.0823167             0.0935666
                  2.82             -0.081756              0.093317
                 2.826            -0.0811969             0.0930667
                 2.832            -0.0806392             0.0928157
                 2.838            -0.0800831             0.0925638
                 2.844            -0.0795285             0.0923112
                  2.85            -0.0789754             0.0920578
                 2.856            -0.0784238             0.0918037
                 2.862            -0.0778737             0.0915487
                 2.868            -0.0773252              0.091293
                 2.874            -0.0767782             0.0910365
                  2.88            -0.0762328             0.0907793
                 2.886            -0.0756889             0.0905213
                 2.892            -0.0751465             0.0902625
                 2.898            -0.0746057             0.0900029
                 2.904            -0.0740665             0.0897425
                  2.91            -0.0735288             0.0894814
                 2.916            -0.0729927             0.0892195
                 2.922            -0.0724582             0.0889569
                 2.928            -0.0719252             0.0886934
                 2.934            -0.0713939             0.0884292
                  2.94            -0.0708641             0.0881642
                 2.946            -0.0703359             0.0878985
                 2.952            -0.0698093             0.0876319
                 2.958            -0.0692843             0.0873646
                 2.964            -0.0687609             0.0870966
                  2.97            -0.0682391             0.0868277
                 2.976             -0.067719             0.0865581
                 2.982            -0.0672004             0.0862877
                 2.988            -0.0666835             0.0860165
                 2.994            -0.0661683             0.0857446
                     3            -0.0656546             0.0854719
                 3.006            -0.0651426             0.0851984
                 3.012            -0.0646322             0.0849241
                 3.018            -0.0641235             0.0846491
                 3.024            -0.0636164             0.0843733
                  3.03             -0.063111             0.0840967
                 3.036            -0.0626073             0.0838193
                 3.042            -0.0621052             0.0835412
                 3.048            -0.0616048             0.0832623
                 3.054             -0.061106             0.0829827
                  3.06             -0.060609             0.0827022
                 3.066            -0.0601136              0.082421
                 3.072            -0.0596199              0.082139
                 3.078             -0.059128             0.0818562
                 3.084            -0.0586377             0.0815727
                  3.09            -0.0581491             0.0812884
                 3.096            -0.0576622             0.0810033
                 3.102             -0.057177             0.0807174
                 3.108            -0.0566936             0.0804308
                 3.114            -0.0562119             0.0801434
                  3.12            -0.0557319             0.0798552
                 3.126            -0.0552536             0.0795663
                 3.132            -0.0547771             0.0792766
                 3.138            -0.0543023             0.0789861
                 3.144            -0.0538293             0.0786948
                  3.15             -0.053358             0.0784028
                 3.156            -0.0528884             0.0781099
                 3.162            -0.0524206             0.0778164
                 3.168            -0.0519546              0.077522
                 3.174            -0.0514904             0.0772269
                  3.18            -0.0510279              0.076931
                 3.186            -0.0505672             0.0766343
                 3.192            -0.0501083             0.0763368
                 3.198            -0.0496512             0.0760386
                 3.204            -0.0491958             0.0757396
                  3.21            -0.0487423             0.0754398
                 3.216            -0.0482906             0.0751393
                 3.222            -0.0478406              0.074838
                 3.228            -0.0473925             0.0745359
                 3.234            -0.0469462             0.0742335
                  3.24            -0.0465017             0.0739336
                 3.246             -0.046059             0.0736363
                 3.252            -0.0456181             0.0733418
                 3.258            -0.0451789             0.0730501
                 3.264            -0.0447415             0.0727611
                  3.27            -0.0443057             0.0724749
                 3.276            -0.0438717             0.0721914
                 3.282            -0.0434394             0.0719107
                 3.288            -0.0430088             0.0716327
                 3.294            -0.0425798             0.0713575
                   3.3            -0.0421525              0.071085
                 3.306            -0.0417268             0.0708153
                 3.312            -0.0413027             0.0705483
                 3.318            -0.0408802             0.0702841
                 3.324            -0.0404593             0.0700226
                  3.33              -0.04004             0.0697638
                 3.336            -0.0396221             0.0695079
                 3.342            -0.0392059             0.0692546
                 3.348            -0.0387911             0.0690041
                 3.354            -0.0383778             0.0687564
                  3.36             -0.037966             0.0685114
                 3.366            -0.0375557             0.0682692
                 3.372            -0.0371468             0.0680297
                 3.378            -0.0367393              0.067793
                 3.384            -0.0363332              0.067559
                  3.39            -0.0359286             0.0673278
                 3.396            -0.0355253             0.0670993
                 3.402            -0.0351234             0.0668735
                 3.408            -0.0347228             0.0666506
                 3.414            -0.0343236             0.0664303
                  3.42            -0.0339256             0.0662128
                 3.426             -0.033529             0.0659981
                 3.432            -0.0331337             0.0657861
                 3.438            -0.0327396             0.0655769
                 3.444            -0.0323467             0.0653704
                  3.45            -0.0319551             0.0651666
                 3.456            -0.0315647             0.0649657
                 3.462            -0.0311755             0.0647674
                 3.468            -0.0307875             0.0645719
                 3.474            -0.0304007             0.0643792
                  3.48             -0.030015             0.0641892
                 3.486            -0.0296304              0.064002
                 3.492            -0.0292469             0.0638175
                 3.498            -0.0288646             0.0636357
                 3.504            -0.0284833             0.0634568
                  3.51            -0.0281031             0.0632805
                 3.516            -0.0277239              0.063107
                 3.522            -0.0273458             0.0629363
                 3.528            -0.0269687             0.0627683
                 3.534            -0.0265926              0.062603
                  3.54            -0.0262174             0.0624406
                 3.546            -0.0258433             0.0622808
                 3.552            -0.0254701             0.0621238
                 3.558            -0.0250978             0.0619696
                 3.564            -0.0247264             0.0618181
                  3.57             -0.024356             0.0616693
                 3.576            -0.0239864             0.0615234
                 3.582            -0.0236177             0.0613801
                 3.588            -0.0232498             0.0612396
                 3.594            -0.0228828             0.0611019
                   3.6            -0.0225166             0.0609669
                 3.606            -0.0221512             0.0608346
                 3.612            -0.0217866             0.0607051
                 3.618            -0.0214227             0.0605784
                 3.624            -0.0210596             0.0604544
                  3.63            -0.0206973             0.0603332
                 3.636            -0.0203356             0.0602147
                 3.642            -0.0199747             0.0600989
                 3.648            -0.0196144             0.0599859
                 3.654            -0.0192548             0.0598757
                  3.66            -0.0188959             0.0597682
                 3.666            -0.0185376             0.0596634
                 3.672              -0.01818             0.0595614
                 3.678            -0.0178229             0.0594622
                 3.684            -0.0174664             0.0593657
                  3.69            -0.0171105             0.0592719
                 3.696            -0.0167551             0.0591799
                 3.702            -0.0164003             0.0590858
                 3.708            -0.0160461              0.058989
                 3.714            -0.0156925             0.0588897
                  3.72            -0.0153394             0.0587879
                 3.726             -0.014987             0.0586834
                 3.732            -0.0146352             0.0585765
                 3.738            -0.0142841             0.0584669
                 3.744            -0.0139336             0.0583548
                  3.75            -0.0135839             0.0582401
                 3.756            -0.0132348             0.0581229
                 3.762            -0.0128864             0.0580031
                 3.768            -0.0125387             0.0578807
                 3.774            -0.0121918             0.0577558
                  3.78            -0.0118457             0.0576283
                 3.786            -0.0115003             0.0574983
                 3.792            -0.0111557             0.0573657
                 3.798            -0.0108119             0.0572305
                 3.804            -0.0104689             0.0570928
                  3.81            -0.0101268             0.0569525
                 3.816           -0.00978551             0.0568096
                 3.822           -0.00944509             0.0566642
                 3.828           -0.00910555             0.0565162
                 3.834            -0.0087669             0.0563656
                  3.84           -0.00842916             0.0562125
                 3.846           -0.00809235             0.0560568
                 3.852           -0.00775649             0.0558986
                 3.858           -0.00742158             0.0557378
                 3.864           -0.00708764             0.0555744
                  3.87           -0.00675469             0.0554085
                 3.876           -0.00642274               0.05524
                 3.882           -0.00609181              0.055069
                 3.888           -0.00576192             0.0548954
                 3.894           -0.00543307             0.0547192
                   3.9           -0.00510529             0.0545405
                 3.906           -0.00477859             0.0543592
                 3.912           -0.00445299             0.0541753
                 3.918           -0.00412849             0.0539889
                 3.924           -0.00380513             0.0537999
                  3.93            -0.0034829             0.0536083
                 3.936           -0.00316183             0.0534142
                 3.942           -0.00284194             0.0532176
                 3.948           -0.00252323             0.0530183
                 3.954           -0.00220572             0.0528165
                  3.96           -0.00188943             0.0526122
                 3.966           -0.00157438             0.0524052
                 3.972           -0.00126058             0.0521957
                 3.978          -0.000948037             0.0519837
                 3.984          -0.000636777             0.0517691
                  3.99          -0.000326813             0.0515519
                 3.996          -1.81595e-05             0.0513322
                 4.002           0.000289168             0.0511099
                 4.008           0.000595154              0.050885
                 4.014           0.000899783             0.0506576
                  4.02            0.00120304             0.0504276
                 4.026            0.00150491              0.050195
                 4.032            0.00180537             0.0499599
                 4.038            0.00210442             0.0497222
                 4.044            0.00240204              0.049482
                  4.05             0.0026982             0.0492392
                 4.056             0.0029929             0.0489938
                 4.062            0.00328612             0.0487459
                 4.068            0.00357785             0.0484954
                 4.074            0.00386806             0.0482424
                  4.08            0.00415675             0.0479868
                 4.086             0.0044439             0.0477286
                 4.092            0.00472949             0.0474679
                 4.098            0.00501351             0.0472046
                 4.104            0.00529594             0.0469387
                  4.11            0.00557677             0.0466703
                 4.116            0.00585598             0.0463993
                 4.122            0.00613355             0.0461257
                 4.128            0.00640948             0.0458496
                 4.134            0.00668374             0.0455709
                  4.14            0.00695633             0.0452897
                 4.146            0.00722721             0.0450059
                 4.152            0.00749639             0.0447195
                 4.158            0.00776385             0.0444317
                 4.164            0.00802958             0.0441455
                  4.17            0.00829359             0.0438611
                 4.176            0.00855591             0.0435786
                 4.182            0.00881654              0.043298
                 4.188            0.00907549             0.0430192
                 4.194            0.00933278             0.0427423
                   4.2             0.0095884             0.0424672
                 4.206            0.00984239             0.0421941
                 4.212             0.0100947             0.0419227
                 4.218             0.0103455             0.0416533
                 4.224             0.0105946             0.0413857
                  4.23             0.0108421             0.0411199
                 4.236              0.011088              0.040856
                 4.242             0.0113324              0.040594
                 4.248             0.0115752             0.0403339
                 4.254             0.0118164             0.0400756
                  4.26             0.0120561             0.0398191
                 4.266             0.0122942             0.0395645
                 4.272             0.0125308             0.0393118
                 4.278              0.012766              0.039061
                 4.284             0.0129996              0.038812
                  4.29             0.0132317             0.0385648
                 4.296             0.0134624             0.0383196
                 4.302             0.0136915             0.0380762
                 4.308             0.0139193             0.0378346
                 4.314             0.0141456             0.0375949
                  4.32             0.0143704             0.0373571
                 4.326             0.0145939             0.0371211
                 4.332             0.0148159              0.036887
                 4.338             0.0150365             0.0366548
                 4.344             0.0152557             0.0364244
                  4.35             0.0154736             0.0361959
                 4.356             0.0156901             0.0359692
                 4.362             0.0159052             0.0357444
                 4.368              0.016119             0.0355215
                 4.374             0.0163315             0.0353004
                  4.38             0.0165426             0.0350812
                 4.386             0.0167525             0.0348638
                 4.392              0.016961             0.0346483
                 4.398             0.0171683             0.0344347
                 4.404             0.0173742             0.0342229
                  4.41             0.0175789              0.034013
                 4.416             0.0177824              0.033805
                 4.422             0.0179846             0.0335988
                 4.428             0.0181856             0.0333944
                 4.434             0.0183853              0.033192
                  4.44             0.0185839             0.0329914
                 4.446             0.0187812             0.0327926
                 4.452             0.0189774             0.0325957
                 4.458             0.0191724             0.0324007
                 4.464             0.0193662             0.0322076
                  4.47             0.0195589             0.0320163
                 4.476             0.0197504             0.0318268
                 4.482             0.0199408             0.0316392
                 4.488             0.0201301             0.0314535
                 4.494             0.0203183             0.0312697
                   4.5             0.0205053             0.0310877
                 4.506             0.0206913             0.0309075
                 4.512             0.0208762             0.0307293
                 4.518             0.0210601             0.0305528
                 4.524             0.0212429             0.0303783
                  4.53             0.0214246             0.0302056
                 4.536             0.0216053             0.0300348
                 4.542              0.021785             0.0298658
                 4.548             0.0219637             0.0296987
                 4.554             0.0221414             0.0295334
                  4.56             0.0223181             0.0293701
                 4.566             0.0224939             0.0292085
                 4.572             0.0226686             0.0290489
                 4.578             0.0228425             0.0288911
                 4.584             0.0230153             0.0287351
                  4.59             0.0231873              0.028581
                 4.596             0.0233583             0.0284288
                 4.602             0.0235284             0.0282785
                 4.608             0.0236976               0.02813
                 4.614              0.023866             0.0279833
                  4.62             0.0240334             0.0278336
                 4.626                0.0242             0.0276697
                 4.632             0.0243655             0.0274909
                 4.638             0.0245298             0.0272975
                 4.644              0.024693             0.0270893
                  4.65             0.0248549             0.0268664
                 4.656             0.0250154             0.0266287
                 4.662             0.0251744             0.0263763
                 4.668             0.0253318             0.0261091
                 4.674             0.0254877             0.0258273
                  4.68             0.0256417             0.0255306
                 4.686              0.025794             0.0252193
                 4.692             0.0259443             0.0248932
                 4.698             0.0260927             0.0245523
                 4.704             0.0262389             0.0241968
                  4.71              0.026383             0.0238265
                 4.716             0.0265248             0.0234414
                 4.722             0.0266643             0.0230416
                 4.728             0.0268013             0.0226271
                 4.734             0.0269358             0.0221978
                  4.74             0.0270676             0.0217538
                 4.746             0.0271968             0.0212951
                 4.752             0.0273232             0.0208216
                 4.758             0.0274466             0.0203334
                 4.764             0.0275671             0.0198305
                  4.77             0.0276846             0.0193128
                 4.776             0.0277989             0.0187804
                 4.782             0.0279099             0.0182332
                 4.788             0.0280176             0.0176713
                 4.794             0.0281219             0.0170947
                   4.8             0.0282227             0.0165033
                 4.806             0.0283199             0.0158972
                 4.812             0.0284135             0.0152763
                 4.818             0.0285032             0.0146407
                 4.824             0.0285891             0.0139904
                  4.83             0.0286711             0.0133253
                 4.836              0.028749             0.0126455
                 4.842             0.0288228              0.011951
                 4.848             0.0288924             0.0112417
                 4.854             0.0289577             0.0105177
                  4.86             0.0290186            0.00977896
                 4.866              0.029075            0.00902547
                 4.872             0.0291268            0.00825724
                 4.878              0.029174            0.00747427
                 4.884             0.0292165            0.00667657
                  4.89             0.0292541            0.00586413
                 4.896             0.0292868            0.00503695
                 4.902             0.0293145            0.00419504
                 4.908             0.0293372            0.00333838
                 4.914             0.0293546            0.00246699
                  4.92             0.0293667            0.00158086
                 4.926             0.0293735           0.000679993
                 4.932             0.0293749          -0.000235612
                 4.938             0.0293707           -0.00116595
                 4.944             0.0293608           -0.00211104
                  4.95             0.0293453           -0.00307085
                 4.956              0.029324           -0.00404541
                 4.962             0.0292967            -0.0050347
                 4.968             0.0292635           -0.00603873
                 4.974             0.0292242            -0.0070575
                  4.98             0.0291788           -0.00809101
                 4.986             0.0291271           -0.00913925
                 4.992             0.0290691            -0.0102022
                 4.998             0.0290047              -0.01128
                 5.004             0.0289337            -0.0123724
                  5.01             0.0288562            -0.0134796
                 5.016             0.0287719            -0.0146015
                 5.022             0.0286809            -0.0157382
                 5.028              0.028583            -0.0168896
                 5.034             0.0284782            -0.0180558
                  5.04             0.0283663            -0.0192366
                 5.046             0.0282473            -0.0204323
                 5.052             0.0281211            -0.0216426
                 5.058             0.0279876            -0.0228677
                 5.064             0.0278467            -0.0241076
                  5.07             0.0276983            -0.0253621
                 5.076             0.0275423            -0.0266314
                 5.082             0.0273787            -0.0278997
                 5.088             0.0272076            -0.0291389
                 5.094             0.0270291            -0.0303487
                   5.1             0.0268434            -0.0315291
                 5.106             0.0266508            -0.0326799
                 5.112             0.0264513            -0.0338013
                 5.118             0.0262452            -0.0348932
                 5.124             0.0260327            -0.0359556
                  5.13             0.0258138            -0.0369886
                 5.136             0.0255889            -0.0379921
                 5.142              0.025358            -0.0389661
                 5.148             0.0251213            -0.0399106
                 5.154             0.0248791            -0.0408257
                  5.16             0.0246315            -0.0417113
                 5.166             0.0243786            -0.0425674
                 5.172             0.0241207             -0.043394
                 5.178              0.023858            -0.0441912
                 5.184             0.0235905            -0.0449589
                  5.19             0.0233185            -0.0456971
                 5.196             0.0230422            -0.0464059
                 5.202             0.0227617            -0.0470851
                 5.208             0.0224772            -0.0477349
                 5.214             0.0221889            -0.0483553
                  5.22              0.021897            -0.0489461
                 5.226             0.0216017            -0.0495075
                 5.232              0.021303            -0.0500394
                 5.238             0.0210012            -0.0505418
                 5.244             0.0206966            -0.0510148
                  5.25             0.0203891            -0.0514583
                 5.256             0.0200791            -0.0518723
                 5.262             0.0197667            -0.0522569
                 5.268             0.0194521            -0.0526119
                 5.274             0.0191354            -0.0529375
                  5.28             0.0188169            -0.0532336
                 5.286             0.0184967            -0.0535003
                 5.292              0.018175            -0.0537375
                 5.298             0.0178519            -0.0539452
                 5.304             0.0175277            -0.0541234
                  5.31             0.0172025            -0.0542721
                 5.316             0.0168765            -0.0543914
                 5.322             0.0165498            -0.0544812
                 5.328             0.0162228            -0.0545416
                 5.334             0.0158954            -0.0545724
                  5.34             0.0155679            -0.0545738
                 5.346             0.0152406            -0.0545457
                 5.352             0.0149135            -0.0544882
                 5.358             0.0145868            -0.0544011
                 5.364             0.0142607            -0.0542846
                  5.37             0.0139354            -0.0541387
                 5.376             0.0136111            -0.0539632
                 5.382             0.0132879            -0.0537583
                 5.388             0.0129661            -0.0535239
                 5.394             0.0126457              -0.05326
                   5.4              0.012327            -0.0529667
                 5.406             0.0120101            -0.0526438
                 5.412             0.0116953            -0.0522916
                 5.418             0.0113827            -0.0519098
                 5.424             0.0110725            -0.0514986
                  5.43             0.0107648            -0.0510578
                 5.436             0.0104598            -0.0505877
                 5.442             0.0101578             -0.050088
                 5.448            0.00985883            -0.0495589
                 5.454            0.00956314            -0.0490003
                  5.46            0.00927089            -0.0484122
                 5.466            0.00898225            -0.0477946
                 5.472            0.00869741            -0.0471476
                 5.478            0.00841654            -0.0464711
                 5.484            0.00813982            -0.0457651
                  5.49            0.00786742            -0.0450297
                 5.496            0.00759952            -0.0442648
                 5.502             0.0073363            -0.0434704
                 5.508            0.00707793            -0.0426465
                 5.514             0.0068246            -0.0417932
                  5.52            0.00657648            -0.0409103
                 5.526            0.00633374            -0.0399981
                 5.532            0.00609656            -0.0390563
                 5.538            0.00586512            -0.0380851
                 5.544            0.00563956            -0.0371024
                  5.55            0.00541986            -0.0361324
                 5.556            0.00520595            -0.0351753
                 5.562            0.00499774            -0.0342311
                 5.568            0.00479515            -0.0332996
                 5.574            0.00459811            -0.0323811
                  5.58            0.00440655            -0.0314754
                 5.586            0.00422038            -0.0305825
                 5.592            0.00403954            -0.0297025
                 5.598            0.00386393            -0.0288353
                 5.604            0.00369349             -0.027981
                  5.61            0.00352813            -0.0271395
                 5.616            0.00336779            -0.0263108
                 5.622            0.00321238             -0.025495
                 5.628            0.00306182            -0.0246921
                 5.634            0.00291604             -0.023902
                  5.64            0.00277497            -0.0231248
                 5.646            0.00263852            -0.0223604
                 5.652            0.00250662            -0.0216088
                 5.658            0.00237919            -0.0208701
                 5.664            0.00225615            -0.0201442
                  5.67            0.00213743            -0.0194312
                 5.676            0.00202295            -0.0187311
                 5.682            0.00191264            -0.0180437
                 5.688             0.0018064            -0.0173693
                 5.694            0.00170418            -0.0167076
                   5.7            0.00160589            -0.0160589
                 5.706            0.00151145            -0.0154229
                 5.712            0.00142078            -0.0147998
                 5.718            0.00133382            -0.0141896
                 5.724            0.00125048            -0.0135922
                  5.73            0.00117069            -0.0130077
                 5.736            0.00109437             -0.012436
                 5.742            0.00102143            -0.0118771
                 5.748           0.000951815            -0.0113311
                 5.754           0.000885434             -0.010798
                  5.76           0.000822214            -0.0102777
                 5.766           0.000762076           -0.00977021
                 5.772           0.000704945            -0.0092756
                 5.778           0.000650743           -0.00879383
                 5.784           0.000599394           -0.00832491
                  5.79           0.000550819           -0.00786884
                 5.796           0.000504942           -0.00742562
                 5.802           0.000461686           -0.00699524
                 5.808           0.000420973           -0.00657771
                 5.814           0.000382728           -0.00617303
                  5.82           0.000346871           -0.00578119
                 5.826           0.000313328            -0.0054022
                 5.832           0.000282019           -0.00503606
                 5.838           0.000252869           -0.00468276
                 5.844             0.0002258           -0.00434232
                  5.85           0.000200736           -0.00401471
                 5.856           0.000177598           -0.00369996
                 5.862           0.000156311           -0.00339805
                 5.868           0.000136796           -0.00310899
                 5.874           0.000118977           -0.00283278
                  5.88           0.000102777           -0.00256942
                 5.886           8.81182e-05            -0.0023189
                 5.892           7.49242e-05           -0.00208123
                 5.898           6.31177e-05            -0.0018564
                 5.904           5.26217e-05           -0.00164443
                  5.91           4.33589e-05            -0.0014453
                 5.916           3.52524e-05           -0.00125901
                 5.922            2.8225e-05           -0.00108558
                 5.928           2.21998e-05           -0.00092499
                 5.934           1.70995e-05          -0.000777249
                  5.94           1.28471e-05          -0.000642354
                 5.946           9.36553e-06          -0.000520307
                 5.952           6.57771e-06          -0.000411107
                 5.958           4.40655e-06          -0.000314754
                 5.964           2.77497e-06          -0.000231248
                  5.97           1.60589e-06          -0.000160589
                 5.976           8.22214e-07          -0.000102777
                 5.982           3.46871e-07          -5.78119e-05
                 5.988           1.02777e-07          -2.56942e-05
                 5.994           1.28471e-08          -6.42354e-06
