                     0             -0.144176                     0
                 0.006             -0.144201           -0.00819663
                 0.012             -0.144274            -0.0161891
                 0.018             -0.144394            -0.0239774
                 0.024             -0.144561            -0.0315615
                  0.03             -0.144773            -0.0389414
                 0.036             -0.145028            -0.0461171
                 0.042             -0.145326            -0.0530887
                 0.048             -0.145665            -0.0598561
                 0.054             -0.146044            -0.0664193
                  0.06             -0.146461            -0.0727783
                 0.066             -0.146916            -0.0789332
                 0.072             -0.147408            -0.0848839
                 0.078             -0.147935            -0.0906304
                 0.084             -0.148495            -0.0961727
                  0.09             -0.149088             -0.101511
                 0.096             -0.149713             -0.106645
                 0.102             -0.150368             -0.111575
                 0.108             -0.151051               -0.1163
                 0.114             -0.151763             -0.120822
                  0.12             -0.152501             -0.125139
                 0.126             -0.153264             -0.129252
                 0.132             -0.154051             -0.133161
                 0.138             -0.154862             -0.136866
                 0.144             -0.155693             -0.140366
                  0.15             -0.156546             -0.143663
                 0.156             -0.157417             -0.146755
                 0.162             -0.158306             -0.149643
                 0.168             -0.159212             -0.152327
                 0.174             -0.160134             -0.154806
                  0.18              -0.16107             -0.157082
                 0.186             -0.162018             -0.159153
                 0.192             -0.162979              -0.16102
                 0.198              -0.16395             -0.162683
                 0.204             -0.164931             -0.164142
                  0.21              -0.16592             -0.165397
                 0.216             -0.166915             -0.166447
                 0.222             -0.167916             -0.167294
                 0.228             -0.168922             -0.167936
                 0.234             -0.169931             -0.168374
                  0.24             -0.170942             -0.168607
                 0.246             -0.171954             -0.168637
                 0.252             -0.172966             -0.168462
                 0.258             -0.173975             -0.168083
                 0.264             -0.174982               -0.1675
                  0.27             -0.175985             -0.166713
                 0.276             -0.176982             -0.165722
                 0.282             -0.177973             -0.164526
                 0.288             -0.178956             -0.163127
                 0.294              -0.17993             -0.161523
                   0.3             -0.180894             -0.159715
                 0.306             -0.181846             -0.157703
                 0.312             -0.182786             -0.155486
                 0.318             -0.183712             -0.153066
                 0.324             -0.184623             -0.150441
                  0.33             -0.185517             -0.147612
                 0.336             -0.186393             -0.144579
                 0.342             -0.187251             -0.141342
                 0.348             -0.188089               -0.1379
                 0.354             -0.188906             -0.134255
                  0.36               -0.1897             -0.130405
                 0.366              -0.19047             -0.126351
                 0.372             -0.191216             -0.122093
                 0.378             -0.191935              -0.11763
                 0.384             -0.192627             -0.112964
                  0.39              -0.19329             -0.108093
                 0.396             -0.193923             -0.103018
                 0.402             -0.194526            -0.0977393
                 0.408             -0.195096            -0.0922561
                 0.414             -0.195632            -0.0865687
                  0.42             -0.196134            -0.0806771
                 0.426               -0.1966            -0.0745814
                 0.432             -0.197029            -0.0682815
                 0.438             -0.197419            -0.0617774
                 0.444              -0.19777            -0.0550691
                  0.45              -0.19808            -0.0481566
                 0.456             -0.198347              -0.04104
                 0.462             -0.198572            -0.0337202
                 0.468             -0.198752            -0.0263863
                 0.474             -0.198889            -0.0191794
                  0.48             -0.198982            -0.0120995
                 0.486             -0.199034           -0.00514667
                 0.492             -0.199044            0.00167916
                 0.498             -0.199014            0.00837796
                 0.504             -0.198944             0.0149497
                  0.51             -0.198835             0.0213945
                 0.516             -0.198688             0.0277122
                 0.522             -0.198503              0.033903
                 0.528             -0.198281             0.0399667
                 0.534             -0.198023             0.0459033
                  0.54              -0.19773              0.051713
                 0.546             -0.197403             0.0573956
                 0.552             -0.197042             0.0629512
                 0.558             -0.196648             0.0683798
                 0.564             -0.196222             0.0736814
                  0.57             -0.195764              0.078856
                 0.576             -0.195276             0.0839035
                 0.582             -0.194757              0.088824
                 0.588              -0.19421             0.0936175
                 0.594             -0.193634              0.098284
                   0.6             -0.193031              0.102823
                 0.606             -0.192401              0.107236
                 0.612             -0.191744              0.111521
                 0.618             -0.191063               0.11568
                 0.624             -0.190356              0.119711
                  0.63             -0.189626              0.123615
                 0.636             -0.188873              0.127393
                 0.642             -0.188098              0.131043
                 0.648             -0.187301              0.134566
                 0.654             -0.186483              0.137963
                  0.66             -0.185646              0.141232
                 0.666             -0.184789              0.144374
                 0.672             -0.183913              0.147389
                 0.678              -0.18302              0.150277
                 0.684              -0.18211              0.153039
                  0.69             -0.181184              0.155673
                 0.696             -0.180243               0.15818
                 0.702             -0.179286               0.16056
                 0.708             -0.178316              0.162813
                 0.714             -0.177333              0.164939
                  0.72             -0.176337              0.166938
                 0.726              -0.17533               0.16881
                 0.732             -0.174312              0.170555
                 0.738             -0.173283              0.172173
                 0.744             -0.172246              0.173664
                  0.75               -0.1712              0.175028
                 0.756             -0.170146              0.176265
                 0.762             -0.169085              0.177375
                 0.768             -0.168017              0.178358
                 0.774             -0.166945              0.179213
                  0.78             -0.165867              0.179942
                 0.786             -0.164786              0.180544
                 0.792             -0.163701              0.181019
                 0.798             -0.162614              0.181367
                 0.804             -0.161525              0.181587
                  0.81             -0.160435              0.181681
                 0.816             -0.159345              0.181648
                 0.822             -0.158255              0.181487
                 0.828             -0.157167                0.1812
                 0.834             -0.156081              0.180786
                  0.84             -0.154998              0.180244
                 0.846             -0.153918              0.179576
                 0.852             -0.152843              0.178781
                 0.858             -0.151773              0.177858
                 0.864             -0.150709              0.176809
                  0.87             -0.149652              0.175632
                 0.876             -0.148602              0.174329
                 0.882              -0.14756              0.172898
                 0.888             -0.146527              0.171341
                 0.894             -0.145504              0.169656
                   0.9             -0.144492              0.167844
                 0.906             -0.143491              0.165906
                 0.912             -0.142501               0.16384
                 0.918             -0.141525              0.161647
                 0.924             -0.140562               0.15933
                  0.93             -0.139613              0.156981
                 0.936             -0.138678              0.154656
                 0.942             -0.137757              0.152354
                 0.948              -0.13685              0.150075
                 0.954             -0.135956              0.147819
                  0.96             -0.135076              0.145586
                 0.966             -0.134209              0.143377
                 0.972             -0.133355              0.141191
                 0.978             -0.132515              0.139027
                 0.984             -0.131687              0.136888
                  0.99             -0.130872              0.134771
                 0.996             -0.130069              0.132677
                 1.002              -0.12928              0.130607
                 1.008             -0.128502               0.12856
                 1.014             -0.127737              0.126536
                  1.02             -0.126984              0.124535
                 1.026             -0.126242              0.122557
                 1.032             -0.125513              0.120603
                 1.038             -0.124795              0.118671
                 1.044             -0.124089              0.116763
                  1.05             -0.123394              0.114878
                 1.056              -0.12271              0.113016
                 1.062             -0.122038              0.111178
                 1.068             -0.121376              0.109362
                 1.074             -0.120725               0.10757
                  1.08             -0.120085              0.105801
                 1.086             -0.119456              0.104055
                 1.092             -0.118837              0.102332
                 1.098             -0.118228              0.100632
                 1.104             -0.117629              0.098956
                  1.11              -0.11704             0.0973027
                 1.116             -0.116461             0.0956727
                 1.122             -0.115892             0.0940658
                 1.128             -0.115332              0.092482
                 1.134             -0.114782             0.0909215
                  1.14             -0.114241             0.0893841
                 1.146              -0.11371             0.0878699
                 1.152             -0.113187             0.0863789
                 1.158             -0.112673             0.0849111
                 1.164             -0.112168             0.0834664
                  1.17             -0.111671             0.0820449
                 1.176             -0.111183             0.0806466
                 1.182             -0.110703             0.0792715
                 1.188             -0.110232             0.0779195
                 1.194             -0.109768             0.0765907
                   1.2             -0.109313             0.0752851
                 1.206             -0.108865             0.0740026
                 1.212             -0.108425             0.0727434
                 1.218             -0.107992             0.0715073
                 1.224             -0.107567             0.0702943
                  1.23             -0.107148             0.0691046
                 1.236             -0.106737              0.067938
                 1.242             -0.106333             0.0667946
                 1.248             -0.105936             0.0656744
                 1.254             -0.105545             0.0645774
                  1.26             -0.105161             0.0635035
                 1.266             -0.104783             0.0624528
                 1.272             -0.104411             0.0614253
                 1.278             -0.104046             0.0604209
                 1.284             -0.103686             0.0594398
                  1.29             -0.103332             0.0584818
                 1.296             -0.102984              0.057547
                 1.302             -0.102642             0.0566353
                 1.308             -0.102305             0.0557468
                 1.314             -0.101973             0.0548815
                  1.32             -0.101646             0.0540394
                 1.326             -0.101324             0.0532205
                 1.332             -0.101007             0.0524247
                 1.338             -0.100695             0.0516521
                 1.344             -0.100387             0.0509027
                  1.35             -0.100084             0.0501764
                 1.356            -0.0997853             0.0494734
                 1.362            -0.0994905             0.0487935
                 1.368            -0.0991997             0.0481368
                 1.374            -0.0989128             0.0475032
                  1.38            -0.0986296             0.0468928
                 1.386              -0.09835             0.0463052
                 1.392            -0.0980739             0.0457284
                 1.398            -0.0978013             0.0451574
                 1.404             -0.097532             0.0445921
                  1.41            -0.0972662             0.0440325
                 1.416            -0.0970036             0.0434787
                 1.422            -0.0967444             0.0429306
                 1.428            -0.0964885             0.0423882
                 1.434            -0.0962357             0.0418516
                  1.44            -0.0959862             0.0413207
                 1.446            -0.0957399             0.0407955
                 1.452            -0.0954967             0.0402761
                 1.458            -0.0952565             0.0397624
                 1.464            -0.0950195             0.0392545
                  1.47            -0.0947855             0.0387522
                 1.476            -0.0945545             0.0382557
                 1.482            -0.0943264              0.037765
                 1.488            -0.0941013               0.03728
                 1.494             -0.093879             0.0368007
                   1.5            -0.0936597             0.0363271
                 1.506            -0.0934431             0.0358593
                 1.512            -0.0932293             0.0353972
                 1.518            -0.0930183             0.0349409
                 1.524              -0.09281             0.0344902
                  1.53            -0.0926044             0.0340454
                 1.536            -0.0924015             0.0336062
                 1.542            -0.0922011             0.0331728
                 1.548            -0.0920034             0.0327451
                 1.554            -0.0918082             0.0323232
                  1.56            -0.0916155              0.031907
                 1.566            -0.0914253             0.0314965
                 1.572            -0.0912375             0.0310917
                 1.578            -0.0910522             0.0306927
                 1.584            -0.0908692             0.0302994
                  1.59            -0.0906886             0.0299119
                 1.596            -0.0905102             0.0295301
                 1.602            -0.0903342              0.029154
                 1.608            -0.0901604             0.0287837
                 1.614            -0.0899888             0.0284191
                  1.62            -0.0898193             0.0280602
                 1.626            -0.0896521              0.027707
                 1.632            -0.0894869             0.0273596
                 1.638            -0.0893237              0.027018
                 1.644            -0.0891626              0.026682
                  1.65            -0.0890035             0.0263518
                 1.656            -0.0888464             0.0260274
                 1.662            -0.0886912             0.0257086
                 1.668            -0.0885379             0.0253956
                 1.674            -0.0883864             0.0250884
                  1.68            -0.0882368             0.0247868
                 1.686             -0.088089              0.024491
                 1.692            -0.0879429              0.024201
                 1.698            -0.0877986             0.0239166
                 1.704            -0.0876559              0.023638
                  1.71            -0.0875149             0.0233652
                 1.716            -0.0873755              0.023098
                 1.722            -0.0872377             0.0228366
                 1.728            -0.0871014              0.022581
                 1.734            -0.0869667             0.0223311
                  1.74            -0.0868335             0.0220869
                 1.746            -0.0867017             0.0218484
                 1.752            -0.0865713             0.0216157
                 1.758            -0.0864423             0.0213887
                 1.764            -0.0863146             0.0211674
                  1.77            -0.0861882             0.0209519
                 1.776            -0.0860632             0.0207421
                 1.782            -0.0859393             0.0205381
                 1.788            -0.0858167             0.0203397
                 1.794            -0.0856952             0.0201472
                   1.8            -0.0855749             0.0199603
                 1.806            -0.0854557             0.0197792
                 1.812            -0.0853376             0.0196038
                 1.818            -0.0852204             0.0194341
                 1.824            -0.0851043             0.0192702
                  1.83            -0.0849892             0.0191121
                 1.836             -0.084875             0.0189596
                 1.842            -0.0847617             0.0188129
                 1.848            -0.0846492             0.0186717
                 1.854            -0.0845376              0.018533
                  1.86            -0.0844268             0.0183958
                 1.866            -0.0843168             0.0182601
                 1.872            -0.0842077             0.0181258
                 1.878            -0.0840993             0.0179931
                 1.884            -0.0839918             0.0178618
                  1.89             -0.083885             0.0177319
                 1.896             -0.083779             0.0176036
                 1.902            -0.0836737             0.0174767
                 1.908            -0.0835693             0.0173514
                 1.914            -0.0834655             0.0172275
                  1.92            -0.0833625              0.017105
                 1.926            -0.0832603             0.0169841
                 1.932            -0.0831587             0.0168646
                 1.938            -0.0830579             0.0167466
                 1.944            -0.0829578             0.0166301
                  1.95            -0.0828583              0.016515
                 1.956            -0.0827596             0.0164015
                 1.962            -0.0826615             0.0162894
                 1.968            -0.0825641             0.0161788
                 1.974            -0.0824673             0.0160696
                  1.98            -0.0823713              0.015962
                 1.986            -0.0822758             0.0158558
                 1.992             -0.082181             0.0157511
                 1.998            -0.0820868             0.0156479
                 2.004            -0.0819932             0.0155462
                  2.01            -0.0819002             0.0154459
                 2.016            -0.0818078             0.0153471
                 2.022            -0.0817161             0.0152498
                 2.028            -0.0816248              0.015154
                 2.034            -0.0815342             0.0150596
                  2.04            -0.0814441             0.0149667
                 2.046            -0.0813546             0.0148753
                 2.052            -0.0812656             0.0147854
                 2.058            -0.0811772              0.014697
                 2.064            -0.0810893               0.01461
                  2.07            -0.0810019             0.0145245
                 2.076             -0.080915             0.0144405
                 2.082            -0.0808286              0.014358
                 2.088            -0.0807427             0.0142769
                 2.094            -0.0806572             0.0141973
                   2.1            -0.0805723             0.0141192
                 2.106            -0.0804878             0.0140426
                 2.112            -0.0804038             0.0139675
                 2.118            -0.0803202             0.0138938
                 2.124             -0.080237             0.0138216
                  2.13            -0.0801543             0.0137509
                 2.136             -0.080072             0.0136817
                 2.142            -0.0799901             0.0136139
                 2.148            -0.0799087             0.0135476
                 2.154            -0.0798276             0.0134828
                  2.16            -0.0797469             0.0134195
                 2.166            -0.0796665             0.0133577
                 2.172            -0.0795866             0.0132973
                 2.178             -0.079507             0.0132384
                 2.184            -0.0794277              0.013181
                  2.19            -0.0793488              0.013125
                 2.196            -0.0792702             0.0130706
                 2.202            -0.0791919             0.0130176
                 2.208             -0.079114             0.0129661
                 2.214            -0.0790363             0.0129161
                  2.22             -0.078959             0.0128675
                 2.226            -0.0788819             0.0128205
                 2.232            -0.0788051             0.0127749
                 2.238            -0.0787286             0.0127308
                 2.244            -0.0786524             0.0126881
                  2.25            -0.0785764              0.012647
                 2.256            -0.0785006             0.0126073
                 2.262            -0.0784251             0.0125691
                 2.268            -0.0783498             0.0125323
                 2.274            -0.0782747             0.0124971
                  2.28            -0.0781998             0.0124633
                 2.286            -0.0781251              0.012431
                 2.292            -0.0780506             0.0124002
                 2.298            -0.0779763             0.0123709
                 2.304            -0.0779022              0.012343
                  2.31            -0.0778282             0.0123167
                 2.316            -0.0777544             0.0122922
                 2.322            -0.0776807             0.0122698
                 2.328            -0.0776071             0.0122493
                 2.334            -0.0775337             0.0122309
                  2.34            -0.0774604             0.0122144
                 2.346            -0.0773871             0.0121999
                 2.352             -0.077314             0.0121874
                 2.358            -0.0772409             0.0121769
                 2.364            -0.0771678             0.0121684
                  2.37            -0.0770948             0.0121619
                 2.376            -0.0770219             0.0121574
                 2.382            -0.0769489             0.0121549
                 2.388             -0.076876             0.0121544
                 2.394            -0.0768031             0.0121559
                   2.4            -0.0767301             0.0121593
                 2.406            -0.0766572             0.0121648
                 2.412            -0.0765842             0.0121722
                 2.418            -0.0765111             0.0121817
                 2.424             -0.076438             0.0121931
                  2.43            -0.0763648             0.0122066
                 2.436            -0.0762915              0.012222
                 2.442            -0.0762181             0.0122394
                 2.448            -0.0761446             0.0122589
                 2.454             -0.076071             0.0122803
                  2.46            -0.0759973             0.0123037
                 2.466            -0.0759234             0.0123291
                 2.472            -0.0758493             0.0123565
                 2.478            -0.0757751             0.0123859
                 2.484            -0.0757007             0.0124173
                  2.49            -0.0756261             0.0124506
                 2.496            -0.0755513              0.012486
                 2.502            -0.0754762             0.0125234
                 2.508             -0.075401             0.0125627
                 2.514            -0.0753255             0.0126041
                  2.52            -0.0752497             0.0126474
                 2.526            -0.0751737             0.0126928
                 2.532            -0.0750974             0.0127401
                 2.538            -0.0750208             0.0127894
                 2.544            -0.0749439             0.0128408
                  2.55            -0.0748667             0.0128941
                 2.556            -0.0747892             0.0129494
                 2.562            -0.0747113             0.0130067
                 2.568            -0.0746331              0.013066
                 2.574            -0.0745545             0.0131273
                  2.58            -0.0744756             0.0131906
                 2.586            -0.0743962             0.0132559
                 2.592            -0.0743165             0.0133231
                 2.598            -0.0742364             0.0133924
                 2.604            -0.0741558             0.0134637
                  2.61            -0.0740748             0.0135369
                 2.616            -0.0739933             0.0136122
                 2.622            -0.0739114             0.0136894
                 2.628            -0.0738291             0.0137687
                 2.634            -0.0737462             0.0138499
                  2.64            -0.0736629             0.0139331
                 2.646             -0.073579             0.0140184
                 2.652            -0.0734946             0.0141056
                 2.658            -0.0734097             0.0141948
                 2.664            -0.0733243              0.014286
                  2.67            -0.0732383             0.0143792
                 2.676            -0.0731517             0.0144744
                 2.682            -0.0730646             0.0145716
                 2.688            -0.0729769             0.0146708
                 2.694            -0.0728885             0.0147719
                   2.7            -0.0727996             0.0148751
                 2.706              -0.07271             0.0149803
                 2.712            -0.0726198             0.0150874
                 2.718             -0.072529             0.0151966
                 2.724            -0.0724375             0.0153077
                  2.73            -0.0723453             0.0154209
                 2.736            -0.0722524              0.015536
                 2.742            -0.0721589             0.0156531
                 2.748            -0.0720646             0.0157722
                 2.754            -0.0719696             0.0158934
                  2.76            -0.0718739             0.0160165
                 2.766            -0.0717774             0.0161416
                 2.772            -0.0716802             0.0162684
                 2.778            -0.0715822             0.0163947
                 2.784            -0.0714834             0.0165203
                  2.79            -0.0713839              0.016645
                 2.796            -0.0712837             0.0167688
                 2.802            -0.0711827             0.0168918
                 2.808             -0.071081              0.017014
                 2.814            -0.0709785             0.0171353
                  2.82            -0.0708754             0.0172558
                 2.826            -0.0707715             0.0173755
                 2.832            -0.0706669             0.0174943
                 2.838            -0.0705615             0.0176123
                 2.844            -0.0704555             0.0177295
                  2.85            -0.0703488             0.0178458
                 2.856            -0.0702414             0.0179613
                 2.862            -0.0701332             0.0180759
                 2.868            -0.0700245             0.0181897
                 2.874             -0.069915             0.0183027
                  2.88            -0.0698048             0.0184148
                 2.886             -0.069694             0.0185261
                 2.892            -0.0695825             0.0186365
                 2.898            -0.0694704             0.0187461
                 2.904            -0.0693576             0.0188549
                  2.91            -0.0692441             0.0189628
                 2.916              -0.06913             0.0190699
                 2.922            -0.0690153             0.0191762
                 2.928            -0.0688999             0.0192816
                 2.934            -0.0687839             0.0193862
                  2.94            -0.0686673             0.0194899
                 2.946              -0.06855             0.0195928
                 2.952            -0.0684321             0.0196949
                 2.958            -0.0683137             0.0197961
                 2.964            -0.0681946             0.0198965
                  2.97            -0.0680749             0.0199961
                 2.976            -0.0679546             0.0200948
                 2.982            -0.0678338             0.0201927
                 2.988            -0.0677123             0.0202897
                 2.994            -0.0675903             0.0203859
                     3            -0.0674677             0.0204813
                 3.006            -0.0673445             0.0205758
                 3.012            -0.0672208             0.0206695
                 3.018            -0.0670965             0.0207624
                 3.024            -0.0669716             0.0208544
                  3.03            -0.0668462             0.0209456
                 3.036            -0.0667203             0.0210359
                 3.042            -0.0665938             0.0211254
                 3.048            -0.0664668             0.0212141
                 3.054            -0.0663393             0.0213019
                  3.06            -0.0662112             0.0213889
                 3.066            -0.0660826              0.021475
                 3.072            -0.0659535             0.0215603
                 3.078            -0.0658239             0.0216448
                 3.084            -0.0656937             0.0217284
                  3.09            -0.0655631             0.0218112
                 3.096             -0.065432             0.0218932
                 3.102            -0.0653004             0.0219743
                 3.108            -0.0651683             0.0220546
                 3.114            -0.0650358              0.022134
                  3.12            -0.0649027             0.0222126
                 3.126            -0.0647692             0.0222904
                 3.132            -0.0646352             0.0223673
                 3.138            -0.0645008             0.0224434
                 3.144            -0.0643659             0.0225187
                  3.15            -0.0642306             0.0225931
                 3.156            -0.0640948             0.0226667
                 3.162            -0.0639586             0.0227394
                 3.168            -0.0638219             0.0228113
                 3.174            -0.0636848             0.0228824
                  3.18            -0.0635473             0.0229526
                 3.186            -0.0634094              0.023022
                 3.192            -0.0632711             0.0230906
                 3.198            -0.0631323             0.0231583
                 3.204            -0.0629932             0.0232251
                  3.21            -0.0628536             0.0232912
                 3.216            -0.0627137             0.0233564
                 3.222            -0.0625734             0.0234207
                 3.228            -0.0624326             0.0234843
                 3.234            -0.0622915             0.0235468
                  3.24            -0.0621501             0.0236077
                 3.246            -0.0620083             0.0236669
                 3.252            -0.0618661             0.0237243
                 3.258            -0.0617236             0.0237799
                 3.264            -0.0615807             0.0238339
                  3.27            -0.0614376              0.023886
                 3.276            -0.0612941             0.0239364
                 3.282            -0.0611503             0.0239851
                 3.288            -0.0610063              0.024032
                 3.294             -0.060862             0.0240772
                   3.3            -0.0607174             0.0241206
                 3.306            -0.0605725             0.0241623
                 3.312            -0.0604274             0.0242022
                 3.318            -0.0602821             0.0242404
                 3.324            -0.0601365             0.0242768
                  3.33            -0.0599908             0.0243115
                 3.336            -0.0598448             0.0243444
                 3.342            -0.0596986             0.0243756
                 3.348            -0.0595523              0.024405
                 3.354            -0.0594058             0.0244327
                  3.36            -0.0592591             0.0244586
                 3.366            -0.0591123             0.0244828
                 3.372            -0.0589653             0.0245052
                 3.378            -0.0588182             0.0245259
                 3.384             -0.058671             0.0245449
                  3.39            -0.0585237             0.0245621
                 3.396            -0.0583763             0.0245775
                 3.402            -0.0582288             0.0245912
                 3.408            -0.0580812             0.0246032
                 3.414            -0.0579335             0.0246134
                  3.42            -0.0577858             0.0246218
                 3.426            -0.0576381             0.0246285
                 3.432            -0.0574903             0.0246335
                 3.438            -0.0573425             0.0246367
                 3.444            -0.0571946             0.0246381
                  3.45            -0.0570468             0.0246379
                 3.456             -0.056899             0.0246358
                 3.462            -0.0567512              0.024632
                 3.468            -0.0566034             0.0246265
                 3.474            -0.0564557             0.0246192
                  3.48             -0.056308             0.0246102
                 3.486            -0.0561604             0.0245994
                 3.492            -0.0560128             0.0245869
                 3.498            -0.0558653             0.0245726
                 3.504            -0.0557179             0.0245566
                  3.51            -0.0555706             0.0245388
                 3.516            -0.0554235             0.0245193
                 3.522            -0.0552764              0.024498
                 3.528            -0.0551295              0.024475
                 3.534            -0.0549827             0.0244502
                  3.54            -0.0548361             0.0244237
                 3.546            -0.0546896             0.0243954
                 3.552            -0.0545434             0.0243654
                 3.558            -0.0543973             0.0243337
                 3.564            -0.0542514             0.0243002
                  3.57            -0.0541057             0.0242649
                 3.576            -0.0539602             0.0242279
                 3.582            -0.0538149             0.0241891
                 3.588            -0.0536699             0.0241486
                 3.594            -0.0535251             0.0241064
                   3.6            -0.0533806             0.0240624
                 3.606            -0.0532364             0.0240166
                 3.612            -0.0530924             0.0239692
                 3.618            -0.0529488             0.0239199
                 3.624            -0.0528054             0.0238689
                  3.63            -0.0526623             0.0238162
                 3.636            -0.0525196             0.0237617
                 3.642            -0.0523772             0.0237055
                 3.648            -0.0522352             0.0236475
                 3.654            -0.0520934             0.0235877
                  3.66            -0.0519521             0.0235263
                 3.666            -0.0518111              0.023463
                 3.672            -0.0516706              0.023398
                 3.678            -0.0515304             0.0233313
                 3.684            -0.0513906             0.0232628
                  3.69            -0.0512512             0.0231926
                 3.696            -0.0511123             0.0231214
                 3.702            -0.0509738             0.0230521
                 3.708            -0.0508356             0.0229851
                 3.714            -0.0506979             0.0229203
                  3.72            -0.0505606             0.0228578
                 3.726            -0.0504236             0.0227975
                 3.732             -0.050287             0.0227394
                 3.738            -0.0501507             0.0226836
                 3.744            -0.0500148               0.02263
                  3.75            -0.0498792             0.0225787
                 3.756            -0.0497439             0.0225296
                 3.762            -0.0496088             0.0224827
                 3.768            -0.0494741             0.0224381
                 3.774            -0.0493396             0.0223957
                  3.78            -0.0492053             0.0223556
                 3.786            -0.0490713             0.0223177
                 3.792            -0.0489375             0.0222821
                 3.798            -0.0488039             0.0222487
                 3.804            -0.0486705             0.0222175
                  3.81            -0.0485373             0.0221886
                 3.816            -0.0484042             0.0221619
                 3.822            -0.0482713             0.0221375
                 3.828            -0.0481386             0.0221153
                 3.834             -0.048006             0.0220953
                  3.84            -0.0478734             0.0220776
                 3.846             -0.047741             0.0220621
                 3.852            -0.0476087             0.0220489
                 3.858            -0.0474764             0.0220379
                 3.864            -0.0473442             0.0220292
                  3.87            -0.0472121             0.0220227
                 3.876            -0.0470799             0.0220184
                 3.882            -0.0469478             0.0220164
                 3.888            -0.0468157             0.0220166
                 3.894            -0.0466836             0.0220191
                   3.9            -0.0465515             0.0220238
                 3.906            -0.0464194             0.0220307
                 3.912            -0.0462871             0.0220399
                 3.918            -0.0461549             0.0220513
                 3.924            -0.0460225              0.022065
                  3.93            -0.0458901             0.0220809
                 3.936            -0.0457575             0.0220991
                 3.942            -0.0456249             0.0221195
                 3.948            -0.0454921             0.0221421
                 3.954            -0.0453592              0.022167
                  3.96            -0.0452261             0.0221941
                 3.966            -0.0450928             0.0222235
                 3.972            -0.0449594             0.0222551
                 3.978            -0.0448258             0.0222889
                 3.984            -0.0446919              0.022325
                  3.99            -0.0445579             0.0223633
                 3.996            -0.0444236             0.0224039
                 4.002             -0.044289             0.0224467
                 4.008            -0.0441542             0.0224918
                 4.014            -0.0440191             0.0225391
                  4.02            -0.0438837             0.0225886
                 4.026            -0.0437481             0.0226404
                 4.032            -0.0436121             0.0226944
                 4.038            -0.0434757             0.0227507
                 4.044             -0.043339             0.0228092
                  4.05             -0.043202             0.0228699
                 4.056            -0.0430646             0.0229329
                 4.062            -0.0429268             0.0229981
                 4.068            -0.0427886             0.0230656
                 4.074              -0.04265             0.0231353
                  4.08             -0.042511             0.0232072
                 4.086            -0.0423715             0.0232814
                 4.092            -0.0422316             0.0233579
                 4.098            -0.0420912             0.0234366
                 4.104            -0.0419504             0.0235175
                  4.11             -0.041809             0.0236006
                 4.116            -0.0416671              0.023686
                 4.122            -0.0415248             0.0237737
                 4.128            -0.0413819             0.0238636
                 4.134            -0.0412384             0.0239557
                  4.14            -0.0410944             0.0240501
                 4.146            -0.0409498             0.0241467
                 4.152            -0.0408046             0.0242455
                 4.158            -0.0406588              0.024346
                 4.164            -0.0405125             0.0244464
                  4.17            -0.0403655             0.0245466
                 4.176            -0.0402179             0.0246465
                 4.182            -0.0400697             0.0247463
                 4.188             -0.039921             0.0248457
                 4.194            -0.0397716              0.024945
                   4.2            -0.0396216              0.025044
                 4.206            -0.0394711             0.0251429
                 4.212            -0.0393199             0.0252414
                 4.218            -0.0391682             0.0253398
                 4.224            -0.0390158             0.0254379
                  4.23            -0.0388629             0.0255358
                 4.236            -0.0387094             0.0256335
                 4.242            -0.0385553              0.025731
                 4.248            -0.0384006             0.0258282
                 4.254            -0.0382454             0.0259252
                  4.26            -0.0380895              0.026022
                 4.266            -0.0379331             0.0261185
                 4.272            -0.0377761             0.0262149
                 4.278            -0.0376185              0.026311
                 4.284            -0.0374604             0.0264068
                  4.29            -0.0373016             0.0265025
                 4.296            -0.0371423             0.0265979
                 4.302            -0.0369825             0.0266931
                 4.308             -0.036822             0.0267881
                 4.314             -0.036661             0.0268828
                  4.32            -0.0364994             0.0269773
                 4.326            -0.0363373             0.0270716
                 4.332            -0.0361746             0.0271657
                 4.338            -0.0360113             0.0272595
                 4.344            -0.0358475             0.0273531
                  4.35            -0.0356831             0.0274465
                 4.356            -0.0355181             0.0275397
                 4.362            -0.0353526             0.0276326
                 4.368            -0.0351865             0.0277253
                 4.374            -0.0350199             0.0278178
                  4.38            -0.0348527               0.02791
                 4.386             -0.034685             0.0280021
                 4.392            -0.0345167             0.0280939
                 4.398            -0.0343478             0.0281855
                 4.404            -0.0341784             0.0282768
                  4.41            -0.0340085             0.0283679
                 4.416             -0.033838             0.0284588
                 4.422             -0.033667             0.0285495
                 4.428            -0.0334954               0.02864
                 4.434            -0.0333233             0.0287302
                  4.44            -0.0331507             0.0288202
                 4.446            -0.0329775             0.0289099
                 4.452            -0.0328038             0.0289995
                 4.458            -0.0326295             0.0290888
                 4.464            -0.0324547             0.0291779
                  4.47            -0.0322794             0.0292668
                 4.476            -0.0321035             0.0293554
                 4.482            -0.0319271             0.0294438
                 4.488            -0.0317502              0.029532
                 4.494            -0.0315727               0.02962
                   4.5            -0.0313947             0.0297077
                 4.506            -0.0312162             0.0297952
                 4.512            -0.0310372             0.0298825
                 4.518            -0.0308576             0.0299695
                 4.524            -0.0306776             0.0300564
                  4.53             -0.030497              0.030143
                 4.536            -0.0303158             0.0302293
                 4.542            -0.0301342             0.0303155
                 4.548            -0.0299521             0.0304014
                 4.554            -0.0297694             0.0304871
                  4.56            -0.0295862             0.0305726
                 4.566            -0.0294025             0.0306578
                 4.572            -0.0292183             0.0307429
                 4.578            -0.0290336             0.0308277
                 4.584            -0.0288484             0.0309122
                  4.59            -0.0286627             0.0309966
                 4.596            -0.0284764             0.0310807
                 4.602            -0.0282897             0.0311646
                 4.608            -0.0281025             0.0312482
                 4.614            -0.0279147             0.0313317
                  4.62            -0.0277265             0.0314143
                 4.626            -0.0275377             0.0314945
                 4.632            -0.0273485             0.0315724
                 4.638            -0.0271589             0.0316479
                 4.644            -0.0269688              0.031721
                  4.65            -0.0267782             0.0317918
                 4.656            -0.0265873             0.0318602
                 4.662            -0.0263959             0.0319262
                 4.668            -0.0262042             0.0319898
                 4.674             -0.026012             0.0320511
                  4.68            -0.0258196             0.0321099
                 4.686            -0.0256267             0.0321664
                 4.692            -0.0254336             0.0322206
                 4.698            -0.0252401             0.0322723
                 4.704            -0.0250463             0.0323217
                  4.71            -0.0248522             0.0323687
                 4.716            -0.0246579             0.0324133
                 4.722            -0.0244633             0.0324556
                 4.728            -0.0242684             0.0324954
                 4.734            -0.0240733             0.0325329
                  4.74             -0.023878              0.032568
                 4.746            -0.0236825             0.0326008
                 4.752            -0.0234868             0.0326312
                 4.758             -0.023291             0.0326592
                 4.764            -0.0230949             0.0326848
                  4.77            -0.0228987              0.032708
                 4.776            -0.0227024             0.0327289
                 4.782             -0.022506             0.0327474
                 4.788            -0.0223095             0.0327635
                 4.794            -0.0221128             0.0327772
                   4.8            -0.0219161             0.0327886
                 4.806            -0.0217194             0.0327976
                 4.812            -0.0215226             0.0328042
                 4.818            -0.0213257             0.0328084
                 4.824            -0.0211289             0.0328103
                  4.83             -0.020932             0.0328097
                 4.836            -0.0207352             0.0328069
                 4.842            -0.0205383             0.0328016
                 4.848            -0.0203416             0.0327939
                 4.854            -0.0201448             0.0327839
                  4.86            -0.0199482             0.0327715
                 4.866            -0.0197516             0.0327568
                 4.872            -0.0195551             0.0327396
                 4.878            -0.0193587             0.0327201
                 4.884            -0.0191624             0.0326982
                  4.89            -0.0189663             0.0326739
                 4.896            -0.0187704             0.0326473
                 4.902            -0.0185746             0.0326182
                 4.908            -0.0183789             0.0325868
                 4.914            -0.0181835              0.032553
                  4.92            -0.0179883             0.0325169
                 4.926            -0.0177933             0.0324784
                 4.932            -0.0175986             0.0324375
                 4.938            -0.0174041             0.0323942
                 4.944            -0.0172099             0.0323485
                  4.95            -0.0170159             0.0323005
                 4.956            -0.0168222             0.0322501
                 4.962            -0.0166289             0.0321973
                 4.968            -0.0164359             0.0321421
                 4.974            -0.0162432             0.0320846
                  4.98            -0.0160509             0.0320247
                 4.986            -0.0158589             0.0319624
                 4.992            -0.0156673             0.0318977
                 4.998            -0.0154761             0.0318307
                 5.004            -0.0152854             0.0317613
                  5.01             -0.015095             0.0316895
                 5.016            -0.0149051             0.0316153
                 5.022            -0.0147156             0.0315388
                 5.028            -0.0145266             0.0314599
                 5.034            -0.0143381             0.0313786
                  5.04            -0.0141501             0.0312949
                 5.046            -0.0139626             0.0312089
                 5.052            -0.0137756             0.0311204
                 5.058            -0.0135891             0.0310297
                 5.064            -0.0134032             0.0309365
                  5.07            -0.0132179             0.0308409
                 5.076            -0.0130332              0.030743
                 5.082             -0.012849             0.0306424
                 5.088            -0.0126655             0.0305385
                 5.094            -0.0124825             0.0304314
                   5.1            -0.0123003             0.0303211
                 5.106            -0.0121187             0.0302075
                 5.112            -0.0119378             0.0300906
                 5.118            -0.0117576             0.0299705
                 5.124            -0.0115782             0.0298471
                  5.13            -0.0113995             0.0297205
                 5.136            -0.0112215             0.0295906
                 5.142            -0.0110444             0.0294574
                 5.148             -0.010868             0.0293211
                 5.154            -0.0106925             0.0291814
                  5.16            -0.0105179             0.0290385
                 5.166            -0.0103441             0.0288924
                 5.172            -0.0101712              0.028743
                 5.178           -0.00999917             0.0285903
                 5.184            -0.0098281             0.0284344
                  5.19           -0.00965796             0.0282752
                 5.196            -0.0094888             0.0281128
                 5.202           -0.00932062             0.0279472
                 5.208           -0.00915344             0.0277782
                 5.214           -0.00898728             0.0276061
                  5.22           -0.00882217             0.0274306
                 5.226           -0.00865812              0.027252
                 5.232           -0.00849516               0.02707
                 5.238           -0.00833329             0.0268849
                 5.244           -0.00817254             0.0266964
                  5.25           -0.00801294             0.0265047
                 5.256           -0.00785449             0.0263098
                 5.262           -0.00769723             0.0261116
                 5.268           -0.00754116             0.0259101
                 5.274           -0.00738631             0.0257054
                  5.28            -0.0072327             0.0254975
                 5.286           -0.00708035             0.0252862
                 5.292           -0.00692927             0.0250718
                 5.298            -0.0067795             0.0248541
                 5.304           -0.00663103             0.0246331
                  5.31            -0.0064839             0.0244089
                 5.316           -0.00633813             0.0241814
                 5.322           -0.00619373             0.0239507
                 5.328           -0.00605073             0.0237167
                 5.334           -0.00590914             0.0234794
                  5.34           -0.00576898              0.023239
                 5.346           -0.00563028             0.0229952
                 5.352           -0.00549305             0.0227482
                 5.358           -0.00535731              0.022498
                 5.364           -0.00522308             0.0222445
                  5.37           -0.00509038             0.0219877
                 5.376           -0.00495923             0.0217277
                 5.382           -0.00482965             0.0214644
                 5.388           -0.00470167             0.0211979
                 5.394           -0.00457529             0.0209281
                   5.4           -0.00445053             0.0206551
                 5.406           -0.00432743             0.0203789
                 5.412             -0.004206             0.0200993
                 5.418           -0.00408625             0.0198165
                 5.424            -0.0039682             0.0195305
                  5.43           -0.00385189             0.0192412
                 5.436           -0.00373731             0.0189487
                 5.442           -0.00362451             0.0186529
                 5.448           -0.00351349             0.0183538
                 5.454           -0.00340427             0.0180515
                  5.46           -0.00329687              0.017746
                 5.466           -0.00319132             0.0174372
                 5.472           -0.00308764             0.0171251
                 5.478           -0.00298583             0.0168098
                 5.484           -0.00288592             0.0164912
                  5.49           -0.00278794             0.0161694
                 5.496            -0.0026919             0.0158443
                 5.502           -0.00259781              0.015516
                 5.508           -0.00250571             0.0151844
                 5.514           -0.00241561             0.0148496
                  5.52           -0.00232752             0.0145115
                 5.526           -0.00224148             0.0141702
                 5.532           -0.00215749             0.0138256
                 5.538           -0.00207558             0.0134777
                 5.544           -0.00199576               0.01313
                  5.55           -0.00191801             0.0127867
                 5.556           -0.00184231              0.012448
                 5.562           -0.00176862             0.0121138
                 5.568           -0.00169693             0.0117842
                 5.574            -0.0016272             0.0114592
                  5.58           -0.00155941             0.0111386
                 5.586           -0.00149353             0.0108227
                 5.592           -0.00142953             0.0105112
                 5.598           -0.00136739             0.0102044
                 5.604           -0.00130707            0.00990203
                  5.61           -0.00124855            0.00960424
                 5.616           -0.00119181              0.009311
                 5.622           -0.00113681            0.00902231
                 5.628           -0.00108353            0.00873816
                 5.634           -0.00103194            0.00845855
                  5.64           -0.00098202             0.0081835
                 5.646          -0.000933733            0.00791299
                 5.652          -0.000887055            0.00764702
                 5.658          -0.000841959            0.00738561
                 5.664          -0.000798418            0.00712874
                  5.67          -0.000756405            0.00687641
                 5.676          -0.000715892            0.00662863
                 5.682          -0.000676853             0.0063854
                 5.688          -0.000639258            0.00614672
                 5.694          -0.000603083            0.00591258
                   5.7          -0.000568298            0.00568298
                 5.706          -0.000534878            0.00545794
                 5.712          -0.000502794            0.00523744
                 5.718           -0.00047202            0.00502149
                 5.724          -0.000442527            0.00481008
                  5.73           -0.00041429            0.00460322
                 5.736          -0.000387279             0.0044009
                 5.742           -0.00036147            0.00420314
                 5.748          -0.000336833            0.00400991
                 5.754          -0.000313342            0.00382124
                  5.76          -0.000290969            0.00363711
                 5.766          -0.000269687            0.00345753
                 5.772          -0.000249469            0.00328249
                 5.778          -0.000230288              0.003112
                 5.784          -0.000212116            0.00294606
                  5.79          -0.000194926            0.00278466
                 5.796          -0.000178691            0.00262781
                 5.802          -0.000163384            0.00247551
                 5.808          -0.000148976            0.00232775
                 5.814          -0.000135441            0.00218454
                  5.82          -0.000122752            0.00204587
                 5.826          -0.000110882            0.00191176
                 5.832          -9.98023e-05            0.00178218
                 5.838          -8.94865e-05            0.00165716
                 5.844          -7.99073e-05            0.00153668
                  5.85          -7.10373e-05            0.00142075
                 5.856          -6.28493e-05            0.00130936
                 5.862          -5.53159e-05            0.00120252
                 5.868          -4.84099e-05            0.00110023
                 5.874          -4.21041e-05            0.00100248
                  5.88          -3.63711e-05           0.000909278
                 5.886          -3.11837e-05           0.000820623
                 5.892          -2.65145e-05           0.000736515
                 5.898          -2.23364e-05           0.000656953
                 5.904           -1.8622e-05           0.000581938
                  5.91          -1.53441e-05           0.000511469
                 5.916          -1.24753e-05           0.000445546
                 5.922          -9.98841e-06            0.00038417
                 5.928          -7.85616e-06            0.00032734
                 5.934          -6.05124e-06           0.000275056
                  5.94          -4.54639e-06           0.000227319
                 5.946          -3.31432e-06           0.000184129
                 5.952          -2.32775e-06           0.000145484
                 5.958          -1.55941e-06           0.000111386
                 5.964           -9.8202e-07            8.1835e-05
                  5.97          -5.68298e-07           5.68298e-05
                 5.976          -2.90969e-07           3.63711e-05
                 5.982          -1.22752e-07           2.04587e-05
                 5.988          -3.63711e-08           9.09278e-06
                 5.994          -4.54639e-09           2.27319e-06
