#   index    LocalEnergy         LocalEnergy_sq      LocalPotential      Kinetic             ElecElec            IonIon              LocalECP            NonLocalECP         BlockWeight         BlockCPU            AcceptRatio         
         0   -7.9669423371e-01    6.4083315930e-01   -1.6042809628e+00    8.0758672905e-01    3.9607971141e-01    3.3179334769e-01   -2.3431983612e+00    1.1044339335e-02    2.0000000000e+01    1.4648124989e-04    9.1666666667e-01
         1   -7.7492876194e-01    6.0674195696e-01   -1.3033666380e+00    5.2843787605e-01    3.7041382038e-01    3.3179334769e-01   -2.0320605925e+00    2.6486786446e-02    2.0000000000e+01    1.5290349984e-04    9.4166666667e-01
         2   -7.7731790206e-01    6.0952811503e-01   -1.4510041546e+00    6.7368625256e-01    3.3752430790e-01    3.3179334769e-01   -2.1351112033e+00    1.4789393115e-02    2.0000000000e+01    1.4074449973e-04    9.6666666667e-01
         3   -8.3062705813e-01    7.1116813217e-01   -1.9744716899e+00    1.1438446318e+00    3.5762586922e-01    3.3179334769e-01   -2.6755982735e+00    1.1707366738e-02    2.0000000000e+01    1.4092174979e-04    8.6666666667e-01
         4   -7.6255183349e-01    5.8485407265e-01   -2.3605568495e+00    1.5980050160e+00    3.7431772169e-01    3.3179334769e-01   -3.0722753268e+00    5.6074079442e-03    2.0000000000e+01    1.5285399968e-04    8.9166666667e-01
         5   -8.1240867827e-01    6.7050911519e-01   -1.4951067002e+00    6.8269802193e-01    4.2185706390e-01    3.3179334769e-01   -2.2578307858e+00    9.0736739684e-03    2.0000000000e+01    1.5028349935e-04    9.0833333333e-01
         6   -7.9246699018e-01    6.3313903490e-01   -1.0424193209e+00    2.4995233068e-01    4.0589709358e-01    3.3179334769e-01   -1.7835319067e+00    3.4221445262e-03    2.0000000000e+01    1.2812049999e-04    9.5000000000e-01
         7   -7.8881607664e-01    6.2723621555e-01   -1.2164959955e+00    4.2767991887e-01    4.1049142402e-01    3.3179334769e-01   -1.9593053194e+00    5.2455216550e-04    2.0000000000e+01    1.4210849940e-04    9.4166666667e-01
         8   -7.7181031439e-01    6.0175833572e-01   -1.7230114743e+00    9.5120115990e-01    4.5656186901e-01    3.3179334769e-01   -2.5132929143e+00    1.9262232704e-03    2.0000000000e+01    1.4772700024e-04    9.3333333333e-01
         9   -7.8445247362e-01    6.2322828484e-01   -1.6340374102e+00    8.4958493653e-01    5.0327498165e-01    3.3179334769e-01   -2.5004975468e+00    3.1391807299e-02    2.0000000000e+01    1.5118950023e-04    8.8333333333e-01
        10   -8.0524726320e-01    6.5067682199e-01   -1.3409930177e+00    5.3574575452e-01    3.3463570105e-01    3.3179334769e-01   -2.0276206041e+00    2.0198537662e-02    2.0000000000e+01    1.3790575031e-04    9.2500000000e-01
        11   -8.0565187203e-01    6.5588244156e-01   -1.8481216919e+00    1.0424698199e+00    4.4971736805e-01    3.3179334769e-01   -2.6386810299e+00    9.0486222344e-03    2.0000000000e+01    1.7086775006e-04    8.9166666667e-01
        12   -7.7479352519e-01    6.0621367816e-01   -1.4375118483e+00    6.6271832307e-01    4.6634968980e-01    3.3179334769e-01   -2.2589430242e+00    2.3288138490e-02    2.0000000000e+01    1.8453775010e-04    9.7500000000e-01
        13   -7.2319522113e-01    5.3187703725e-01   -1.4747345758e+00    7.5153935468e-01    4.4202184832e-01    3.3179334769e-01   -2.2502102307e+00    1.6604588596e-03    2.0000000000e+01    2.1579774966e-04    8.7500000000e-01
        14   -7.2936986961e-01    5.4196873463e-01   -1.8267265088e+00    1.0973566392e+00    5.6380891887e-01    3.3179334769e-01   -2.7699106737e+00    4.7581898305e-02    2.0000000000e+01    1.5204500005e-04    9.1666666667e-01
        15   -7.2860455609e-01    5.4240690532e-01   -1.1718201733e+00    4.4321561724e-01    7.8726092687e-01    3.3179334769e-01   -2.3379768197e+00    4.7102371801e-02    2.0000000000e+01    1.6760124981e-04    8.7500000000e-01
        16   -8.2201384738e-01    7.0990418092e-01   -1.1493086253e+00    3.2729477796e-01    3.6219292705e-01    3.3179334769e-01   -2.0217207025e+00    1.7842580241e-01    2.0000000000e+01    1.3061474965e-04    9.6666666667e-01
        17   -7.6343864082e-01    5.8655384436e-01   -2.0067609645e+00    1.2433223237e+00    5.6777176103e-01    3.3179334769e-01   -2.9085876209e+00    2.2615477025e-03    2.0000000000e+01    1.1857324944e-04    9.0000000000e-01
        18   -7.7065450285e-01    6.0430619552e-01   -1.6115259908e+00    8.4087148793e-01    5.9632598225e-01    3.3179334769e-01   -2.6439468849e+00    1.0430156422e-01    2.0000000000e+01    1.2203450024e-04    9.2500000000e-01
        19   -8.0344920407e-01    6.5387910793e-01   -1.6074022149e+00    8.0395301081e-01    4.5302388086e-01    3.3179334769e-01   -2.3955330196e+00    3.3135761527e-03    2.0000000000e+01    1.2260199946e-04    9.5833333333e-01
        20   -8.0895155286e-01    6.6104331575e-01   -2.2102431113e+00    1.4012915584e+00    4.5573019274e-01    3.3179334769e-01   -3.0022033208e+00    4.4366690604e-03    2.0000000000e+01    1.2009500006e-04    9.0833333333e-01
        21   -7.8378534066e-01    6.1735630020e-01   -1.3445218906e+00    5.6073654989e-01    3.2257038961e-01    3.3179334769e-01   -2.1114868909e+00    1.1260126304e-01    2.0000000000e+01    1.1718124961e-04    9.2500000000e-01
        22   -7.7353374338e-01    6.0526238023e-01   -1.2261620735e+00    4.5262833014e-01    3.6201826857e-01    3.3179334769e-01   -1.9903066497e+00    7.0332959885e-02    2.0000000000e+01    2.1465574991e-04    9.5000000000e-01
        23   -7.6590411589e-01    5.9167760001e-01   -1.1365732351e+00    3.7066911926e-01    3.7169944662e-01    3.3179334769e-01   -1.8701301758e+00    3.0064146387e-02    2.0000000000e+01    1.6384349965e-04    9.5833333333e-01
        24   -7.9894348411e-01    6.4157057103e-01   -1.6092114214e+00    8.1026793731e-01    3.5596642904e-01    3.3179334769e-01   -2.4069883346e+00    1.1001713648e-01    2.0000000000e+01    1.7121675000e-04    9.1666666667e-01
        25   -7.8707958651e-01    6.2492475700e-01   -1.4450160710e+00    6.5793648444e-01    3.9289971655e-01    3.3179334769e-01   -2.2934775687e+00    1.2376843355e-01    2.0000000000e+01    1.5864650049e-04    9.1666666667e-01
        26   -8.1868708555e-01    7.1619199342e-01   -1.2227343998e+00    4.0404731420e-01    3.3669179179e-01    3.3179334769e-01   -1.9147999307e+00    2.3580391450e-02    2.0000000000e+01    1.5431174961e-04    9.2500000000e-01
        27   -7.7941637316e-01    6.1098901386e-01   -1.2735524828e+00    4.9413610960e-01    3.5653698920e-01    3.3179334769e-01   -1.9626802070e+00    7.9738740278e-04    2.0000000000e+01    1.4107674951e-04    8.9166666667e-01
        28   -7.5956139160e-01    5.8104485572e-01   -1.4321717769e+00    6.7261038528e-01    4.1580909992e-01    3.3179334769e-01   -2.1957821234e+00    1.6007898962e-02    2.0000000000e+01    1.7532025049e-04    9.2500000000e-01
        29   -7.3489196608e-01    5.5459699002e-01   -1.8300013810e+00    1.0951094149e+00    9.2537448964e-01    3.3179334769e-01   -3.0880717101e+00    9.0249182171e-04    2.0000000000e+01    1.2358025015e-04    8.5000000000e-01
        30   -7.7862367142e-01    6.1045792382e-01   -2.0678564884e+00    1.2892328170e+00    5.2302025998e-01    3.3179334769e-01   -2.9349848780e+00    1.2314781907e-02    2.0000000000e+01    1.2862299991e-04    9.0000000000e-01
        31   -7.8698681398e-01    6.2172525717e-01   -1.1292199980e+00    3.4223318403e-01    3.4908730634e-01    3.3179334769e-01   -1.8307625705e+00    2.0661918470e-02    2.0000000000e+01    1.4766425011e-04    9.3333333333e-01
        32   -8.0889859743e-01    6.6087972117e-01   -1.4391713345e+00    6.3027273711e-01    3.9681886109e-01    3.3179334769e-01   -2.1732363416e+00    5.4527982889e-03    2.0000000000e+01    1.0301325028e-04    9.2500000000e-01
        33   -7.8705908517e-01    6.2174799629e-01   -1.2479598823e+00    4.6090079712e-01    2.9287415422e-01    3.3179334769e-01   -1.8748795858e+00    2.2522016503e-03    2.0000000000e+01    1.4894275046e-04    9.1666666667e-01
        34   -7.9826396114e-01    6.4384194473e-01   -1.4342062221e+00    6.3594226098e-01    4.3650634034e-01    3.3179334769e-01   -2.2357960256e+00    3.3290115479e-02    2.0000000000e+01    1.2138300053e-04    9.2500000000e-01
        35   -7.7746019634e-01    6.0722825349e-01   -1.3959274183e+00    6.1846722195e-01    3.4559420617e-01    3.3179334769e-01   -2.1620822778e+00    8.8767305609e-02    2.0000000000e+01    1.2004825066e-04    9.1666666667e-01
        36   -8.1007709210e-01    6.6146483302e-01   -1.5055958898e+00    6.9551879768e-01    3.9988263526e-01    3.3179334769e-01   -2.3318853156e+00    9.4613442834e-02    2.0000000000e+01    1.2640575051e-04    9.0000000000e-01
        37   -7.9828855568e-01    6.4063927711e-01   -1.3097028298e+00    5.1141427415e-01    3.5591556625e-01    3.3179334769e-01   -2.0165375286e+00    1.9125784829e-02    2.0000000000e+01    1.1327050061e-04    9.2500000000e-01
        38   -7.7851491399e-01    6.0970324101e-01   -1.3561468866e+00    5.7763197257e-01    3.7493196860e-01    3.3179334769e-01   -2.1103183287e+00    4.7446125858e-02    2.0000000000e+01    1.1941150024e-04    9.2500000000e-01
        39   -7.9958672895e-01    6.5087449768e-01   -1.6067946660e+00    8.0720793702e-01    3.9998667744e-01    3.3179334769e-01   -2.3398920014e+00    1.3173103170e-03    2.0000000000e+01    1.1771549998e-04    9.2500000000e-01
        40   -7.8188739172e-01    6.1219168494e-01   -9.9964901672e-01    2.1776162500e-01    3.2382814949e-01    3.3179334769e-01   -1.6861602839e+00    3.0889769997e-02    2.0000000000e+01    1.0590950023e-04    9.5000000000e-01
        41   -7.7197811514e-01    6.0115347161e-01   -1.3509915111e+00    5.7901339597e-01    3.7298488831e-01    3.3179334769e-01   -2.1017534425e+00    4.5983695428e-02    2.0000000000e+01    1.1634475004e-04    9.3333333333e-01
        42   -7.8230958679e-01    6.1674093183e-01   -1.4630641622e+00    6.8075457537e-01    3.9851697444e-01    3.3179334769e-01   -2.2007042936e+00    7.3298092900e-03    2.0000000000e+01    1.0986100006e-04    9.3333333333e-01
        43   -7.8183983787e-01    6.2170637218e-01   -1.3164646172e+00    5.3462477930e-01    5.1616078975e-01    3.3179334769e-01   -2.1925541047e+00    2.8135350084e-02    2.0000000000e+01    1.1065424997e-04    8.9166666667e-01
        44   -7.7800683919e-01    6.1051116056e-01   -1.6002590111e+00    8.2225217189e-01    4.2238850924e-01    3.3179334769e-01   -2.4032192652e+00    4.8778397230e-02    2.0000000000e+01    1.2422549980e-04    9.3333333333e-01
        45   -7.7368919657e-01    6.0064550551e-01   -1.4611072110e+00    6.8741801446e-01    4.4628559932e-01    3.3179334769e-01   -2.2494451463e+00    1.0258988252e-02    2.0000000000e+01    1.2359299944e-04    9.4166666667e-01
        46   -8.2062685427e-01    6.7968099564e-01   -1.3052944836e+00    4.8466762931e-01    4.1169415609e-01    3.3179334769e-01   -2.0516209717e+00    2.8389843384e-03    2.0000000000e+01    1.3316500053e-04    9.2500000000e-01
        47   -7.7767458949e-01    6.3859718946e-01   -1.2607986789e+00    4.8312408936e-01    5.3760794213e-01    3.3179334769e-01   -2.2332753099e+00    1.0307534124e-01    2.0000000000e+01    1.2921475036e-04    9.5833333333e-01
        48   -7.8491002682e-01    6.2058702322e-01   -1.8791507657e+00    1.0942407389e+00    3.9776257386e-01    3.3179334769e-01   -2.7459972014e+00    1.3729051414e-01    2.0000000000e+01    1.1426174979e-04    9.0833333333e-01
        49   -7.6633143802e-01    5.9126144385e-01   -1.4825382434e+00    7.1620680538e-01    4.4417964986e-01    3.3179334769e-01   -2.2645141349e+00    6.0028939011e-03    2.0000000000e+01    1.1097150036e-04    9.3333333333e-01
        50   -8.1743686795e-01    6.7779560449e-01   -1.6998852980e+00    8.8244843010e-01    4.1361735991e-01    3.3179334769e-01   -2.4564341330e+00    1.1138127343e-02    2.0000000000e+01    1.2514174978e-04    9.5000000000e-01
        51   -8.1132436066e-01    6.7909739157e-01   -1.6243165694e+00    8.1299220871e-01    2.5858574977e-01    3.3179334769e-01   -2.2195804638e+00    4.8847969337e-03    2.0000000000e+01    1.1811374998e-04    9.1666666667e-01
        52   -7.7690298025e-01    6.0672002762e-01   -1.2146937856e+00    4.3779080533e-01    2.7813856342e-01    3.3179334769e-01   -1.8779868386e+00    5.3361141864e-02    2.0000000000e+01    1.2805574988e-04    9.6666666667e-01
        53   -7.4032189597e-01    5.6142999844e-01   -1.3025711585e+00    5.6224926257e-01    4.1604604825e-01    3.3179334769e-01   -2.0584301756e+00    8.0196211043e-03    2.0000000000e+01    1.1310624996e-04    9.0833333333e-01
        54   -8.1075317808e-01    6.6236016472e-01   -1.9783777630e+00    1.1676245849e+00    2.9600671399e-01    3.3179334769e-01   -2.6453070192e+00    3.9129194527e-02    2.0000000000e+01    1.2447250037e-04    9.4166666667e-01
        55   -8.0305292585e-01    6.4852496167e-01   -1.2938116058e+00    4.9075867999e-01    4.0439661118e-01    3.3179334769e-01   -2.0318822099e+00    1.8806451973e-03    2.0000000000e+01    1.1433500003e-04    9.3333333333e-01
        56   -8.1165776749e-01    6.6524152053e-01   -1.4154976217e+00    6.0383985419e-01    3.1095888628e-01    3.3179334769e-01   -2.0767468562e+00    1.8497000502e-02    2.0000000000e+01    1.1810424985e-04    9.2500000000e-01
        57   -7.4533521215e-01    5.6079762387e-01   -1.3859740659e+00    6.4063885374e-01    4.0101250829e-01    3.3179334769e-01   -2.1224996659e+00    3.7197440721e-03    2.0000000000e+01    1.1042425058e-04    9.1666666667e-01
        58   -7.6016516925e-01    5.8212455782e-01   -1.7984029422e+00    1.0382377730e+00    4.9705826511e-01    3.3179334769e-01   -2.6319196303e+00    4.6650753036e-03    2.0000000000e+01    1.2025225033e-04    9.0833333333e-01
        59   -7.7594013211e-01    6.0382359385e-01   -1.5895355580e+00    8.1359542593e-01    4.9335815835e-01    3.3179334769e-01   -2.4184845054e+00    3.7974412941e-03    2.0000000000e+01    1.1899625088e-04    9.2500000000e-01
        60   -7.7337166015e-01    6.0155967816e-01   -1.4850738896e+00    7.1170222947e-01    4.4725990944e-01    3.3179334769e-01   -2.2696828542e+00    5.5557074556e-03    2.0000000000e+01    1.1707799968e-04    9.2500000000e-01
        61   -7.7916559174e-01    6.1263206164e-01   -2.0191828811e+00    1.2400172894e+00    6.0579737926e-01    3.3179334769e-01   -2.9682560359e+00    1.1482427844e-02    2.0000000000e+01    1.2901950004e-04    9.2500000000e-01
        62   -7.8470847931e-01    6.1765729627e-01   -1.5814338594e+00    7.9672538007e-01    4.9126027378e-01    3.3179334769e-01   -2.4984179624e+00    9.3930481513e-02    2.0000000000e+01    1.2825749945e-04    9.5833333333e-01
        63   -7.8719889142e-01    6.2355915140e-01   -1.5943951332e+00    8.0719624174e-01    5.0052746878e-01    3.3179334769e-01   -2.5187721588e+00    9.2056209133e-02    2.0000000000e+01    1.3487100068e-04    9.4166666667e-01
        64   -7.8326156628e-01    6.1694299514e-01   -1.5557686813e+00    7.7250711502e-01    4.9261384141e-01    3.3179334769e-01   -2.4487768884e+00    6.8601017962e-02    2.0000000000e+01    4.1291824982e-04    9.6666666667e-01
        65   -8.1015181482e-01    6.5917283720e-01   -1.6922597673e+00    8.8210795249e-01    4.0726398266e-01    3.3179334769e-01   -2.5268314487e+00    9.5514351003e-02    2.0000000000e+01    1.2921349980e-04    9.0000000000e-01
        66   -8.1812339755e-01    6.7520385959e-01   -1.5899332190e+00    7.7180982142e-01    3.7933821988e-01    3.3179334769e-01   -2.3661108571e+00    6.5046070610e-02    2.0000000000e+01    1.2182699948e-04    9.6666666667e-01
        67   -7.9777263805e-01    6.4220326958e-01   -1.6009342125e+00    8.0316157447e-01    3.5418767466e-01    3.3179334769e-01   -2.3034121257e+00    1.6496890848e-02    2.0000000000e+01    1.1897024979e-04    9.6666666667e-01
        68   -7.6568614949e-01    5.9023520751e-01   -2.0275237098e+00    1.2618375603e+00    4.5047174966e-01    3.3179334769e-01   -2.8100381450e+00    2.4933780880e-04    2.0000000000e+01    1.1372075005e-04    8.7500000000e-01
        69   -7.6631753417e-01    5.9574108129e-01   -1.2988434329e+00    5.3252589871e-01    4.0022731097e-01    3.3179334769e-01   -2.0602054087e+00    2.9341317153e-02    2.0000000000e+01    1.1942624951e-04    9.5833333333e-01
        70   -7.7157930447e-01    6.0331938887e-01   -1.6495558827e+00    8.7797657826e-01    4.4402809062e-01    3.3179334769e-01   -2.4443381273e+00    1.8960806238e-02    2.0000000000e+01    1.5111025004e-04    9.5000000000e-01
        71   -7.8215925204e-01    6.1595553002e-01   -1.4463010897e+00    6.6414183763e-01    5.1266057661e-01    3.3179334769e-01   -2.2980151401e+00    7.2601261175e-03    2.0000000000e+01    1.5765700027e-04    9.5833333333e-01
        72   -7.6784216426e-01    5.9533567751e-01   -1.5188776995e+00    7.5103553522e-01    5.2975762162e-01    3.3179334769e-01   -2.5508108404e+00    1.7038217164e-01    2.0000000000e+01    1.1810924934e-04    9.6666666667e-01
        73   -8.0466520835e-01    6.4864323359e-01   -1.4006771131e+00    5.9601190472e-01    3.6433888437e-01    3.3179334769e-01   -2.1333413190e+00    3.6531973815e-02    2.0000000000e+01    1.1895775060e-04    9.3333333333e-01
        74   -7.8263279785e-01    6.1613052559e-01   -1.4122558162e+00    6.2962301840e-01    3.9415709937e-01    3.3179334769e-01   -2.1585591044e+00    2.0352841085e-02    2.0000000000e+01    1.8152525035e-04    9.5000000000e-01
        75   -8.2227036321e-01    6.8396995169e-01   -1.6932096175e+00    8.7093925430e-01    3.9458093111e-01    3.3179334769e-01   -2.5316130537e+00    1.1202915739e-01    2.0000000000e+01    1.2889375012e-04    9.4166666667e-01
        76   -7.9909778017e-01    6.4205611104e-01   -1.9026516387e+00    1.1035538585e+00    3.3436323405e-01    3.3179334769e-01   -2.5854979571e+00    1.6689736615e-02    2.0000000000e+01    1.3459800039e-04    9.1666666667e-01
        77   -7.9877536071e-01    6.4280222995e-01   -1.6303258462e+00    8.3155048551e-01    4.3383346536e-01    3.3179334769e-01   -2.3968884851e+00    9.3582586775e-04    2.0000000000e+01    1.2637624968e-04    9.6666666667e-01
        78   -7.4928606422e-01    5.6719389785e-01   -1.5481235308e+00    7.9883746662e-01    4.4800024239e-01    3.3179334769e-01   -2.3319422736e+00    4.0251526479e-03    2.0000000000e+01    1.1600175003e-04    9.4166666667e-01
        79   -8.1799249445e-01    6.7580741340e-01   -1.6935499258e+00    8.7555743134e-01    5.5073483483e-01    3.3179334769e-01   -2.7052837227e+00    1.2920561441e-01    2.0000000000e+01    1.3615824992e-04    9.1666666667e-01
        80   -7.8333798006e-01    6.1959392549e-01   -1.4880198161e+00    7.0468183605e-01    4.4083920625e-01    3.3179334769e-01   -2.2997480920e+00    3.9095721913e-02    2.0000000000e+01    1.2895299960e-04    9.0000000000e-01
        81   -7.8152705934e-01    6.1588823453e-01   -1.6541662796e+00    8.7263922030e-01    4.7457634373e-01    3.3179334769e-01   -2.5279011951e+00    6.7365224014e-02    2.0000000000e+01    1.3244199954e-04    9.4166666667e-01
        82   -7.6675128242e-01    5.9144629576e-01   -1.3711586199e+00    6.0440733749e-01    4.6209068172e-01    3.3179334769e-01   -2.2020860046e+00    3.7043355269e-02    2.0000000000e+01    1.7144899994e-04    9.3333333333e-01
        83   -7.9363816410e-01    6.3786118410e-01   -1.8522348176e+00    1.0585966535e+00    5.0170689583e-01    3.3179334769e-01   -2.7098549470e+00    2.4119885836e-02    2.0000000000e+01    1.6789749952e-04    9.0833333333e-01
        84   -7.5720129209e-01    5.7895550005e-01   -1.9249687940e+00    1.1677675019e+00    5.6952821720e-01    3.3179334769e-01   -2.8450943081e+00    1.8803949223e-02    2.0000000000e+01    1.8543950000e-04    9.2500000000e-01
        85   -8.0967698154e-01    6.6386612281e-01   -1.9375905027e+00    1.1279135211e+00    5.2900565062e-01    3.3179334769e-01   -2.8094930789e+00    1.1103577864e-02    2.0000000000e+01    1.5732149996e-04    9.0000000000e-01
        86   -8.0578846710e-01    6.6279012713e-01   -1.5259687988e+00    7.2018033172e-01    6.2559211045e-01    3.3179334769e-01   -2.4838662374e+00    5.1198045760e-04    2.0000000000e+01    1.1389524980e-04    9.4166666667e-01
        87   -8.3449478503e-01    7.3090458241e-01   -1.1308351011e+00    2.9634031608e-01    3.6009798538e-01    3.3179334769e-01   -1.8338062630e+00    1.1079828810e-02    2.0000000000e+01    1.3049025029e-04    9.5833333333e-01
        88   -8.1420272457e-01    6.6635684443e-01   -1.2872522735e+00    4.7304954892e-01    2.3545637321e-01    3.3179334769e-01   -1.8662928622e+00    1.1790867838e-02    2.0000000000e+01    1.1142300036e-04    9.2500000000e-01
        89   -7.7972820903e-01    6.1318670771e-01   -1.0612567420e+00    2.8152853293e-01    4.2857587399e-01    3.3179334769e-01   -2.0746070560e+00    2.5298109234e-01    2.0000000000e+01    1.4210075005e-04    9.3333333333e-01
        90   -7.7544111881e-01    6.0292614749e-01   -1.3539937005e+00    5.7855258166e-01    3.9810702681e-01    3.3179334769e-01   -2.0919084705e+00    8.0143954932e-03    2.0000000000e+01    1.2373900017e-04    9.6666666667e-01
        91   -8.1162339894e-01    6.6241105189e-01   -1.4583874914e+00    6.4676409251e-01    5.1115947161e-01    3.3179334769e-01   -2.3073374933e+00    5.9971825648e-03    2.0000000000e+01    1.3092550034e-04    9.3333333333e-01
        92   -7.5839736437e-01    5.8492225980e-01   -1.8059317149e+00    1.0475343505e+00    4.6478501857e-01    3.3179334769e-01   -2.6438827614e+00    4.1372680266e-02    2.0000000000e+01    1.1547674967e-04    8.8333333333e-01
        93   -7.7919812151e-01    6.1237867041e-01   -1.6930038159e+00    9.1380569438e-01    4.8356407768e-01    3.3179334769e-01   -2.5184080538e+00    1.0046812533e-02    2.0000000000e+01    1.1417700034e-04    9.2500000000e-01
        94   -7.7105564687e-01    6.0599744734e-01   -1.7192495884e+00    9.4819394153e-01    4.9538862496e-01    3.3179334769e-01   -2.6371706293e+00    9.0739068196e-02    2.0000000000e+01    1.3466024984e-04    8.9166666667e-01
        95   -7.5421101732e-01    5.7118396766e-01   -1.2911785698e+00    5.3696755244e-01    4.7659372185e-01    3.3179334769e-01   -2.1394197062e+00    3.9854066931e-02    2.0000000000e+01    1.1790200006e-04    9.3333333333e-01
        96   -7.6000905258e-01    5.7998427534e-01   -1.4637411412e+00    7.0373208860e-01    4.8858857905e-01    3.3179334769e-01   -2.2983839578e+00    1.4260889867e-02    2.0000000000e+01    1.1949325062e-04    9.4166666667e-01
        97   -7.6187862422e-01    5.8268558583e-01   -1.2098975782e+00    4.4801895398e-01    3.9283378225e-01    3.3179334769e-01   -2.0861318634e+00    1.5160715528e-01    2.0000000000e+01    1.2824375017e-04    9.4166666667e-01
        98   -7.6655713571e-01    5.9392835386e-01   -1.3873194699e+00    6.2076233423e-01    4.4107689097e-01    3.3179334769e-01   -2.1793752725e+00    1.9185563921e-02    2.0000000000e+01    1.2204374980e-04    8.7500000000e-01
        99   -7.5408104498e-01    5.8040516808e-01   -1.5939549057e+00    8.3987386071e-01    5.3629780023e-01    3.3179334769e-01   -2.5058392352e+00    4.3793181630e-02    2.0000000000e+01    1.3006049949e-04    9.4166666667e-01
       100   -7.6161257427e-01    5.9285658924e-01   -1.6187503742e+00    8.5713779997e-01    5.0301090275e-01    3.3179334769e-01   -2.6073042111e+00    1.5374958637e-01    2.0000000000e+01    1.4310650022e-04    9.3333333333e-01
       101   -7.9203910620e-01    6.3340021559e-01   -1.7269833684e+00    9.3494426221e-01    4.5829110511e-01    3.3179334769e-01   -2.6109078617e+00    9.3840040455e-02    2.0000000000e+01    1.3652724965e-04    9.1666666667e-01
       102   -8.0992159623e-01    6.6121375199e-01   -1.9122571643e+00    1.1023355681e+00    3.9162204641e-01    3.3179334769e-01   -2.7331614340e+00    9.7488875617e-02    2.0000000000e+01    1.3281500014e-04    9.0000000000e-01
       103   -8.0359021537e-01    6.5286952172e-01   -1.6128976312e+00    8.0930741583e-01    7.3930791576e-01    3.3179334769e-01   -2.6990069820e+00    1.5008087405e-02    2.0000000000e+01    1.1745699931e-04    9.5833333333e-01
       104   -7.6786508430e-01    6.0071314867e-01   -1.3832542109e+00    6.1538912658e-01    6.3270997879e-01    3.3179334769e-01   -2.3493906032e+00    1.6330658508e-03    2.0000000000e+01    1.0706599960e-04    9.4166666667e-01
       105   -7.8027901021e-01    6.1421051937e-01   -1.4967934157e+00    7.1651440544e-01    4.4823917414e-01    3.3179334769e-01   -2.2802656889e+00    3.4397514509e-03    2.0000000000e+01    1.1395999991e-04    9.5000000000e-01
       106   -7.9993734183e-01    6.5011415332e-01   -1.4635844040e+00    6.6364706213e-01    4.4376604716e-01    3.3179334769e-01   -2.2440780669e+00    4.9342680726e-03    2.0000000000e+01    1.3694174959e-04    9.7500000000e-01
       107   -7.7468225664e-01    6.0350210086e-01   -1.1634957976e+00    3.8881354095e-01    3.8693053461e-01    3.3179334769e-01   -1.9015420840e+00    1.9322404098e-02    2.0000000000e+01    1.1951375018e-04    9.4166666667e-01
       108   -7.7260891306e-01    6.0384302570e-01   -1.3495527175e+00    5.7694380444e-01    5.3590187223e-01    3.3179334769e-01   -2.2671128883e+00    4.9864950842e-02    2.0000000000e+01    1.2710625015e-04    9.2500000000e-01
       109   -7.5857277907e-01    5.8063443120e-01   -9.4564936978e-01    1.8707659071e-01    3.2747082266e-01    3.3179334769e-01   -1.7231532811e+00    1.1823974094e-01    2.0000000000e+01    1.1290624980e-04    9.3333333333e-01
       110   -8.1386323356e-01    6.8170159025e-01   -1.2657501506e+00    4.5188691707e-01    3.0315713871e-01    3.3179334769e-01   -1.9019708818e+00    1.2702447836e-03    2.0000000000e+01    1.1146199995e-04    9.5833333333e-01
       111   -7.7724242457e-01    6.1448085407e-01   -1.4635129420e+00    6.8627051747e-01    6.7964700957e-01    3.3179334769e-01   -2.6014125845e+00    1.2645928515e-01    2.0000000000e+01    1.2102324945e-04    9.2500000000e-01
       112   -7.5642164978e-01    5.7550047839e-01   -1.1962491697e+00    4.3982751992e-01    4.3847593869e-01    3.3179334769e-01   -2.0229817548e+00    5.6463298719e-02    2.0000000000e+01    1.1367000025e-04    9.2500000000e-01
       113   -7.9822147185e-01    6.4171998132e-01   -1.3029948247e+00    5.0477335281e-01    3.6214268323e-01    3.3179334769e-01   -2.0064337227e+00    9.5028670824e-03    2.0000000000e+01    1.2084350055e-04    9.5000000000e-01
       114   -7.7562100265e-01    6.0463932027e-01   -1.0994204008e+00    3.2379939812e-01    4.0103235223e-01    3.3179334769e-01   -1.8405212451e+00    8.2751443681e-03    2.0000000000e+01    1.1781524972e-04    9.7500000000e-01
       115   -7.9360193788e-01    6.3455420113e-01   -1.3188558188e+00    5.2525388092e-01    3.6110753234e-01    3.3179334769e-01   -2.0167156366e+00    4.9589377868e-03    2.0000000000e+01    1.2383224976e-04    9.6666666667e-01
       116   -7.6822436810e-01    5.9872383093e-01   -1.2590439032e+00    4.9081953515e-01    4.4830945226e-01    3.3179334769e-01   -2.0495031370e+00    1.0356433784e-02    2.0000000000e+01    1.2259874984e-04    9.6666666667e-01
       117   -8.5264219393e-01    7.6264976347e-01   -1.0660358741e+00    2.1339368020e-01    2.9004457068e-01    3.3179334769e-01   -1.6924429923e+00    4.5691998133e-03    2.0000000000e+01    1.1082800029e-04    9.3333333333e-01
       118   -7.8732112573e-01    6.2300420383e-01   -1.1774059299e+00    3.9008480415e-01    4.3468075166e-01    3.3179334769e-01   -1.9512236840e+00    7.3436547375e-03    2.0000000000e+01    1.1358025040e-04    9.2500000000e-01
       119   -8.0023434547e-01    6.4545783752e-01   -1.1726574441e+00    3.7242309865e-01    3.7615813867e-01    3.3179334769e-01   -1.8811240214e+00    5.1509091909e-04    2.0000000000e+01    1.0498024994e-04    9.6666666667e-01
       120   -8.4125150335e-01    7.4677085453e-01   -1.4401991253e+00    5.9894762196e-01    3.2478852606e-01    3.3179334769e-01   -2.1059943296e+00    9.2133305496e-03    2.0000000000e+01    1.4376824947e-04    9.1666666667e-01
       121   -8.0686131484e-01    6.6635722028e-01   -1.1761458407e+00    3.6928452584e-01    3.9556595250e-01    3.3179334769e-01   -1.9427559540e+00    3.9250813081e-02    2.0000000000e+01    1.4778250033e-04    9.6666666667e-01
       122   -7.8683808086e-01    6.3705273374e-01   -1.0793548391e+00    2.9251675821e-01    3.3854389235e-01    3.3179334769e-01   -1.7613002827e+00    1.1608203592e-02    2.0000000000e+01    1.3390650020e-04    9.5833333333e-01
       123   -7.9258244500e-01    6.3199945501e-01   -1.0513375592e+00    2.5875511425e-01    2.6066907292e-01    3.3179334769e-01   -1.7060038206e+00    6.2203840738e-02    2.0000000000e+01    1.4954024982e-04    9.4166666667e-01
       124   -8.2213816359e-01    6.8409416009e-01   -1.2040401734e+00    3.8190200982e-01    3.3976240171e-01    3.3179334769e-01   -1.9900454796e+00    1.1444955683e-01    2.0000000000e+01    1.6333050007e-04    9.4166666667e-01
       125   -7.8968686851e-01    6.2909249025e-01   -1.5257834577e+00    7.3609658917e-01    3.0812630215e-01    3.3179334769e-01   -2.1808995286e+00    1.5196421031e-02    2.0000000000e+01    1.3178924974e-04    9.5000000000e-01
       126   -8.1220459642e-01    6.6674052787e-01   -1.5721136841e+00    7.5990908770e-01    5.6299072030e-01    3.3179334769e-01   -2.4962329987e+00    2.9335246591e-02    2.0000000000e+01    1.3582199972e-04    8.7500000000e-01
       127   -7.7267175308e-01    6.0805938635e-01   -1.7090639412e+00    9.3639218810e-01    6.0275275736e-01    3.3179334769e-01   -2.6591077730e+00    1.5497726766e-02    2.0000000000e+01    1.8333775006e-04    9.2500000000e-01
       128   -7.9498474361e-01    6.3471658381e-01   -1.0878837686e+00    2.9289902502e-01    3.4758515125e-01    3.3179334769e-01   -1.7781545857e+00    1.0892318186e-02    2.0000000000e+01    1.2161725090e-04    9.5833333333e-01
       129   -8.0217047594e-01    6.4828875193e-01   -1.7222800136e+00    9.2010953765e-01    4.6114757109e-01    3.3179334769e-01   -2.5187397709e+00    3.5188384998e-03    2.0000000000e+01    1.3791600031e-04    9.2500000000e-01
       130   -7.7149728608e-01    6.1165458716e-01   -1.8741606212e+00    1.1026633351e+00    6.3942237542e-01    3.3179334769e-01   -2.8474073048e+00    2.0309605019e-03    2.0000000000e+01    1.6466124953e-04    9.4166666667e-01
       131   -7.4989399029e-01    5.7238011634e-01   -1.3094801634e+00    5.5958617310e-01    3.6445266997e-01    3.3179334769e-01   -2.1249008804e+00    1.1917469936e-01    2.0000000000e+01    1.3581025041e-04    9.2500000000e-01
       132   -8.0934977748e-01    6.5972570908e-01   -1.3128991473e+00    5.0354936979e-01    4.1252982931e-01    3.3179334769e-01   -2.1242566350e+00    6.7034310713e-02    2.0000000000e+01    1.2959649985e-04    9.6666666667e-01
       133   -7.9186423718e-01    6.2975190912e-01   -1.2877348513e+00    4.9587061408e-01    3.6958945027e-01    3.3179334769e-01   -2.0230437518e+00    3.3926102566e-02    2.0000000000e+01    1.0432249974e-04    9.5000000000e-01
       134   -7.7276109062e-01    5.9940434572e-01   -1.4996545142e+00    7.2689342360e-01    3.4104476473e-01    3.3179334769e-01   -2.1811594255e+00    8.6667988903e-03    2.0000000000e+01    1.1059450026e-04    9.5833333333e-01
       135   -7.6931088622e-01    5.9658912459e-01   -1.6814007979e+00    9.1208991165e-01    4.4757098255e-01    3.3179334769e-01   -2.4612097863e+00    4.4465820312e-04    2.0000000000e+01    1.1723175021e-04    9.1666666667e-01
       136   -7.8467180455e-01    6.2139000518e-01   -1.7526263772e+00    9.6795457263e-01    6.1758240159e-01    3.3179334769e-01   -2.7034057273e+00    1.4036007925e-03    2.0000000000e+01    1.1552200021e-04    9.0000000000e-01
       137   -8.3120357204e-01    7.2576712044e-01   -1.4917451859e+00    6.6054161390e-01    4.3452628054e-01    3.3179334769e-01   -2.2588080669e+00    7.4325272403e-04    2.0000000000e+01    1.0826625066e-04    9.0833333333e-01
       138   -7.6096378874e-01    5.8377558577e-01   -1.2779601089e+00    5.1699632020e-01    2.7763118861e-01    3.3179334769e-01   -1.8901140394e+00    2.7293941370e-03    2.0000000000e+01    1.0706724970e-04    9.5833333333e-01
       139   -7.8735221790e-01    6.2845823214e-01   -1.6084922625e+00    8.2114004457e-01    4.0453361021e-01    3.3179334769e-01   -2.3881854939e+00    4.3366273578e-02    2.0000000000e+01    1.2709225030e-04    9.4166666667e-01
       140   -7.6184016251e-01    5.8632934965e-01   -1.9047322763e+00    1.1428921138e+00    6.0347215588e-01    3.3179334769e-01   -2.9181525489e+00    7.8154769027e-02    2.0000000000e+01    1.6021174997e-04    8.9166666667e-01
       141   -7.7742281743e-01    6.0609380228e-01   -1.4366862006e+00    6.5926338317e-01    4.4469107923e-01    3.3179334769e-01   -2.2710160407e+00    5.7845413207e-02    2.0000000000e+01    1.5136675029e-04    9.7500000000e-01
       142   -8.0328616468e-01    6.4671516091e-01   -1.4448210243e+00    6.4153485964e-01    3.0227987885e-01    3.3179334769e-01   -2.0887703869e+00    9.8761360709e-03    2.0000000000e+01    1.2277849964e-04    9.4166666667e-01
       143   -7.6177233334e-01    5.9172679857e-01   -1.0871546122e+00    3.2538227884e-01    3.4625030270e-01    3.3179334769e-01   -1.9052959059e+00    1.4009764329e-01    2.0000000000e+01    1.4352749986e-04    9.6666666667e-01
       144   -7.5476038887e-01    5.7932284489e-01   -1.3155834801e+00    5.6082309123e-01    3.8386732760e-01    3.3179334769e-01   -2.0698180268e+00    3.8573871362e-02    2.0000000000e+01    1.3553724966e-04    9.2500000000e-01
       145   -8.7400889784e-01    8.1253526749e-01   -2.0381380109e+00    1.1641291130e+00    3.4007183584e-01    3.3179334769e-01   -2.4804873712e+00   -2.2951582323e-01    2.0000000000e+01    1.4318774947e-04    9.2500000000e-01
       146   -9.4200938007e-01    1.0327735105e+00   -2.8515952601e+00    1.9095858800e+00    3.1939885187e-01    3.3179334769e-01   -2.0241259682e+00   -1.4786614915e+00    2.0000000000e+01    1.3228775015e-04    8.9166666667e-01
       147   -8.1799313357e-01    6.7485239667e-01   -1.3708773537e+00    5.5288422013e-01    2.8753566269e-01    3.3179334769e-01   -2.0265472240e+00    3.6340859908e-02    2.0000000000e+01    1.2353749980e-04    9.4166666667e-01
       148   -7.8173495263e-01    6.1624913662e-01   -1.0653501392e+00    2.8361518661e-01    3.9844053913e-01    3.3179334769e-01   -1.8314516702e+00    3.5867644106e-02    2.0000000000e+01    1.0597199980e-04    9.5833333333e-01
       149   -7.9213773003e-01    6.2936639924e-01   -9.6897603157e-01    1.7683830154e-01    3.0083015351e-01    3.3179334769e-01   -1.6108690280e+00    9.2694951940e-03    2.0000000000e+01    1.1637750004e-04    9.5833333333e-01
       150   -8.2859680803e-01    6.8939105382e-01   -1.2270404383e+00    3.9844363024e-01    2.8774601112e-01    3.3179334769e-01   -1.8808937294e+00    3.4313932311e-02    2.0000000000e+01    1.0564899958e-04    9.5833333333e-01
       151   -7.7274430047e-01    6.0380204845e-01   -1.3723370346e+00    5.9959273416e-01    3.3006431052e-01    3.3179334769e-01   -2.1253565505e+00    9.1161857671e-02    2.0000000000e+01    1.3102899993e-04    9.2500000000e-01
       152   -8.1350457437e-01    6.6912647371e-01   -1.5416589229e+00    7.2815434854e-01    3.8055118279e-01    3.3179334769e-01   -2.2626791758e+00    8.6757224436e-03    2.0000000000e+01    1.1584924960e-04    9.1666666667e-01
       153   -7.7312555754e-01    5.9962082645e-01   -1.1804264781e+00    4.0730092058e-01    2.5069004726e-01    3.3179334769e-01   -1.7759362585e+00    1.3026385391e-02    2.0000000000e+01    1.1996975036e-04    9.5833333333e-01
       154   -7.4807485251e-01    5.6410705443e-01   -1.2082480213e+00    4.6017316876e-01    2.6815747517e-01    3.3179334769e-01   -1.8100859835e+00    1.8871393634e-03    2.0000000000e+01    1.0442900066e-04    9.8333333333e-01
       155   -7.5071809312e-01    5.7156080375e-01   -1.2543695506e+00    5.0365145752e-01    3.3464253800e-01    3.3179334769e-01   -2.0941936064e+00    1.7338817005e-01    2.0000000000e+01    1.5155449955e-04    9.3333333333e-01
       156   -7.7629186340e-01    6.1087275745e-01   -2.0196235039e+00    1.2433316405e+00    4.8916247637e-01    3.3179334769e-01   -2.8514674051e+00    1.0888077065e-02    2.0000000000e+01    1.1613025026e-04    9.0000000000e-01
       157   -8.0554290020e-01    6.5443717551e-01   -1.2114962413e+00    4.0595334114e-01    5.2023048686e-01    3.3179334769e-01   -2.1931530539e+00    1.2963297797e-01    2.0000000000e+01    1.4377349953e-04    9.3333333333e-01
       158   -7.6747025161e-01    5.9238859861e-01   -1.3991116262e+00    6.3164137456e-01    3.5814334083e-01    3.3179334769e-01   -2.1615504285e+00    7.2502113823e-02    2.0000000000e+01    1.1811899958e-04    9.4166666667e-01
       159   -7.9478941400e-01    6.3634418791e-01   -1.7088859229e+00    9.1409650888e-01    3.2456984765e-01    3.3179334769e-01   -2.3686772915e+00    3.4281732855e-03    2.0000000000e+01    1.1751025022e-04    9.5000000000e-01
       160   -8.0120382152e-01    6.4822829225e-01   -1.4060560376e+00    6.0485221605e-01    3.2369260940e-01    3.3179334769e-01   -2.1114522532e+00    4.9910258557e-02    2.0000000000e+01    1.1568275022e-04    9.4166666667e-01
       161   -7.7796190558e-01    6.0787021294e-01   -1.6217550061e+00    8.4379310048e-01    3.8014747855e-01    3.3179334769e-01   -2.3604477822e+00    2.6751949922e-02    2.0000000000e+01    1.1081550065e-04    8.9166666667e-01
       162   -7.6293955158e-01    5.8994333006e-01   -1.4018921251e+00    6.3895257351e-01    3.8786883006e-01    3.3179334769e-01   -2.2024103655e+00    8.0856062634e-02    2.0000000000e+01    1.1214574988e-04    9.0000000000e-01
       163   -7.2531468055e-01    5.3733816095e-01   -1.6437715336e+00    9.1845685306e-01    3.5828571954e-01    3.3179334769e-01   -2.3533185480e+00    1.9467947122e-02    2.0000000000e+01    1.1425800039e-04    9.3333333333e-01
       164   -7.1202425552e-01    5.2373199155e-01   -1.4019924898e+00    6.8996823429e-01    6.4000654679e-01    3.3179334769e-01   -2.4264495393e+00    5.2657154976e-02    2.0000000000e+01    1.2803275013e-04    9.2500000000e-01
       165   -8.0238590855e-01    6.4773843982e-01   -1.4518387451e+00    6.4945283658e-01    3.9430354600e-01    3.3179334769e-01   -2.2005366253e+00    2.2600986455e-02    2.0000000000e+01    1.1361874977e-04    9.0833333333e-01
       166   -7.6503092695e-01    5.9455398602e-01   -9.7036140526e-01    2.0533047831e-01    3.4390248481e-01    3.3179334769e-01   -1.6469493661e+00    8.9212834286e-04    2.0000000000e+01    1.0118149976e-04    9.0833333333e-01
       167   -7.7903502453e-01    6.1119919387e-01   -2.2295797447e+00    1.4505447202e+00    4.8776389786e-01    3.3179334769e-01   -3.0491854503e+00    4.8459994854e-05    2.0000000000e+01    1.0647750059e-04    9.0000000000e-01
       168   -7.6862786941e-01    5.9322483952e-01   -1.3783935675e+00    6.0976569811e-01    4.3121966305e-01    3.3179334769e-01   -2.2615235817e+00    1.2011700347e-01    2.0000000000e+01    1.2075824998e-04    9.0833333333e-01
       169   -7.8253768111e-01    6.1660116500e-01   -1.3690635696e+00    5.8652588851e-01    3.7863691077e-01    3.3179334769e-01   -2.0868692487e+00    7.3754206689e-03    2.0000000000e+01    1.6224174942e-04    9.0833333333e-01
       170   -7.8892227354e-01    6.2653639579e-01   -1.2733431046e+00    4.8442083102e-01    3.5008452799e-01    3.3179334769e-01   -1.9742468761e+00    1.9025895865e-02    2.0000000000e+01    1.2567900012e-04    9.5000000000e-01
       171   -7.7246119076e-01    5.9999834332e-01   -1.2894130870e+00    5.1695189624e-01    4.9382868210e-01    3.3179334769e-01   -2.1547065257e+00    3.9671408934e-02    2.0000000000e+01    1.0755150015e-04    9.7500000000e-01
       172   -7.7235762329e-01    6.0083623237e-01   -1.0371936500e+00    2.6483602671e-01    3.0254008125e-01    3.3179334769e-01   -1.6719000944e+00    3.7301550092e-04    2.0000000000e+01    1.0548625005e-04    9.4166666667e-01
       173   -8.0869836185e-01    6.5640469422e-01   -1.2159984965e+00    4.0730013465e-01    2.7672758895e-01    3.3179334769e-01   -1.8246696343e+00    1.5020111880e-04    2.0000000000e+01    1.0348825072e-04    9.5833333333e-01
       174   -8.0122184261e-01    6.4608133926e-01   -1.2709797536e+00    4.6975791102e-01    3.6157002656e-01    3.3179334769e-01   -1.9744643376e+00    1.0121209733e-02    2.0000000000e+01    1.1110874993e-04    9.5833333333e-01
       175   -7.9303794982e-01    6.3190126851e-01   -1.1722037036e+00    3.7916575373e-01    3.2280182441e-01    3.3179334769e-01   -1.8543500734e+00    2.7551197714e-02    2.0000000000e+01    1.1623374985e-04    9.0833333333e-01
       176   -7.5851525625e-01    5.8169022666e-01   -1.6458847393e+00    8.8736948301e-01    6.5201704091e-01    3.3179334769e-01   -2.6434807932e+00    1.3785665322e-02    2.0000000000e+01    1.2050000032e-04    8.8333333333e-01
       177   -8.0573894914e-01    6.5867079733e-01   -1.8834113055e+00    1.0776723564e+00    5.0915865885e-01    3.3179334769e-01   -2.7270385678e+00    2.6752558016e-03    2.0000000000e+01    1.2797125055e-04    9.0000000000e-01
       178   -7.6027301459e-01    5.8543533597e-01   -1.0214050169e+00    2.6113200227e-01    3.0295356036e-01    3.3179334769e-01   -1.6635069716e+00    7.3550466782e-03    2.0000000000e+01    1.1276775012e-04    9.6666666667e-01
       179   -7.7903757510e-01    6.0973965205e-01   -1.4299243737e+00    6.5088679859e-01    3.3176432269e-01    3.3179334769e-01   -2.1502353998e+00    5.6753355678e-02    2.0000000000e+01    1.2950324981e-04    9.2500000000e-01
       180   -8.3041147463e-01    6.9265606348e-01   -1.4834573756e+00    6.5304590099e-01    3.3543797400e-01    3.3179334769e-01   -2.1668944398e+00    1.6205742455e-02    2.0000000000e+01    4.0546625041e-04    9.3333333333e-01
       181   -8.2680584667e-01    6.9203153179e-01   -1.8889463021e+00    1.0621404554e+00    4.9684510971e-01    3.3179334769e-01   -2.7231347977e+00    5.5500381796e-03    2.0000000000e+01    1.2457200046e-04    9.1666666667e-01
       182   -8.0430413367e-01    6.5304970070e-01   -1.7968632014e+00    9.9255906773e-01    5.1234619849e-01    3.3179334769e-01   -2.6630738381e+00    2.2071090478e-02    2.0000000000e+01    1.3874699971e-04    9.2500000000e-01
       183   -7.8255699402e-01    6.1378901680e-01   -1.1685236997e+00    3.8596670565e-01    3.1867932952e-01    3.3179334769e-01   -1.8351273071e+00    1.6130930252e-02    2.0000000000e+01    1.4696200014e-04    9.5833333333e-01
       184   -7.9377268719e-01    6.3976342661e-01   -1.5104721250e+00    7.1669943776e-01    3.9171978770e-01    3.3179334769e-01   -2.2402216845e+00    6.2364241377e-03    2.0000000000e+01    1.1994075021e-04    9.7500000000e-01
       185   -7.7177354224e-01    6.0369170643e-01   -1.2213114661e+00    4.4953792383e-01    3.0668326586e-01    3.3179334769e-01   -1.9126575734e+00    5.2869493753e-02    2.0000000000e+01    1.1882699982e-04    8.8333333333e-01
       186   -7.7180750551e-01    5.9872588367e-01   -1.1412376678e+00    3.6943016226e-01    4.9423905147e-01    3.3179334769e-01   -1.9942773868e+00    2.7007319879e-02    2.0000000000e+01    1.0627600068e-04    9.0000000000e-01
       187   -7.7327743342e-01    5.9977781418e-01   -1.2987762244e+00    5.2549879099e-01    3.5049321978e-01    3.3179334769e-01   -2.0387143003e+00    5.7651508457e-02    2.0000000000e+01    1.3526725024e-04    9.5833333333e-01
       188   -7.5013290370e-01    5.7355931576e-01   -1.2002249168e+00    4.5009201315e-01    4.4101331925e-01    3.3179334769e-01   -2.1863177362e+00    2.1328615240e-01    2.0000000000e+01    1.3260200058e-04    9.2500000000e-01
       189   -8.1183582250e-01    6.8337004184e-01   -1.5505709470e+00    7.3873512455e-01    3.9683079614e-01    3.3179334769e-01   -2.2917449078e+00    1.2549816899e-02    2.0000000000e+01    1.2029424988e-04    9.2500000000e-01
       190   -8.0145368071e-01    6.4910515318e-01   -9.1556295718e-01    1.1410927647e-01    2.6203538352e-01    3.3179334769e-01   -1.5113023909e+00    1.9107025275e-03    2.0000000000e+01    1.0897275070e-04    9.5833333333e-01
       191   -7.2816230057e-01    5.3950424085e-01   -1.3059639213e+00    5.7780162071e-01    5.1334577563e-01    3.3179334769e-01   -2.1633780108e+00    1.2274966207e-02    2.0000000000e+01    1.2530450067e-04    9.7500000000e-01
       192   -7.6382518083e-01    5.8741952598e-01   -1.2810299570e+00    5.1720477616e-01    3.6119116003e-01    3.3179334769e-01   -2.0452136361e+00    7.1199171427e-02    2.0000000000e+01    1.2939525004e-04    9.5000000000e-01
       193   -7.8012111633e-01    6.1233825854e-01   -1.3631166686e+00    5.8299555223e-01    4.3230822107e-01    3.3179334769e-01   -2.3177389155e+00    1.9052067817e-01    2.0000000000e+01    1.2471050059e-04    9.4166666667e-01
       194   -7.9551930616e-01    6.3622033036e-01   -1.2727218816e+00    4.7720257543e-01    3.7487869038e-01    3.3179334769e-01   -2.0208125729e+00    4.1418653206e-02    2.0000000000e+01    1.2300224989e-04    9.6666666667e-01
       195   -7.6635560965e-01    5.9060776931e-01   -1.5990490318e+00    8.3269342217e-01    5.5774331753e-01    3.3179334769e-01   -2.5112083943e+00    2.2622697226e-02    2.0000000000e+01    1.2928849992e-04    9.1666666667e-01
       196   -7.7492477587e-01    6.0447906830e-01   -1.4650263389e+00    6.9010156306e-01    5.4415042035e-01    3.3179334769e-01   -2.3725140115e+00    3.1543904561e-02    2.0000000000e+01    1.1553700006e-04    9.2500000000e-01
       197   -7.8363425089e-01    6.2430674547e-01   -2.0023202229e+00    1.2186859720e+00    5.7098777904e-01    3.3179334769e-01   -2.9641003101e+00    5.8998960513e-02    2.0000000000e+01    2.2947274965e-04    9.0000000000e-01
       198   -7.8629167407e-01    6.2276754427e-01   -1.3686749200e+00    5.8238324588e-01    5.5662965455e-01    3.3179334769e-01   -2.2607974682e+00    3.6995460591e-03    2.0000000000e+01    1.4071024998e-04    9.5833333333e-01
       199   -8.0866807492e-01    6.5858363709e-01   -1.3650314557e+00    5.5636338075e-01    4.6065437110e-01    3.3179334769e-01   -2.2036800880e+00    4.6200913567e-02    2.0000000000e+01    1.4396750021e-04    9.6666666667e-01
       200   -7.6698395900e-01    5.9013933815e-01   -1.4630490086e+00    6.9606504959e-01    4.1351797183e-01    3.3179334769e-01   -2.2774385949e+00    6.9078266733e-02    2.0000000000e+01    1.2574625043e-04    9.7500000000e-01
       201   -7.5991921048e-01    5.8149824456e-01   -1.4956746385e+00    7.3575542805e-01    4.8364968851e-01    3.3179334769e-01   -2.3124007059e+00    1.2830311544e-03    2.0000000000e+01    1.9820399984e-04    9.4166666667e-01
       202   -7.9364112511e-01    6.3494272422e-01   -1.6922677344e+00    8.9862660928e-01    4.3007370642e-01    3.3179334769e-01   -2.4602483699e+00    6.1135813667e-03    2.0000000000e+01    1.1795524961e-04    9.7500000000e-01
       203   -7.7342741630e-01    6.0142160251e-01   -1.1495852403e+00    3.7615782397e-01    3.3545323614e-01    3.3179334769e-01   -1.8651280839e+00    4.8296259843e-02    2.0000000000e+01    1.1901624976e-04    9.6666666667e-01
       204   -7.6366728799e-01    5.8598442693e-01   -1.3618604882e+00    5.9819320017e-01    3.9301853622e-01    3.3179334769e-01   -2.1218978913e+00    3.5225519261e-02    2.0000000000e+01    1.2259400000e-04    9.0000000000e-01
       205   -7.8420993018e-01    6.1912433370e-01   -1.8892083108e+00    1.1049983806e+00    4.7765827000e-01    3.3179334769e-01   -2.7137204171e+00    1.5060488652e-02    2.0000000000e+01    1.1974175004e-04    9.7500000000e-01
       206   -7.8982215071e-01    6.3170806658e-01   -1.3047115360e+00    5.1488938532e-01    3.3017086779e-01    3.3179334769e-01   -1.9729378680e+00    6.2621164900e-03    2.0000000000e+01    1.1242474966e-04    9.3333333333e-01
       207   -7.8611435809e-01    6.2274298650e-01   -1.2785461310e+00    4.9243177286e-01    4.3265612168e-01    3.3179334769e-01   -2.0954336505e+00    5.2438050186e-02    2.0000000000e+01    1.1766624948e-04    9.6666666667e-01
       208   -7.9185501158e-01    6.2915371024e-01   -1.3737986777e+00    5.8194366610e-01    4.3968681601e-01    3.3179334769e-01   -2.1964467794e+00    5.1167938005e-02    2.0000000000e+01    1.1276224996e-04    9.4166666667e-01
       209   -7.8787215283e-01    6.2214594817e-01   -1.2049253816e+00    4.1705322876e-01    4.8024522458e-01    3.3179334769e-01   -2.0192079399e+00    2.2439860426e-03    2.0000000000e+01    1.2842174965e-04    9.5000000000e-01
       210   -7.5076102704e-01    5.7828249311e-01   -2.0691330199e+00    1.3183719929e+00    6.8214639602e-01    3.3179334769e-01   -3.0922813197e+00    9.2085560952e-03    2.0000000000e+01    1.2251449971e-04    9.0833333333e-01
       211   -8.0106554769e-01    6.4459899324e-01   -1.3005032113e+00    4.9943766363e-01    3.8727835194e-01    3.3179334769e-01   -2.0761485170e+00    5.6573606094e-02    2.0000000000e+01    1.3458274998e-04    9.0000000000e-01
       212   -7.6562573466e-01    5.9207669737e-01   -1.4710022585e+00    7.0537652384e-01    3.9074052433e-01    3.3179334769e-01   -2.1955691069e+00    2.0329764141e-03    2.0000000000e+01    1.2548249924e-04    9.3333333333e-01
       213   -8.3668643811e-01    7.3310090462e-01   -1.7124208420e+00    8.7573440384e-01    4.5545142197e-01    3.3179334769e-01   -2.5043442673e+00    4.6786557106e-03    2.0000000000e+01    1.1453274965e-04    9.3333333333e-01
       214   -7.6417619997e-01    5.8969576322e-01   -1.7608080498e+00    9.9663184985e-01    3.8797018221e-01    3.3179334769e-01   -2.4807984878e+00    2.2690809399e-04    2.0000000000e+01    1.0144499947e-04    8.9166666667e-01
       215   -7.9495338087e-01    6.4438068628e-01   -1.5074196791e+00    7.1246629820e-01    5.1791283000e-01    3.3179334769e-01   -2.3620622222e+00    4.9363654274e-03    2.0000000000e+01    1.1641925039e-04    9.0833333333e-01
       216   -7.7732684366e-01    6.0753503252e-01   -1.5507403565e+00    7.7341351282e-01    4.7184432361e-01    3.3179334769e-01   -2.4893264604e+00    1.3494843258e-01    2.0000000000e+01    1.2472075014e-04    9.1666666667e-01
       217   -7.9043720575e-01    6.2774143143e-01   -1.1828821843e+00    3.9244497854e-01    4.0092403426e-01    3.3179334769e-01   -2.1186850630e+00    2.0308549681e-01    2.0000000000e+01    1.1603474968e-04    9.4166666667e-01
       218   -8.1195219283e-01    6.6424507953e-01   -1.4527534243e+00    6.4080123142e-01    4.5709321204e-01    3.3179334769e-01   -2.2663139641e+00    2.4673980074e-02    2.0000000000e+01    1.2278375107e-04    9.5833333333e-01
       219   -7.8073622243e-01    6.1638993877e-01   -2.0960657388e+00    1.3153295164e+00    5.5173697023e-01    3.3179334769e-01   -3.0759345103e+00    9.6338453540e-02    2.0000000000e+01    1.2182325008e-04    9.0000000000e-01
       220   -7.5636968501e-01    5.8127426004e-01   -1.7206550161e+00    9.6428533104e-01    4.7605367061e-01    3.3179334769e-01   -2.5660275395e+00    3.7525505164e-02    2.0000000000e+01    1.2372699985e-04    8.9166666667e-01
       221   -7.5931400998e-01    5.8290588577e-01   -1.6017751717e+00    8.4246116174e-01    4.6144252825e-01    3.3179334769e-01   -2.4098274802e+00    1.4816432523e-02    2.0000000000e+01    1.3552849941e-04    9.5833333333e-01
       222   -7.7407552917e-01    6.0128544842e-01   -1.2847721006e+00    5.1069657139e-01    5.0110843290e-01    3.3179334769e-01   -2.1205081270e+00    2.8342458736e-03    2.0000000000e+01    2.1614799971e-04    9.7500000000e-01
       223   -8.1963556112e-01    6.7762759746e-01   -1.5195966492e+00    6.9996108808e-01    5.4113144646e-01    3.3179334769e-01   -2.4275121222e+00    3.4990678822e-02    2.0000000000e+01    2.1328449975e-04    9.2500000000e-01
       224   -7.4655481587e-01    5.6646710831e-01   -9.2687590393e-01    1.8032108806e-01    2.7396784671e-01    3.3179334769e-01   -1.5755492498e+00    4.2912151491e-02    2.0000000000e+01    1.3272650040e-04    9.3333333333e-01
       225   -7.6140983549e-01    5.8475042233e-01   -1.1047733721e+00    3.4336353666e-01    3.7578336291e-01    3.3179334769e-01   -1.8889001959e+00    7.6550113165e-02    2.0000000000e+01    1.2609250007e-04    9.4166666667e-01
       226   -8.2662364286e-01    6.9934541522e-01   -1.1089869924e+00    2.8236334954e-01    5.8464359387e-01    3.3179334769e-01   -2.0265150736e+00    1.0911396767e-03    2.0000000000e+01    1.1810624983e-04    9.4166666667e-01
       227   -8.0524859768e-01    6.5575509668e-01   -1.4730572428e+00    6.6780864515e-01    3.1486242156e-01    3.3179334769e-01   -2.1923631712e+00    7.2650159097e-02    2.0000000000e+01    1.2684250032e-04    9.5000000000e-01
       228   -7.7123926495e-01    5.9688440137e-01   -1.0538308296e+00    2.8259156461e-01    2.8222991952e-01    3.3179334769e-01   -1.6716881587e+00    3.8340619439e-03    2.0000000000e+01    1.1305999942e-04    9.5833333333e-01
       229   -7.8076287625e-01    6.1501876859e-01   -1.2169863026e+00    4.3622342630e-01    4.1088496710e-01    3.3179334769e-01   -1.9724731252e+00    1.2808507872e-02    2.0000000000e+01    1.1733475048e-04    9.4166666667e-01
       230   -7.5900493832e-01    5.8214345550e-01   -1.6770788883e+00    9.1807394993e-01    4.2067334214e-01    3.3179334769e-01   -2.4569732134e+00    2.7427635355e-02    2.0000000000e+01    1.1422650005e-04    8.8333333333e-01
       231   -7.6764589151e-01    5.9191814095e-01   -1.3808197247e+00    6.1317383320e-01    4.5404865106e-01    3.3179334769e-01   -2.1671911605e+00    5.2943699961e-04    2.0000000000e+01    1.2036750059e-04    9.2500000000e-01
       232   -7.8530449077e-01    6.2058005230e-01   -1.5059575442e+00    7.2065305338e-01    4.2502700594e-01    3.3179334769e-01   -2.3006974269e+00    3.7919529127e-02    2.0000000000e+01    1.2619825020e-04    9.0833333333e-01
       233   -8.0662680733e-01    6.5515960568e-01   -1.6192212814e+00    8.1259447409e-01    5.0366414746e-01    3.3179334769e-01   -2.4549155353e+00    2.3675872771e-04    2.0000000000e+01    1.0833149963e-04    9.1666666667e-01
       234   -7.9738046845e-01    6.3885654635e-01   -1.3509718545e+00    5.5359138604e-01    5.7782354301e-01    3.3179334769e-01   -2.2640536269e+00    3.4648817201e-03    2.0000000000e+01    1.1010925073e-04    9.3333333333e-01
       235   -7.6848023761e-01    5.9192256584e-01   -1.1126426689e+00    3.4416243130e-01    3.4557890663e-01    3.3179334769e-01   -1.8031745113e+00    1.3159588103e-02    2.0000000000e+01    1.1411349988e-04    9.8333333333e-01
       236   -7.9861845499e-01    6.4231745418e-01   -1.6793538848e+00    8.8073542981e-01    5.2401477739e-01    3.3179334769e-01   -2.5403452237e+00    5.1832138355e-03    2.0000000000e+01    4.3384850051e-04    9.4166666667e-01
       237   -7.8380990340e-01    6.2502387392e-01   -1.7745991700e+00    9.9078926655e-01    5.3011683187e-01    3.3179334769e-01   -2.6998412128e+00    6.3331863273e-02    2.0000000000e+01    1.3232049923e-04    9.2500000000e-01
       238   -7.5427268792e-01    5.7486995938e-01   -1.4775838590e+00    7.2331117109e-01    5.3460422537e-01    3.3179334769e-01   -2.3457182482e+00    1.7368161455e-03    2.0000000000e+01    1.1669499963e-04    9.5000000000e-01
       239   -7.9443560678e-01    6.3442589950e-01   -1.3475683030e+00    5.5313269626e-01    4.7882672943e-01    3.3179334769e-01   -2.1784964143e+00    2.0308034171e-02    2.0000000000e+01    1.0749749936e-04    9.3333333333e-01
       240   -7.5474673791e-01    5.9555392320e-01   -1.4183712149e+00    6.6362447697e-01    5.0227167079e-01    3.3179334769e-01   -2.3683811340e+00    1.1594490066e-01    2.0000000000e+01    1.2998324974e-04    9.2500000000e-01
       241   -7.8483408285e-01    6.1853303515e-01   -1.1206389931e+00    3.3580491022e-01    3.8372496776e-01    3.3179334769e-01   -2.0445516597e+00    2.0839435118e-01    2.0000000000e+01    1.4362299999e-04    9.1666666667e-01
       242   -7.8806702336e-01    6.2650714382e-01   -1.3169856557e+00    5.2891863230e-01    4.6576057153e-01    3.3179334769e-01   -2.1620665851e+00    4.7527010183e-02    2.0000000000e+01    1.2289624920e-04    9.0000000000e-01
       243   -7.8867155575e-01    6.2547198451e-01   -1.1057582672e+00    3.1708671147e-01    4.3609271428e-01    3.3179334769e-01   -1.8790968750e+00    5.4525458119e-03    2.0000000000e+01    1.0910450055e-04    9.5833333333e-01
       244   -7.8872866837e-01    6.2572273867e-01   -1.4238435861e+00    6.3511491776e-01    4.6379373493e-01    3.3179334769e-01   -2.2538011969e+00    3.4370528134e-02    2.0000000000e+01    1.2615400010e-04    9.4166666667e-01
       245   -7.8409467960e-01    6.2975296226e-01   -1.5055618186e+00    7.2146713903e-01    4.6329730585e-01    3.3179334769e-01   -2.4168238540e+00    1.1617138179e-01    2.0000000000e+01    1.1660324981e-04    9.4166666667e-01
       246   -8.2657048233e-01    6.9172344426e-01   -1.3531485443e+00    5.2657806202e-01    3.4195127900e-01    3.3179334769e-01   -2.0919027246e+00    6.5009553532e-02    2.0000000000e+01    1.2055899970e-04    9.3333333333e-01
       247   -7.7463061322e-01    6.2804411072e-01   -1.3587888645e+00    5.8415825127e-01    3.0386992757e-01    3.3179334769e-01   -2.0487758289e+00    5.4323689148e-02    2.0000000000e+01    1.1687674942e-04    8.7500000000e-01
       248   -7.9307262485e-01    6.6444346781e-01   -1.0739486862e+00    2.8087606134e-01    2.3117409906e-01    3.3179334769e-01   -1.7999170396e+00    1.6300090667e-01    2.0000000000e+01    1.2003924985e-04    9.8333333333e-01
       249   -8.8313763919e-01    8.0755502747e-01   -1.6057268695e+00    7.2258923036e-01    2.8188834904e-01    3.3179334769e-01   -2.2652718869e+00    4.5863320680e-02    2.0000000000e+01    1.2089575011e-04    9.5833333333e-01
       250   -7.5875467220e-01    5.7805880563e-01   -1.4330871845e+00    6.7433251231e-01    4.4909315668e-01    3.3179334769e-01   -2.2330726803e+00    1.9098991450e-02    2.0000000000e+01    1.2104700045e-04    9.5000000000e-01
       251   -7.6885217389e-01    5.9645358862e-01   -1.5214485070e+00    7.5259633313e-01    5.4653405465e-01    3.3179334769e-01   -2.4039842472e+00    4.2083378561e-03    2.0000000000e+01    1.1202399946e-04    9.1666666667e-01
       252   -7.9294253455e-01    6.3400527233e-01   -1.2355084460e+00    4.4256591147e-01    4.1524902180e-01    3.3179334769e-01   -2.0080364460e+00    2.5485630458e-02    2.0000000000e+01    1.7618524998e-04    9.4166666667e-01
       253   -7.6493568170e-01    5.9029151116e-01   -1.4687189555e+00    7.0378327376e-01    4.1968734217e-01    3.3179334769e-01   -2.2230299469e+00    2.8303016181e-03    2.0000000000e+01    1.1842424965e-04    9.5000000000e-01
       254   -7.5848612187e-01    5.8105815874e-01   -1.6335930558e+00    8.7510693391e-01    5.2837276960e-01    3.3179334769e-01   -2.4985311858e+00    4.7720127548e-03    2.0000000000e+01    1.7434224992e-04    9.0000000000e-01
       255   -7.9579461240e-01    6.3636122459e-01   -1.0781316816e+00    2.8233706924e-01    3.6436680700e-01    3.3179334769e-01   -1.7765396524e+00    2.2478160282e-03    2.0000000000e+01    1.6069650064e-04    9.1666666667e-01
       256   -7.7207699559e-01    6.0355719252e-01   -1.6482113511e+00    8.7613435556e-01    3.7741393426e-01    3.3179334769e-01   -2.4083323326e+00    5.0913699473e-02    2.0000000000e+01    1.3846025013e-04    9.5833333333e-01
       257   -7.8152455843e-01    6.1728597021e-01   -1.1816766787e+00    4.0015212024e-01    3.6009144620e-01    3.3179334769e-01   -1.9407757780e+00    6.7214305397e-02    2.0000000000e+01    1.2634549967e-04    9.7500000000e-01
       258   -7.7199638628e-01    6.0179647952e-01   -1.4556890668e+00    6.8369268056e-01    3.7904306753e-01    3.3179334769e-01   -2.1743619552e+00    7.8364731102e-03    2.0000000000e+01    1.9543724966e-04    9.7500000000e-01
       259   -7.7212098220e-01    6.0183296688e-01   -1.1841901635e+00    4.1206918130e-01    4.1563226648e-01    3.3179334769e-01   -1.9351871980e+00    3.5714203212e-03    2.0000000000e+01    1.5954450055e-04    9.5000000000e-01
       260   -7.9122259281e-01    6.3891594786e-01   -1.2775189778e+00    4.8629638503e-01    3.8627189535e-01    3.3179334769e-01   -1.9986749518e+00    3.0907308816e-03    2.0000000000e+01    1.1568299988e-04    9.5833333333e-01
       261   -7.7472971617e-01    6.0704639599e-01   -1.8759454709e+00    1.1012157547e+00    4.4522332176e-01    3.3179334769e-01   -2.6560167315e+00    3.0545912181e-03    2.0000000000e+01    1.1444274969e-04    9.2500000000e-01
       262   -7.5198009454e-01    5.7070218158e-01   -8.7399465903e-01    1.2201456449e-01    3.6991070838e-01    3.3179334769e-01   -1.5822557144e+00    6.5569993276e-03    2.0000000000e+01    1.1110450077e-04    9.5833333333e-01
       263   -8.0463448025e-01    6.5083762442e-01   -1.5869032148e+00    7.8226873452e-01    4.1631039397e-01    3.3179334769e-01   -2.3376662620e+00    2.6593055873e-03    2.0000000000e+01    1.4126625047e-04    9.5000000000e-01
       264   -7.8440499057e-01    6.1736843659e-01   -1.4745684279e+00    6.9016343730e-01    4.0581131605e-01    3.3179334769e-01   -2.2221054533e+00    9.9323616452e-03    2.0000000000e+01    1.1622525017e-04    9.5833333333e-01
       265   -7.8998059652e-01    6.3058552732e-01   -2.1307966954e+00    1.3408160989e+00    5.1766482886e-01    3.3179334769e-01   -2.9905414138e+00    1.0286541877e-02    2.0000000000e+01    1.2463075018e-04    8.5833333333e-01
       266   -7.7263312061e-01    6.0417785326e-01   -1.1527703344e+00    3.8013721381e-01    4.6384463779e-01    3.3179334769e-01   -1.9710057822e+00    2.2597462305e-02    2.0000000000e+01    1.1859575034e-04    9.4166666667e-01
       267   -7.8090525380e-01    6.1562856236e-01   -1.3149211395e+00    5.3401588573e-01    4.1486427596e-01    3.3179334769e-01   -2.1075137621e+00    4.5934998875e-02    2.0000000000e+01    1.1311175012e-04    9.6666666667e-01
       268   -7.7522665060e-01    6.0215054016e-01   -1.2792350950e+00    5.0400844438e-01    5.8421004000e-01    3.3179334769e-01   -2.2109799568e+00    1.5741474118e-02    2.0000000000e+01    1.2979025041e-04    9.5833333333e-01
       269   -8.1195461332e-01    6.7070713047e-01   -1.8250466995e+00    1.0130920862e+00    5.5829934505e-01    3.3179334769e-01   -2.8234800660e+00    1.0834067377e-01    2.0000000000e+01    1.2639600027e-04    9.0000000000e-01
       270   -8.0436029976e-01    6.5534879221e-01   -1.4814239125e+00    6.7706361271e-01    5.7706696054e-01    3.3179334769e-01   -2.4091612870e+00    1.8877066297e-02    2.0000000000e+01    1.1075800012e-04    9.0833333333e-01
       271   -7.7093893350e-01    6.0347063462e-01   -1.2560503144e+00    4.8511138087e-01    4.3073422954e-01    3.3179334769e-01   -2.0537213270e+00    3.5143435399e-02    2.0000000000e+01    1.0901199994e-04    9.5833333333e-01
       272   -7.3870533680e-01    5.5304786708e-01   -1.4647289244e+00    7.2602358755e-01    5.6043696274e-01    3.3179334769e-01   -2.3750308194e+00    1.8071584622e-02    2.0000000000e+01    1.2658824971e-04    9.5000000000e-01
       273   -7.8309581792e-01    6.1461278865e-01   -1.3510743045e+00    5.6797848660e-01    3.4243841092e-01    3.3179334769e-01   -2.0475161231e+00    2.2210059924e-02    2.0000000000e+01    1.1889125062e-04    9.2500000000e-01
       274   -7.5617279627e-01    5.8099554996e-01   -1.6360837320e+00    8.7991093574e-01    4.9902902396e-01    3.3179334769e-01   -2.4784734513e+00    1.1567347596e-02    2.0000000000e+01    1.2112600052e-04    9.5833333333e-01
       275   -7.6730820158e-01    5.9285360271e-01   -1.2699887655e+00    5.0268056389e-01    4.1656890970e-01    3.3179334769e-01   -2.0283679467e+00    1.0016923823e-02    2.0000000000e+01    1.1136174908e-04    9.3333333333e-01
       276   -7.9129148982e-01    6.3137389419e-01   -1.4926887567e+00    7.0139726685e-01    3.9892379050e-01    3.3179334769e-01   -2.2337490468e+00    1.0343151918e-02    2.0000000000e+01    1.3579100005e-04    9.5833333333e-01
       277   -8.2303359230e-01    6.9142386558e-01   -1.2870275815e+00    4.6399398921e-01    3.5161165647e-01    3.3179334769e-01   -2.0392045583e+00    6.8771972629e-02    2.0000000000e+01    1.5159474970e-04    9.2500000000e-01
       278   -7.7503587351e-01    6.0419294392e-01   -1.2996742853e+00    5.2463841183e-01    3.4039971322e-01    3.3179334769e-01   -2.0377810054e+00    6.5913659137e-02    2.0000000000e+01    2.2312224974e-04    9.3333333333e-01
       279   -7.8849130557e-01    6.2915978295e-01   -1.5898808158e+00    8.0138951026e-01    4.6762722216e-01    3.3179334769e-01   -2.4171516778e+00    2.7850292165e-02    2.0000000000e+01    1.2988074968e-04    9.2500000000e-01
       280   -7.7603820015e-01    6.4083817484e-01   -2.1723613369e+00    1.3963231367e+00    5.2482688797e-01    3.3179334769e-01   -3.0900081417e+00    6.1026569128e-02    2.0000000000e+01    1.2074899996e-04    9.0000000000e-01
       281   -8.2342097838e-01    6.8604953888e-01   -1.2521797506e+00    4.2875877224e-01    2.9991220530e-01    3.3179334769e-01   -1.9080778928e+00    2.4192589206e-02    2.0000000000e+01    1.1529849962e-04    9.4166666667e-01
       282   -7.7039539108e-01    5.9680052730e-01   -1.2311470789e+00    4.6075168782e-01    3.4706167029e-01    3.3179334769e-01   -1.9374055360e+00    2.7403439072e-02    2.0000000000e+01    1.1874875054e-04    9.0833333333e-01
       283   -7.9886542409e-01    6.4313186940e-01   -1.5733236303e+00    7.7445820622e-01    4.1263417206e-01    3.3179334769e-01   -2.3585241896e+00    4.0773039542e-02    2.0000000000e+01    1.2208125008e-04    9.0000000000e-01
       284   -7.8271943563e-01    6.1877399398e-01   -1.4207549033e+00    6.3803546771e-01    4.3153538336e-01    3.3179334769e-01   -2.2523850891e+00    6.8301454665e-02    2.0000000000e+01    1.2773175058e-04    9.3333333333e-01
       285   -7.8273394816e-01    6.1423346527e-01   -1.4226789221e+00    6.3994497395e-01    3.7632445393e-01    3.3179334769e-01   -2.1611427645e+00    3.0346040779e-02    2.0000000000e+01    1.1707199974e-04    9.0833333333e-01
       286   -7.7849702843e-01    6.1295512226e-01   -1.7720729416e+00    9.9357591317e-01    4.7458599104e-01    3.3179334769e-01   -2.5849337263e+00    6.4814459841e-03    2.0000000000e+01    1.2401174990e-04    9.5833333333e-01
       287   -7.8372297599e-01    6.1544735112e-01   -1.3619121282e+00    5.7818915217e-01    2.7696417287e-01    3.3179334769e-01   -2.0150620579e+00    4.4392409149e-02    2.0000000000e+01    1.1973775008e-04    9.4166666667e-01
       288   -7.6960731386e-01    6.0230119990e-01   -1.1608742892e+00    3.9126697537e-01    3.6238884382e-01    3.3179334769e-01   -1.8653567034e+00    1.0300222648e-02    2.0000000000e+01    1.0053500000e-04    9.5000000000e-01
       289   -7.9358646671e-01    6.3433559721e-01   -1.4931028529e+00    6.9951638621e-01    3.9734282470e-01    3.3179334769e-01   -2.2243948102e+00    2.1557849376e-03    2.0000000000e+01    1.1006099976e-04    9.0833333333e-01
       290   -7.9058251361e-01    6.2854624040e-01   -1.4114580170e+00    6.2087550342e-01    2.9153682001e-01    3.3179334769e-01   -2.1305475186e+00    9.5759333827e-02    2.0000000000e+01    1.6430125015e-04    9.0833333333e-01
       291   -7.6749703483e-01    5.9908154695e-01   -1.3350694898e+00    5.6757245492e-01    7.4423695067e-01    3.3179334769e-01   -2.4320999794e+00    2.1000191237e-02    2.0000000000e+01    4.1681700077e-04    9.1666666667e-01
       292   -8.0857573119e-01    6.6153118228e-01   -2.2441728756e+00    1.4355971444e+00    4.6321185858e-01    3.3179334769e-01   -3.1318411378e+00    9.2663055966e-02    2.0000000000e+01    1.2141325033e-04    9.3333333333e-01
       293   -7.9836469703e-01    6.4211085054e-01   -2.4285416219e+00    1.6301769249e+00    4.4292221255e-01    3.3179334769e-01   -3.2204382806e+00    1.7181098436e-02    2.0000000000e+01    1.2443000060e-04    9.0833333333e-01
       294   -8.0353703061e-01    6.5887227135e-01   -1.8613170004e+00    1.0577799698e+00    5.2071559361e-01    3.3179334769e-01   -2.7156778365e+00    1.8518947661e-03    2.0000000000e+01    1.2236374960e-04    9.2500000000e-01
       295   -7.8338864753e-01    6.1816570456e-01   -2.0144159845e+00    1.2310273369e+00    4.1229795800e-01    3.3179334769e-01   -2.8420070038e+00    8.3499713639e-02    2.0000000000e+01    1.3151250005e-04    9.2500000000e-01
       296   -7.8895692302e-01    6.2597633830e-01   -1.3257477941e+00    5.3679087109e-01    3.6045427333e-01    3.3179334769e-01   -2.1029684590e+00    8.4973043844e-02    2.0000000000e+01    1.2047550035e-04    9.0000000000e-01
       297   -7.6870958708e-01    5.9435421203e-01   -1.1293383405e+00    3.6062875338e-01    4.5682409184e-01    3.3179334769e-01   -1.9199747296e+00    2.0189496314e-03    2.0000000000e+01    1.1597150069e-04    9.6666666667e-01
       298   -7.7930695607e-01    6.1511896022e-01   -9.3054538210e-01    1.5123842603e-01    3.0036302516e-01    3.3179334769e-01   -1.6026654082e+00    3.9963653220e-02    2.0000000000e+01    1.2134049985e-04    9.6666666667e-01
       299   -8.0878799394e-01    6.8874844311e-01   -1.3583863276e+00    5.4959833366e-01    3.8599796736e-01    3.3179334769e-01   -2.0827722353e+00    6.5945926481e-03    2.0000000000e+01    1.1679924955e-04    9.4166666667e-01
       300   -7.9570153237e-01    6.3979085066e-01   -1.0239851603e+00    2.2828362795e-01    2.9506864787e-01    3.3179334769e-01   -1.6530366318e+00    2.1894759541e-03    2.0000000000e+01    1.0751849959e-04    9.4166666667e-01
       301   -8.0495351559e-01    6.6862174208e-01   -1.3667531129e+00    5.6179959726e-01    3.5281868004e-01    3.3179334769e-01   -2.0571297703e+00    5.7646297563e-03    2.0000000000e+01    1.0505024966e-04    9.4166666667e-01
       302   -7.8170095077e-01    6.1435854394e-01   -1.4817087439e+00    7.0000779314e-01    4.1969392435e-01    3.3179334769e-01   -2.3295739285e+00    9.6377912517e-02    2.0000000000e+01    1.1975749976e-04    9.4166666667e-01
       303   -7.9353528307e-01    6.3696615121e-01   -1.7362522688e+00    9.4271698569e-01    4.7316996090e-01    3.3179334769e-01   -2.5626076944e+00    2.1392117027e-02    2.0000000000e+01    1.4141949987e-04    9.3333333333e-01
       304   -7.6973981678e-01    6.0045147813e-01   -1.8786481100e+00    1.1089082932e+00    4.2196662605e-01    3.3179334769e-01   -2.6354570131e+00    3.0489293410e-03    2.0000000000e+01    1.0535500041e-04    9.2500000000e-01
       305   -8.7971054533e-01    7.9865539247e-01   -1.5455833784e+00    6.6587283306e-01    3.7571991807e-01    3.3179334769e-01   -2.3088496003e+00    5.5752956167e-02    2.0000000000e+01    1.2425824980e-04    9.0833333333e-01
       306   -7.7786917524e-01    6.0970626857e-01   -1.6863989669e+00    9.0852979169e-01    3.5328183013e-01    3.3179334769e-01   -2.3773783304e+00    5.9041856371e-03    2.0000000000e+01    1.1757824950e-04    9.2500000000e-01
       307   -7.7352227251e-01    6.1442762218e-01   -1.1597883201e+00    3.8626604755e-01    3.4488202053e-01    3.3179334769e-01   -2.0696327934e+00    2.3316910507e-01    2.0000000000e+01    2.7222075005e-04    9.0000000000e-01
       308   -7.7746940986e-01    6.1038041819e-01   -1.6272236163e+00    8.4975420649e-01    5.0459696482e-01    3.3179334769e-01   -2.4655332358e+00    1.9193069308e-03    2.0000000000e+01    1.2714500008e-04    9.5833333333e-01
       309   -7.5350046677e-01    5.7311994912e-01   -1.6868213730e+00    9.3332090626e-01    4.7658068533e-01    3.3179334769e-01   -2.5072283835e+00    1.2032977472e-02    2.0000000000e+01    1.2043249990e-04    9.0833333333e-01
       310   -7.6740241018e-01    5.9515837630e-01   -1.0498766906e+00    2.8247428039e-01    4.3006310209e-01    3.3179334769e-01   -1.8354612582e+00    2.3728117884e-02    2.0000000000e+01    1.2153974967e-04    9.6666666667e-01
       311   -7.7292014493e-01    6.0179209610e-01   -1.4859985130e+00    7.1307836803e-01    4.7989503002e-01    3.3179334769e-01   -2.3002200515e+00    2.5331608221e-03    2.0000000000e+01    1.1633224904e-04    9.4166666667e-01
       312   -7.8350296472e-01    6.1762372983e-01   -1.7326577538e+00    9.4915478910e-01    4.9968110233e-01    3.3179334769e-01   -2.5867509542e+00    2.2618750410e-02    2.0000000000e+01    1.3413199986e-04    9.3333333333e-01
       313   -7.9837552050e-01    6.4132822892e-01   -1.5196637670e+00    7.2128824653e-01    3.1816590683e-01    3.3179334769e-01   -2.1732605944e+00    3.6375728245e-03    2.0000000000e+01    1.0760649911e-04    9.2500000000e-01
       314   -7.9786766811e-01    6.4124025074e-01   -1.3947118936e+00    5.9684422552e-01    3.9735825546e-01    3.3179334769e-01   -2.1854731142e+00    6.1609617426e-02    2.0000000000e+01    1.1572474932e-04    9.0833333333e-01
       315   -7.5756596898e-01    5.8304562623e-01   -1.1269407260e+00    3.6937475706e-01    3.4368981734e-01    3.3179334769e-01   -1.8443102888e+00    4.1886397748e-02    2.0000000000e+01    1.1690274960e-04    9.5833333333e-01
       316   -7.6473318728e-01    5.9674060922e-01   -1.1574345389e+00    3.9270135166e-01    4.4518031150e-01    3.3179334769e-01   -1.9360817459e+00    1.6735478258e-03    2.0000000000e+01    1.1336799980e-04    9.5000000000e-01
       317   -7.9502958044e-01    6.4294784846e-01   -1.8623966686e+00    1.0673670882e+00    4.3583300962e-01    3.3179334769e-01   -2.6333100852e+00    3.2870593285e-03    2.0000000000e+01    1.0858750011e-04    9.0833333333e-01
       318   -7.7245410243e-01    6.0554292980e-01   -1.5210668182e+00    7.4861271579e-01    4.6191948195e-01    3.3179334769e-01   -2.3231142569e+00    8.3346090818e-03    2.0000000000e+01    1.3035724942e-04    9.7500000000e-01
       319   -7.4907053612e-01    5.7210762614e-01   -1.5060250536e+00    7.5695451743e-01    5.3773809084e-01    3.3179334769e-01   -2.3798156770e+00    4.2591849564e-03    2.0000000000e+01    1.1824399917e-04    9.3333333333e-01
       320   -7.7988265068e-01    6.2533027138e-01   -1.9704753672e+00    1.1905927165e+00    6.9035138746e-01    3.3179334769e-01   -3.0520402446e+00    5.9420142257e-02    2.0000000000e+01    1.1758549954e-04    9.0000000000e-01
       321   -7.9682347414e-01    6.3704459078e-01   -1.5439521119e+00    7.4712863781e-01    4.1323490701e-01    3.3179334769e-01   -2.3500460391e+00    6.1065672484e-02    2.0000000000e+01    1.3034499989e-04    9.6666666667e-01
       322   -7.8204062533e-01    6.1867024965e-01   -1.2243832263e+00    4.4234260095e-01    3.4916795903e-01    3.3179334769e-01   -2.0123441083e+00    1.0699957531e-01    2.0000000000e+01    1.1442249979e-04    9.3333333333e-01
       323   -7.3306732007e-01    5.4391767251e-01   -1.5049319635e+00    7.7186464345e-01    4.1859232165e-01    3.3179334769e-01   -2.2603122807e+00    4.9946478247e-03    2.0000000000e+01    1.2661799974e-04    9.5833333333e-01
       324   -8.0977226787e-01    6.8498950339e-01   -9.5854860591e-01    1.4877633803e-01    2.3851316351e-01    3.3179334769e-01   -1.5459206495e+00    1.7065532416e-02    2.0000000000e+01    1.0580699927e-04    9.5000000000e-01
       325   -8.3108541246e-01    7.2698847232e-01   -1.3555786321e+00    5.2449321962e-01    3.3659615771e-01    3.3179334769e-01   -2.0243243744e+00    3.5623696170e-04    2.0000000000e+01    1.0674299983e-04    9.4166666667e-01
       326   -7.4993260649e-01    5.6704947920e-01   -1.6398559304e+00    8.8992332387e-01    4.9145544291e-01    3.3179334769e-01   -2.5471933636e+00    8.4088642608e-02    2.0000000000e+01    1.1381124978e-04    9.0000000000e-01
       327   -7.9647033398e-01    6.3943855157e-01   -1.2194006479e+00    4.2293031394e-01    4.0030486940e-01    3.3179334769e-01   -1.9772409393e+00    2.5742074284e-02    2.0000000000e+01    1.1721374995e-04    8.9166666667e-01
       328   -7.8397959835e-01    6.2438081216e-01   -1.0898410763e+00    3.0586147793e-01    3.4779890772e-01    3.3179334769e-01   -1.7713360132e+00    1.9026815200e-03    2.0000000000e+01    1.1835250007e-04    1.0000000000e+00
       329   -8.3010768471e-01    7.2666127100e-01   -1.5133231670e+00    6.8321548232e-01    3.1750897149e-01    3.3179334769e-01   -2.1950166417e+00    3.2391155472e-02    2.0000000000e+01    1.2428850005e-04    9.3333333333e-01
       330   -8.0861181032e-01    6.6550773897e-01   -1.4702784852e+00    6.6166667491e-01    2.6821304658e-01    3.3179334769e-01   -2.0707067685e+00    4.2188901662e-04    2.0000000000e+01    1.1443125004e-04    9.0000000000e-01
       331   -7.0078915183e-01    5.0380934932e-01   -1.1399197268e+00    4.3913057500e-01    2.8709573213e-01    3.3179334769e-01   -1.7725428923e+00    1.3734085671e-02    2.0000000000e+01    1.1039250057e-04    9.1666666667e-01
       332   -6.8905751204e-01    4.8957175704e-01   -1.0479003151e+00    3.5884280310e-01    3.1910152102e-01    3.3179334769e-01   -1.7863523086e+00    8.7557124766e-02    2.0000000000e+01    1.0435025024e-04    9.4166666667e-01
       333   -7.8696216694e-01    6.5011479701e-01   -1.0042992569e+00    2.1733708995e-01    2.7923757018e-01    3.3179334769e-01   -1.6705241832e+00    5.5194008462e-02    2.0000000000e+01    1.0892999990e-04    9.5833333333e-01
       334   -8.6155114735e-01    8.1317532121e-01   -1.3240558860e+00    4.6250473866e-01    2.6823502391e-01    3.3179334769e-01   -1.9960683582e+00    7.1984100566e-02    2.0000000000e+01    1.1915325058e-04    9.3333333333e-01
       335   -7.9873329604e-01    6.4262213809e-01   -1.3877006458e+00    5.8896734976e-01    2.7695224588e-01    3.3179334769e-01   -2.0582149632e+00    6.1768723837e-02    2.0000000000e+01    1.1704674989e-04    9.5833333333e-01
       336   -8.3066121334e-01    7.0648397936e-01   -1.2089982301e+00    3.7833701677e-01    4.3339490478e-01    3.3179334769e-01   -2.0155763195e+00    4.1389836934e-02    2.0000000000e+01    1.2844799949e-04    8.9166666667e-01
       337   -7.7872318927e-01    6.1146437394e-01   -1.1802211235e+00    4.0149793423e-01    4.6231704154e-01    3.3179334769e-01   -1.9803394864e+00    6.0079736304e-03    2.0000000000e+01    1.1213024982e-04    9.0000000000e-01
       338   -7.5458335421e-01    6.1141566539e-01   -1.1890756270e+00    4.3449227274e-01    4.4473301585e-01    3.3179334769e-01   -2.2051821344e+00    2.3958014391e-01    2.0000000000e+01    1.1730924962e-04    9.4166666667e-01
       339   -7.4833210327e-01    5.6326811071e-01   -1.6185389266e+00    8.7020682329e-01    5.7684558707e-01    3.3179334769e-01   -2.6318435868e+00    1.0466572551e-01    2.0000000000e+01    1.2944975015e-04    9.2500000000e-01
       340   -7.7554289253e-01    6.0627562377e-01   -1.4474221491e+00    6.7187925656e-01    3.9317795151e-01    3.3179334769e-01   -2.1961270341e+00    2.3733585846e-02    2.0000000000e+01    1.2740024931e-04    8.7500000000e-01
       341   -8.0392331041e-01    6.5089055196e-01   -1.3635058341e+00    5.5958252370e-01    3.7472952117e-01    3.3179334769e-01   -2.2464755188e+00    1.7644681584e-01    2.0000000000e+01    1.2304649999e-04    9.5000000000e-01
       342   -7.7874091056e-01    6.1004790494e-01   -1.9943849700e+00    1.2156440594e+00    4.9250015095e-01    3.3179334769e-01   -2.8824962642e+00    6.3817795585e-02    2.0000000000e+01    1.3756149974e-04    9.0833333333e-01
       343   -8.2559012896e-01    6.8593831551e-01   -1.7112765283e+00    8.8568639938e-01    3.8987921599e-01    3.3179334769e-01   -2.4811225896e+00    4.8173497543e-02    2.0000000000e+01    1.3078800021e-04    9.2500000000e-01
       344   -7.9050176375e-01    6.3397363416e-01   -1.8330497923e+00    1.0425480285e+00    4.3280331774e-01    3.3179334769e-01   -2.6437174897e+00    4.6071031969e-02    2.0000000000e+01    1.3541850012e-04    9.2500000000e-01
       345   -7.9401823732e-01    6.3720131766e-01   -1.7158803218e+00    9.2186208452e-01    5.1232761471e-01    3.3179334769e-01   -2.5699576581e+00    9.9563738611e-03    2.0000000000e+01    1.3409550002e-04    9.5000000000e-01
       346   -7.7635154935e-01    6.1108964177e-01   -1.3726760235e+00    5.9632447413e-01    3.4986306851e-01    3.3179334769e-01   -2.0596926007e+00    5.3601609741e-03    2.0000000000e+01    3.2272799945e-04    9.5833333333e-01
       347   -7.9203314351e-01    6.7077799754e-01   -1.2278751032e+00    4.3584195973e-01    3.1596701502e-01    3.3179334769e-01   -1.8803628919e+00    4.7274259459e-03    2.0000000000e+01    1.2162074972e-04    9.4166666667e-01
       348   -7.9221204517e-01    6.3605510330e-01   -1.0495601003e+00    2.5734805514e-01    3.9499390357e-01    3.3179334769e-01   -1.7807795413e+00    4.4321897457e-03    2.0000000000e+01    9.8570500086e-05    9.7500000000e-01
       349   -7.6024907741e-01    5.8222293509e-01   -1.2666044600e+00    5.0635538257e-01    3.9062810798e-01    3.3179334769e-01   -2.0026086007e+00    1.3582685072e-02    2.0000000000e+01    1.2008574959e-04    9.5833333333e-01
       350   -8.3609435817e-01    8.4531765646e-01   -7.7638303629e-01   -5.9711321877e-02    3.0355947582e-01    3.3179334769e-01   -1.8132047846e+00    4.0146892480e-01    2.0000000000e+01    1.1778649969e-04    9.5000000000e-01
       351   -7.4064472745e-01    5.5425931222e-01   -7.7019715030e-01    2.9552422841e-02    3.6397272825e-01    3.3179334769e-01   -1.6309071332e+00    1.6494390701e-01    2.0000000000e+01    1.1128024971e-04    9.8333333333e-01
       352   -7.4630000336e-01    5.6650262983e-01   -1.2796050524e+00    5.3330504909e-01    3.6501311371e-01    3.3179334769e-01   -1.9773672025e+00    9.5568869559e-04    2.0000000000e+01    1.3224075019e-04    9.6666666667e-01
       353   -8.3534396885e-01    7.0179241452e-01   -1.3726801238e+00    5.3733615496e-01    3.4891643405e-01    3.3179334769e-01   -2.0590700536e+00    5.6801480944e-03    2.0000000000e+01    1.2128025037e-04    9.2500000000e-01
       354   -7.6667213157e-01    5.9003518453e-01   -1.1169040359e+00    3.5023190429e-01    4.1272675795e-01    3.3179334769e-01   -1.9401542880e+00    7.8730146518e-02    2.0000000000e+01    1.2872525076e-04    9.4166666667e-01
       355   -8.0125730078e-01    6.4392441613e-01   -1.5505441372e+00    7.4928683646e-01    3.7321983724e-01    3.3179334769e-01   -2.2619410311e+00    6.3837089487e-03    2.0000000000e+01    2.3491974980e-04    9.5000000000e-01
       356   -7.8945972234e-01    6.2705042585e-01   -1.6088151367e+00    8.1935541439e-01    3.8095911252e-01    3.3179334769e-01   -2.3259402158e+00    4.3726188213e-03    2.0000000000e+01    1.2174850053e-04    9.4166666667e-01
       357   -7.2847428404e-01    5.5847116760e-01   -1.5060289100e+00    7.7755462592e-01    3.2337504348e-01    3.3179334769e-01   -2.1756977955e+00    1.4500494359e-02    2.0000000000e+01    1.2005874987e-04    9.3333333333e-01
       358   -7.5407838763e-01    5.9298141081e-01   -1.4374812520e+00    6.8340286439e-01    3.2738165229e-01    3.3179334769e-01   -2.1700867281e+00    7.3430476103e-02    2.0000000000e+01    1.3160400022e-04    9.3333333333e-01
       359   -8.0773950693e-01    6.6010013932e-01   -1.4726790446e+00    6.6493953763e-01    3.2841927272e-01    3.3179334769e-01   -2.1550394625e+00    2.2147797497e-02    2.0000000000e+01    1.2228974947e-04    9.3333333333e-01
       360   -7.6180371454e-01    5.8584573008e-01   -1.2925153287e+00    5.3071161418e-01    3.7802193650e-01    3.3179334769e-01   -2.0559008797e+00    5.3570266798e-02    2.0000000000e+01    1.2563724931e-04    9.5000000000e-01
       361   -7.6005074361e-01    5.7904928008e-01   -1.2691641903e+00    5.0911344670e-01    3.8979589179e-01    3.3179334769e-01   -2.0165328829e+00    2.5779453095e-02    2.0000000000e+01    1.2453049976e-04    9.5833333333e-01
       362   -8.0696537289e-01    6.5794905449e-01   -1.7087542180e+00    9.0178884513e-01    6.3020795476e-01    3.3179334769e-01   -2.7421304430e+00    7.1374922546e-02    2.0000000000e+01    1.3081100042e-04    9.1666666667e-01
       363   -7.2895927604e-01    5.3888216565e-01   -1.6081367276e+00    8.7917745156e-01    7.4673603745e-01    3.3179334769e-01   -2.7006564108e+00    1.3990298108e-02    2.0000000000e+01    1.8969175017e-04    8.8333333333e-01
       364   -8.1738219125e-01    6.7484944326e-01   -1.5746353878e+00    7.5725319659e-01    4.9725588546e-01    3.3179334769e-01   -2.5042586882e+00    1.0057406724e-01    2.0000000000e+01    1.5060900023e-04    8.9166666667e-01
       365   -8.1810551872e-01    6.7694116203e-01   -1.6645531039e+00    8.4644758518e-01    4.5011614551e-01    3.3179334769e-01   -2.4535799334e+00    7.1173362737e-03    2.0000000000e+01    1.3765899985e-04    9.2500000000e-01
       366   -8.0329644889e-01    6.4846979550e-01   -1.2198611234e+00    4.1656467451e-01    3.0416507691e-01    3.3179334769e-01   -1.9856734739e+00    1.2985392586e-01    2.0000000000e+01    1.3929374973e-04    9.6666666667e-01
       367   -7.7421833318e-01    6.0404522256e-01   -1.1476175549e+00    3.7339922175e-01    2.3000619871e-01    3.3179334769e-01   -1.7123085667e+00    2.8914653647e-03    2.0000000000e+01    1.1575549979e-04    9.3333333333e-01
       368   -7.6104757677e-01    6.0319532441e-01   -1.3584733468e+00    5.9742576998e-01    7.7356248095e-01    3.3179334769e-01   -2.5023196160e+00    3.8490440633e-02    2.0000000000e+01    1.3253225052e-04    9.1666666667e-01
       369   -7.7788294110e-01    6.1168932931e-01   -1.5353545215e+00    7.5747158042e-01    5.4066097789e-01    3.3179334769e-01   -2.4598005705e+00    5.1991723348e-02    2.0000000000e+01    1.2119374924e-04    9.0000000000e-01
       370   -7.9887700751e-01    6.4593633059e-01   -1.3888309438e+00    5.8995393633e-01    3.7131514031e-01    3.3179334769e-01   -2.0939083186e+00    1.9688867312e-03    2.0000000000e+01    1.0813949984e-04    9.3333333333e-01
       371   -7.8176449375e-01    6.1462432596e-01   -1.1528919830e+00    3.7112748920e-01    3.4045519471e-01    3.3179334769e-01   -1.8512503119e+00    2.6109786536e-02    2.0000000000e+01    1.1259050007e-04    9.6666666667e-01
       372   -7.6259153431e-01    5.8483270436e-01   -1.2474285820e+00    4.8483704765e-01    3.5261018356e-01    3.3179334769e-01   -2.0507545305e+00    1.1892241726e-01    2.0000000000e+01    1.0742375025e-04    9.2500000000e-01
       373   -7.1296159083e-01    5.3005704907e-01   -1.8989277529e+00    1.1859661621e+00    5.1388482934e-01    3.3179334769e-01   -2.7455180788e+00    9.1214887162e-04    2.0000000000e+01    1.1796824992e-04    9.3333333333e-01
       374   -7.5423360136e-01    5.8695665472e-01   -1.0964955816e+00    3.4226198027e-01    4.0491856427e-01    3.3179334769e-01   -1.8353226470e+00    2.1151534453e-03    2.0000000000e+01    1.5516024996e-04    9.5000000000e-01
       375   -8.0375636515e-01    6.5195079574e-01   -1.4092975556e+00    6.0554119049e-01    3.7663973232e-01    3.3179334769e-01   -2.1331543384e+00    1.5423702781e-02    2.0000000000e+01    1.1437849980e-04    9.4166666667e-01
       376   -7.5217783160e-01    5.7358613477e-01   -8.8260016300e-01    1.3042233140e-01    3.3502741014e-01    3.3179334769e-01   -1.5827213771e+00    3.3300456263e-02    2.0000000000e+01    1.1029799953e-04    9.6666666667e-01
       377   -8.0865242812e-01    6.8770295329e-01   -1.2373609082e+00    4.2870848010e-01    3.5595740983e-01    3.3179334769e-01   -1.9492320803e+00    2.4120414581e-02    2.0000000000e+01    1.1949849977e-04    9.2500000000e-01
       378   -7.7074196551e-01    5.9967372958e-01   -1.0876376976e+00    3.1689573205e-01    3.1263337031e-01    3.3179334769e-01   -1.8120885164e+00    8.0024100849e-02    2.0000000000e+01    1.2890725020e-04    9.5000000000e-01
       379   -7.7852563970e-01    6.0844624715e-01   -1.4157855485e+00    6.3725990881e-01    3.1284492034e-01    3.3179334769e-01   -2.1259928773e+00    6.5569060780e-02    2.0000000000e+01    1.1795874980e-04    9.4166666667e-01
       380   -8.0071589666e-01    6.4837119427e-01   -1.4947393260e+00    6.9402342936e-01    3.5799631716e-01    3.3179334769e-01   -2.3511772056e+00    1.6664821472e-01    2.0000000000e+01    1.2620900043e-04    9.1666666667e-01
       381   -7.9344112241e-01    6.3402056917e-01   -1.3348174283e+00    5.4137630593e-01    4.0541237935e-01    3.3179334769e-01   -2.0850726781e+00    1.3049522737e-02    2.0000000000e+01    1.1945474989e-04    9.2500000000e-01
       382   -8.0191022572e-01    6.4697432084e-01   -1.8331451334e+00    1.0312349076e+00    4.9438927836e-01    3.3179334769e-01   -2.6683313504e+00    9.0035909322e-03    2.0000000000e+01    1.1424124978e-04    9.2500000000e-01
       383   -7.7639785454e-01    6.0794057987e-01   -1.7618623893e+00    9.8546453476e-01    5.4728126114e-01    3.3179334769e-01   -2.6712330745e+00    3.0296076346e-02    2.0000000000e+01    1.2732074947e-04    8.8333333333e-01
       384   -7.8623041647e-01    6.1970003973e-01   -1.2122046464e+00    4.2597422996e-01    3.7345366191e-01    3.3179334769e-01   -1.9396242095e+00    2.2172553491e-02    2.0000000000e+01    1.2557225045e-04    9.5000000000e-01
       385   -7.6594673546e-01    5.9085489290e-01   -1.4280188550e+00    6.6207211956e-01    3.6037297098e-01    3.3179334769e-01   -2.1624862151e+00    4.2301041364e-02    2.0000000000e+01    1.3412174985e-04    9.3333333333e-01
       386   -7.2363063735e-01    5.5270745672e-01   -1.0470045183e+00    3.2337388100e-01    4.5250261524e-01    3.3179334769e-01   -1.9423435104e+00    1.1104302917e-01    2.0000000000e+01    1.3028574949e-04    9.4166666667e-01
       387   -8.0175983689e-01    6.5410752883e-01   -1.3894526676e+00    5.8769283075e-01    3.9502478240e-01    3.3179334769e-01   -2.1468136571e+00    3.0542859321e-02    2.0000000000e+01    1.2742950003e-04    9.0000000000e-01
       388   -7.8043268813e-01    6.1292309047e-01   -1.5341506175e+00    7.5371792942e-01    3.9544371971e-01    3.3179334769e-01   -2.3720011079e+00    1.1061342297e-01    2.0000000000e+01    1.2420075018e-04    9.8333333333e-01
       389   -7.9504664316e-01    6.3927400132e-01   -1.7059481917e+00    9.1090154852e-01    7.5209231134e-01    3.3179334769e-01   -2.7993453636e+00    9.5115128721e-03    2.0000000000e+01    1.2215375000e-04    8.8333333333e-01
       390   -7.4583706089e-01    5.8163376444e-01   -1.4811569997e+00    7.3531993880e-01    5.0263366698e-01    3.3179334769e-01   -2.4562998292e+00    1.4071581486e-01    2.0000000000e+01    1.3111099997e-04    9.4166666667e-01
       391   -7.5092171545e-01    5.7313039377e-01   -1.6377532446e+00    8.8683152912e-01    4.3734238376e-01    3.3179334769e-01   -2.4716141554e+00    6.4725179352e-02    2.0000000000e+01    1.5741699963e-04    9.1666666667e-01
       392   -7.4836022574e-01    5.6421035804e-01   -1.0825556274e+00    3.3419540162e-01    4.7074942733e-01    3.3179334769e-01   -1.9167003309e+00    3.1601928489e-02    2.0000000000e+01    1.2496225008e-04    9.9166666667e-01
       393   -7.5465631018e-01    5.7755705889e-01   -1.9970356808e+00    1.2423793706e+00    5.0801461767e-01    3.3179334769e-01   -2.8571430919e+00    2.0299445704e-02    2.0000000000e+01    1.4240449946e-04    9.1666666667e-01
       394   -8.0277740607e-01    6.5070546794e-01   -1.1485067977e+00    3.4572939158e-01    4.9025986867e-01    3.3179334769e-01   -2.0226726720e+00    5.2112657975e-02    2.0000000000e+01    1.0807524950e-04    9.7500000000e-01
       395   -7.7856822253e-01    6.2032872715e-01   -1.3924659209e+00    6.1389769835e-01    4.3796380398e-01    3.3179334769e-01   -2.1704852906e+00    8.2622180181e-03    2.0000000000e+01    1.1664500016e-04    9.7500000000e-01
       396   -7.9891482421e-01    6.4508125101e-01   -1.7936701385e+00    9.9475531433e-01    5.5818975804e-01    3.3179334769e-01   -2.7876939180e+00    1.0404067374e-01    2.0000000000e+01    1.4109574931e-04    9.2500000000e-01
       397   -7.8293061865e-01    6.1602271811e-01   -1.5279289431e+00    7.4499832450e-01    2.7666943772e-01    3.3179334769e-01   -2.1442769047e+00    7.8851761505e-03    2.0000000000e+01    1.1195375055e-04    9.1666666667e-01
       398   -7.8848821910e-01    6.2796062178e-01   -2.0086352256e+00    1.2201470065e+00    3.9249428108e-01    3.3179334769e-01   -2.7412803960e+00    8.3575416403e-03    2.0000000000e+01    4.2048949990e-04    9.1666666667e-01
       399   -7.8309959140e-01    6.1530371457e-01   -1.5948818300e+00    8.1178223855e-01    3.3601825506e-01    3.3179334769e-01   -2.2650318053e+00    2.3383725614e-03    2.0000000000e+01    1.0180400022e-04    8.7500000000e-01
