#   index    LocalEnergy         LocalEnergy_sq      LocalPotential      Kinetic             ElecElec            LocalECP            NonLocalECP         BlockWeight         BlockCPU            AcceptRatio         
         0   -4.6515704299e+01    2.1643019159e+03   -6.5741588832e+01    1.9225884533e+01    3.0201646979e+01   -1.0414529997e+02    8.2020641579e+00    4.0958100000e+05    2.2122723123e+00    9.9340532836e-01
         1   -4.6516142292e+01    2.1643185939e+03   -6.5765300235e+01    1.9249157942e+01    3.0230087549e+01   -1.0426247727e+02    8.2670894909e+00    4.0955800000e+05    1.9180462356e+00    9.9348186350e-01
         2   -4.6518092855e+01    2.1645405968e+03   -6.5820070811e+01    1.9301977955e+01    3.0228383449e+01   -1.0421503404e+02    8.1665797795e+00    4.0868200000e+05    1.2220243926e+00    9.9344003781e-01
         3   -4.6520316133e+01    2.1647323369e+03   -6.5724675193e+01    1.9204359061e+01    3.0193876999e+01   -1.0412790160e+02    8.2093494085e+00    4.0621100000e+05    1.0712515230e+00    9.9352201854e-01
         4   -4.6519077092e+01    2.1646110586e+03   -6.5774919418e+01    1.9255842326e+01    3.0220643131e+01   -1.0423757463e+02    8.2420120792e+00    4.0768900000e+05    1.0940336778e+00    9.9351655441e-01
         5   -4.6518121227e+01    2.1645065439e+03   -6.5727809339e+01    1.9209688111e+01    3.0215581015e+01   -1.0417337313e+02    8.2299827743e+00    4.0899700000e+05    1.0735947595e+00    9.9348097955e-01
         6   -4.6516284815e+01    2.1643537071e+03   -6.5668112104e+01    1.9151827288e+01    3.0164857132e+01   -1.0404852033e+02    8.2155510898e+00    4.0932700000e+05    1.1978167444e+00    9.9351530180e-01
         7   -4.6517281458e+01    2.1644271258e+03   -6.5717928478e+01    1.9200647020e+01    3.0117697754e+01   -1.0397746128e+02    8.1418350517e+00    4.1036700000e+05    1.0958165597e+00    9.9355474838e-01
         8   -4.6516043017e+01    2.1643271214e+03   -6.5744078799e+01    1.9228035782e+01    3.0188943114e+01   -1.0416989586e+02    8.2368739513e+00    4.0714200000e+05    1.0663851131e+00    9.9337920150e-01
         9   -4.6521348939e+01    2.1648195892e+03   -6.5805255008e+01    1.9283906069e+01    3.0213610929e+01   -1.0427111270e+02    8.2522467654e+00    4.0934400000e+05    1.1078449098e+00    9.9349082186e-01
        10   -4.6520415905e+01    2.1647880750e+03   -6.5746829713e+01    1.9226413808e+01    3.0156044595e+01   -1.0420900802e+02    8.3061337086e+00    4.0867700000e+05    1.7643711672e+00    9.9355440624e-01
        11   -4.6520242011e+01    2.1647138002e+03   -6.5773008186e+01    1.9252766176e+01    3.0178905104e+01   -1.0410645238e+02    8.1545390923e+00    4.1040100000e+05    1.0611650602e+00    9.9351910568e-01
        12   -4.6516733535e+01    2.1643956932e+03   -6.5885829984e+01    1.9369096450e+01    3.0289350459e+01   -1.0447447216e+02    8.2992917171e+00    4.0881200000e+05    1.3851701766e+00    9.9340975762e-01
        13   -4.6520688602e+01    2.1647594201e+03   -6.5778619624e+01    1.9257931023e+01    3.0180742272e+01   -1.0422796811e+02    8.2686062100e+00    4.1051100000e+05    1.7934530036e+00    9.9338751751e-01
        14   -4.6519062657e+01    2.1646068269e+03   -6.5735277642e+01    1.9216214985e+01    3.0172314669e+01   -1.0411864039e+02    8.2110480816e+00    4.0993900000e+05    1.4348345714e+00    9.9349114316e-01
        15   -4.6522018643e+01    2.1649201120e+03   -6.5727017415e+01    1.9204998773e+01    3.0189748730e+01   -1.0416439341e+02    8.2476272667e+00    4.0641300000e+05    1.1583981155e+00    9.9337816535e-01
        16   -4.6519977789e+01    2.1646889838e+03   -6.5627666101e+01    1.9107688312e+01    3.0143590495e+01   -1.0391087392e+02    8.1396173222e+00    4.1093800000e+05    1.2142726157e+00    9.9345880262e-01
        17   -4.6519038342e+01    2.1645852831e+03   -6.5606571248e+01    1.9087532905e+01    3.0128235272e+01   -1.0386402296e+02    8.1292164362e+00    4.1132100000e+05    1.1764611510e+00    9.9355123075e-01
        18   -4.6517963793e+01    2.1644924777e+03   -6.5707571053e+01    1.9189607260e+01    3.0166496844e+01   -1.0404234698e+02    8.1682790813e+00    4.0756000000e+05    1.0942397543e+00    9.9347780515e-01
        19   -4.6519650688e+01    2.1646794935e+03   -6.5790456794e+01    1.9270806106e+01    3.0197151197e+01   -1.0423786272e+02    8.2502547337e+00    4.0557100000e+05    1.0782142904e+00    9.9348040972e-01
        20   -4.6522445161e+01    2.1649079480e+03   -6.5679761375e+01    1.9157316214e+01    3.0186942017e+01   -1.0409140241e+02    8.2246990204e+00    4.0127400000e+05    1.0997163610e+00    9.9356296906e-01
        21   -4.6516072834e+01    2.1643310208e+03   -6.5731078170e+01    1.9215005336e+01    3.0184078741e+01   -1.0414162361e+02    8.2264666975e+00    4.0831600000e+05    1.2892586817e+00    9.9351338568e-01
        22   -4.6522120674e+01    2.1649228301e+03   -6.5691368391e+01    1.9169247717e+01    3.0167927517e+01   -1.0401344626e+02    8.1541503531e+00    4.0933700000e+05    1.1653845779e+00    9.9359021892e-01
        23   -4.6517339610e+01    2.1644631884e+03   -6.5754723064e+01    1.9237383454e+01    3.0231804195e+01   -1.0426687614e+02    8.2803488830e+00    4.1016000000e+05    1.0778834798e+00    9.9344085567e-01
        24   -4.6520841184e+01    2.1647729930e+03   -6.5720704618e+01    1.9199863435e+01    3.0192123560e+01   -1.0417315614e+02    8.2603279602e+00    4.0934200000e+05    1.1377883698e+00    9.9346039348e-01
        25   -4.6523511012e+01    2.1650270805e+03   -6.5723319524e+01    1.9199808512e+01    3.0158089002e+01   -1.0407737101e+02    8.1959624844e+00    4.0881900000e+05    1.0586923405e+00    9.9345844238e-01
        26   -4.6525304402e+01    2.1652266180e+03   -6.5783478584e+01    1.9258174182e+01    3.0235905479e+01   -1.0423552392e+02    8.2161398605e+00    4.0737200000e+05    1.0934324203e+00    9.9347569772e-01
        27   -4.6518808302e+01    2.1645641581e+03   -6.5744437057e+01    1.9225628756e+01    3.0180247662e+01   -1.0408596985e+02    8.1612851288e+00    4.0900200000e+05    1.1115089918e+00    9.9345604859e-01
        28   -4.6519696012e+01    2.1646389937e+03   -6.5705528212e+01    1.9185832200e+01    3.0224877566e+01   -1.0421142109e+02    8.2810153084e+00    4.0900700000e+05    1.2825005681e+00    9.9344923191e-01
        29   -4.6523277473e+01    2.1650211956e+03   -6.5873063905e+01    1.9349786432e+01    3.0233438969e+01   -1.0434395937e+02    8.2374564934e+00    4.0926000000e+05    1.4064690729e+00    9.9348278223e-01
        30   -4.6516478695e+01    2.1643668324e+03   -6.5721651779e+01    1.9205173084e+01    3.0129795937e+01   -1.0399197655e+02    8.1405288349e+00    4.0997800000e+05    1.3022148272e+00    9.9345636020e-01
        31   -4.6516559069e+01    2.1643532904e+03   -6.5653359505e+01    1.9136800436e+01    3.0114005945e+01   -1.0397420702e+02    8.2068415740e+00    4.1064700000e+05    1.1265831673e+00    9.9349354334e-01
        32   -4.6516463589e+01    2.1643365921e+03   -6.5746729773e+01    1.9230266184e+01    3.0163863446e+01   -1.0411143591e+02    8.2008426906e+00    4.0802800000e+05    1.0627218257e+00    9.9349682543e-01
        33   -4.6519438961e+01    2.1646323657e+03   -6.5693783333e+01    1.9174344371e+01    3.0184329157e+01   -1.0416177449e+02    8.2836620027e+00    4.0599700000e+05    1.0285927872e+00    9.9345557044e-01
        34   -4.6520634170e+01    2.1647664323e+03   -6.5846687383e+01    1.9326053213e+01    3.0208718104e+01   -1.0432284258e+02    8.2674370949e+00    4.1074000000e+05    1.1426403834e+00    9.9353860286e-01
        35   -4.6517445141e+01    2.1644372620e+03   -6.5800300668e+01    1.9282855527e+01    3.0223196263e+01   -1.0416712078e+02    8.1436238448e+00    4.0908200000e+05    1.0710969791e+00    9.9342279360e-01
        36   -4.6522512634e+01    2.1649421654e+03   -6.5682054636e+01    1.9159542002e+01    3.0188369135e+01   -1.0409654364e+02    8.2261198651e+00    4.0606800000e+05    1.0710898945e+00    9.9349945983e-01
        37   -4.6515810014e+01    2.1642915180e+03   -6.5671510189e+01    1.9155700176e+01    3.0196513232e+01   -1.0411421298e+02    8.2461895621e+00    4.0566800000e+05    1.0584389975e+00    9.9347480582e-01
        38   -4.6517877253e+01    2.1644974367e+03   -6.5826843290e+01    1.9308966036e+01    3.0248358757e+01   -1.0430379951e+02    8.2285974662e+00    4.0799700000e+05    1.1346688490e+00    9.9345561166e-01
        39   -4.6514579891e+01    2.1641968668e+03   -6.5832645300e+01    1.9318065409e+01    3.0234257278e+01   -1.0430015670e+02    8.2332541221e+00    4.1153500000e+05    1.0666047431e+00    9.9342701241e-01
        40   -4.6517187199e+01    2.1644549921e+03   -6.5711584128e+01    1.9194396929e+01    3.0276339306e+01   -1.0429094679e+02    8.3030233590e+00    4.1084200000e+05    1.1616681411e+00    9.9346376865e-01
        41   -4.6519520928e+01    2.1646398764e+03   -6.5702929787e+01    1.9183408859e+01    3.0206276255e+01   -1.0404950152e+02    8.1402954745e+00    4.0936500000e+05    1.0737482011e+00    9.9349912454e-01
        42   -4.6516893542e+01    2.1644250187e+03   -6.5692857263e+01    1.9175963721e+01    3.0204018188e+01   -1.0410908232e+02    8.2122068647e+00    4.0952000000e+05    1.0699015987e+00    9.9345271148e-01
        43   -4.6514058069e+01    2.1641553326e+03   -6.5662779519e+01    1.9148721450e+01    3.0201739474e+01   -1.0410285412e+02    8.2383351289e+00    4.0742800000e+05    1.0584060348e+00    9.9350823719e-01
        44   -4.6518098724e+01    2.1645015009e+03   -6.5597173471e+01    1.9079074747e+01    3.0153373103e+01   -1.0397597761e+02    8.2254310391e+00    4.0728100000e+05    1.0744881406e+00    9.9344023300e-01
        45   -4.6514816812e+01    2.1642373580e+03   -6.5694238019e+01    1.9179421208e+01    3.0234146130e+01   -1.0406830757e+02    8.1399234170e+00    4.0624600000e+05    1.0292148147e+00    9.9351608156e-01
        46   -4.6513395421e+01    2.1640825573e+03   -6.5827764746e+01    1.9314369324e+01    3.0255151752e+01   -1.0429020468e+02    8.2072881858e+00    4.0651700000e+05    1.0464819955e+00    9.9350370878e-01
        47   -4.6512334637e+01    2.1639771623e+03   -6.5684407827e+01    1.9172073189e+01    3.0184044440e+01   -1.0406023718e+02    8.1917849143e+00    4.0587900000e+05    1.0376726542e+00    9.9351475832e-01
        48   -4.6518245747e+01    2.1645199261e+03   -6.5767201193e+01    1.9248955446e+01    3.0233677513e+01   -1.0427111378e+02    8.2702350749e+00    4.0674900000e+05    1.3476097667e+00    9.9348520425e-01
        49   -4.6518030909e+01    2.1645067488e+03   -6.5798923612e+01    1.9280892704e+01    3.0232617892e+01   -1.0416897770e+02    8.1374361992e+00    4.1071100000e+05    1.0749475456e+00    9.9349363054e-01
        50   -4.6520353571e+01    2.1647328974e+03   -6.5728944014e+01    1.9208590443e+01    3.0156314594e+01   -1.0412844347e+02    8.2431848595e+00    4.1098700000e+05    1.0493751716e+00    9.9350185031e-01
        51   -4.6517351294e+01    2.1644541640e+03   -6.5762989722e+01    1.9245638428e+01    3.0220695986e+01   -1.0422768269e+02    8.2439969775e+00    4.1010000000e+05    1.0735855361e+00    9.9350919645e-01
        52   -4.6519019582e+01    2.1645971112e+03   -6.5823376925e+01    1.9304357343e+01    3.0237666319e+01   -1.0438035235e+02    8.3193091095e+00    4.0900500000e+05    1.0839642396e+00    9.9344653155e-01
        53   -4.6522764472e+01    2.1649400670e+03   -6.5815354786e+01    1.9292590314e+01    3.0241074270e+01   -1.0425201396e+02    8.1955849025e+00    4.1045100000e+05    1.0627148077e+00    9.9350378206e-01
        54   -4.6520773873e+01    2.1647454591e+03   -6.5696376351e+01    1.9175602477e+01    3.0145838001e+01   -1.0400558069e+02    8.1633663339e+00    4.1039200000e+05    1.1478148624e+00    9.9342617186e-01
        55   -4.6517916309e+01    2.1644710709e+03   -6.5778335019e+01    1.9260418710e+01    3.0206970452e+01   -1.0416308988e+02    8.1777844042e+00    4.0967500000e+05    1.2060234415e+00    9.9343605248e-01
        56   -4.6525354085e+01    2.1651985224e+03   -6.5785081561e+01    1.9259727476e+01    3.0226442451e+01   -1.0424176955e+02    8.2302455359e+00    4.0795100000e+05    1.1505799977e+00    9.9353249911e-01
        57   -4.6516171799e+01    2.1643427790e+03   -6.5727895577e+01    1.9211723778e+01    3.0188121489e+01   -1.0410719160e+02    8.1911745385e+00    4.0524500000e+05    1.0497588011e+00    9.9343761200e-01
        58   -4.6517799454e+01    2.1644890737e+03   -6.5780658227e+01    1.9262858772e+01    3.0228591429e+01   -1.0425801528e+02    8.2487656277e+00    4.0667700000e+05    1.0398408218e+00    9.9351569786e-01
        59   -4.6520394564e+01    2.1647927457e+03   -6.5802627402e+01    1.9282232837e+01    3.0235154323e+01   -1.0425651463e+02    8.2187329031e+00    4.0951300000e+05    1.1894486463e+00    9.9343137249e-01
        60   -4.6522986117e+01    2.1649851442e+03   -6.5906383634e+01    1.9383397517e+01    3.0324960947e+01   -1.0452157664e+02    8.2902320605e+00    4.0582500000e+05    1.0433047817e+00    9.9343327313e-01
        61   -4.6516277758e+01    2.1643311817e+03   -6.5777688697e+01    1.9261410940e+01    3.0273329684e+01   -1.0430061567e+02    8.2495972877e+00    4.0897300000e+05    1.0746811716e+00    9.9343418201e-01
        62   -4.6516480371e+01    2.1643785372e+03   -6.5771359626e+01    1.9254879254e+01    3.0255601556e+01   -1.0433644130e+02    8.3094801199e+00    4.0947700000e+05    1.0983338987e+00    9.9346092491e-01
        63   -4.6524913848e+01    2.1651337516e+03   -6.5618494493e+01    1.9093580645e+01    3.0128047184e+01   -1.0391937867e+02    8.1728369935e+00    4.1150800000e+05    1.0930576767e+00    9.9355117861e-01
        64   -4.6522078050e+01    2.1648673418e+03   -6.5557221951e+01    1.9035143902e+01    3.0115843558e+01   -1.0386287461e+02    8.1898091049e+00    4.1214000000e+05    1.1187022079e+00    9.9347573986e-01
        65   -4.6517968479e+01    2.1644971709e+03   -6.5564708281e+01    1.9046739802e+01    3.0066048698e+01   -1.0384025947e+02    8.2095024953e+00    4.1135500000e+05    1.0406393536e+00    9.9356468762e-01
        66   -4.6521019509e+01    2.1648287768e+03   -6.5680301475e+01    1.9159281965e+01    3.0115828425e+01   -1.0399765812e+02    8.2015282192e+00    4.1126700000e+05    1.0989265061e+00    9.9345187170e-01
        67   -4.6522039407e+01    2.1648824009e+03   -6.5822275645e+01    1.9300236238e+01    3.0196996396e+01   -1.0421300469e+02    8.1937326448e+00    4.1414300000e+05    1.0768705848e+00    9.9346573687e-01
        68   -4.6512793941e+01    2.1640318041e+03   -6.5711188903e+01    1.9198394963e+01    3.0206677774e+01   -1.0417319277e+02    8.2553260872e+00    4.0822300000e+05    1.0448517168e+00    9.9348533732e-01
        69   -4.6514053132e+01    2.1641236074e+03   -6.5839644125e+01    1.9325590994e+01    3.0245340229e+01   -1.0437213233e+02    8.2871479763e+00    4.0332500000e+05    1.2705655742e+00    9.9336395252e-01
        70   -4.6517190011e+01    2.1644167965e+03   -6.5759416503e+01    1.9242226492e+01    3.0239071763e+01   -1.0425827396e+02    8.2597856962e+00    4.0713500000e+05    1.0682945238e+00    9.9344972741e-01
        71   -4.6513920863e+01    2.1641500689e+03   -6.5748052740e+01    1.9234131876e+01    3.0177750270e+01   -1.0408863864e+02    8.1628356303e+00    4.0864100000e+05    1.0895532966e+00    9.9340561587e-01
        72   -4.6515069569e+01    2.1642110696e+03   -6.5708249885e+01    1.9193180317e+01    3.0195052775e+01   -1.0413483868e+02    8.2315360190e+00    4.0916200000e+05    1.0996716005e+00    9.9349948556e-01
        73   -4.6519055152e+01    2.1646136595e+03   -6.5687099684e+01    1.9168044532e+01    3.0160355565e+01   -1.0409695991e+02    8.2495046621e+00    4.0739300000e+05    1.0596928807e+00    9.9354733368e-01
        74   -4.6517303320e+01    2.1644418000e+03   -6.5835021398e+01    1.9317718078e+01    3.0207359842e+01   -1.0426936975e+02    8.2269885071e+00    4.0442500000e+05    1.0426042970e+00    9.9343688744e-01
        75   -4.6517606903e+01    2.1644803031e+03   -6.5771213413e+01    1.9253606510e+01    3.0183299983e+01   -1.0414647225e+02    8.1919588571e+00    4.0850400000e+05    1.0807319582e+00    9.9340720086e-01
        76   -4.6519904856e+01    2.1646456426e+03   -6.5717986579e+01    1.9198081723e+01    3.0142680222e+01   -1.0409465414e+02    8.2339873430e+00    4.1109600000e+05    1.1421150140e+00    9.9359112993e-01
        77   -4.6515625017e+01    2.1642660687e+03   -6.5816845660e+01    1.9301220643e+01    3.0185467389e+01   -1.0421272478e+02    8.2104117268e+00    4.1287000000e+05    1.1652984992e+00    9.9348546247e-01
        78   -4.6519269553e+01    2.1646190910e+03   -6.5781124052e+01    1.9261854499e+01    3.0172704646e+01   -1.0421951905e+02    8.2656903476e+00    4.1433200000e+05    1.2343704871e+00    9.9351307807e-01
        79   -4.6515221181e+01    2.1642468198e+03   -6.5708170720e+01    1.9192949539e+01    3.0157306047e+01   -1.0399608148e+02    8.1306047120e+00    4.1049100000e+05    1.3380225849e+00    9.9348511306e-01
        80   -4.6518291976e+01    2.1645837091e+03   -6.5731903858e+01    1.9213611882e+01    3.0131369721e+01   -1.0400790565e+02    8.1446320683e+00    4.1077500000e+05    1.0813345791e+00    9.9351021490e-01
        81   -4.6518374180e+01    2.1645221699e+03   -6.5683357893e+01    1.9164983713e+01    3.0149195615e+01   -1.0397695740e+02    8.1444038880e+00    4.0712200000e+05    1.0628442979e+00    9.9340119895e-01
        82   -4.6520051692e+01    2.1646925320e+03   -6.5781178405e+01    1.9261126713e+01    3.0228105698e+01   -1.0426564242e+02    8.2563583156e+00    4.0871000000e+05    1.0617209787e+00    9.9348776015e-01
        83   -4.6513939209e+01    2.1641280338e+03   -6.5803647043e+01    1.9289707833e+01    3.0266900502e+01   -1.0434677129e+02    8.2762237481e+00    4.0836200000e+05    1.0999921411e+00    9.9343335536e-01
        84   -4.6522047308e+01    2.1648758496e+03   -6.5806814985e+01    1.9284767677e+01    3.0253474205e+01   -1.0425432798e+02    8.1940387892e+00    4.0672600000e+05    1.0894814116e+00    9.9347786390e-01
        85   -4.6522868163e+01    2.1649365326e+03   -6.5767153717e+01    1.9244285553e+01    3.0175927274e+01   -1.0414300279e+02    8.1999217942e+00    4.0970500000e+05    1.0921254469e+00    9.9344403492e-01
        86   -4.6515169369e+01    2.1642310546e+03   -6.5757667021e+01    1.9242497652e+01    3.0220485920e+01   -1.0424043126e+02    8.2622783193e+00    4.0834600000e+05    1.0534846656e+00    9.9351413877e-01
        87   -4.6521238923e+01    2.1647996402e+03   -6.5662009360e+01    1.9140770437e+01    3.0178809169e+01   -1.0404419478e+02    8.2033762518e+00    4.0807500000e+05    1.0801910438e+00    9.9348225231e-01
        88   -4.6524786320e+01    2.1651323922e+03   -6.5735010500e+01    1.9210224180e+01    3.0218073906e+01   -1.0417035704e+02    8.2172726329e+00    4.1118200000e+05    1.0620191601e+00    9.9351230234e-01
        89   -4.6518600307e+01    2.1645876042e+03   -6.5579399518e+01    1.9060799211e+01    3.0132513970e+01   -1.0375493608e+02    8.0430225891e+00    4.0904700000e+05    1.1754652682e+00    9.9360187166e-01
        90   -4.6518617965e+01    2.1646343333e+03   -6.5701795233e+01    1.9183177268e+01    3.0171764887e+01   -1.0407932150e+02    8.2057613815e+00    4.1047600000e+05    1.2746275181e+00    9.9356211166e-01
        91   -4.6524454886e+01    2.1650999076e+03   -6.5756417163e+01    1.9231962278e+01    3.0187190629e+01   -1.0413688509e+02    8.1932773022e+00    4.0830100000e+05    1.4723059434e+00    9.9348356959e-01
        92   -4.6522427078e+01    2.1649093851e+03   -6.5767254472e+01    1.9244827394e+01    3.0184967906e+01   -1.0410435777e+02    8.1521353917e+00    4.0842100000e+05    1.3158078921e+00    9.9347984173e-01
        93   -4.6517929988e+01    2.1645154966e+03   -6.5795409432e+01    1.9277479444e+01    3.0229656828e+01   -1.0429794511e+02    8.2728788502e+00    4.0632700000e+05    1.3211551335e+00    9.9345539470e-01
        94   -4.6516696409e+01    2.1644137245e+03   -6.5794442925e+01    1.9277746516e+01    3.0218427453e+01   -1.0430774665e+02    8.2948762684e+00    4.0532900000e+05    1.3961605324e+00    9.9357313361e-01
        95   -4.6517789756e+01    2.1644653631e+03   -6.5655175742e+01    1.9137385987e+01    3.0154697359e+01   -1.0395297584e+02    8.1431027381e+00    4.0453200000e+05    1.2517391855e+00    9.9348156739e-01
        96   -4.6522105131e+01    2.1649545221e+03   -6.5647182277e+01    1.9125077146e+01    3.0148730787e+01   -1.0400466856e+02    8.2087554939e+00    4.0759200000e+05    1.4279346111e+00    9.9356190965e-01
        97   -4.6517207867e+01    2.1644113859e+03   -6.5725449343e+01    1.9208241476e+01    3.0172492219e+01   -1.0419255083e+02    8.2946092677e+00    4.1364200000e+05    1.4709977201e+00    9.9347977868e-01
        98   -4.6518124959e+01    2.1644948163e+03   -6.5671604433e+01    1.9153479474e+01    3.0152845109e+01   -1.0401473960e+02    8.1902900569e+00    4.1270200000e+05    1.1899051316e+00    9.9352917972e-01
        99   -4.6517500189e+01    2.1644549627e+03   -6.5689668726e+01    1.9172168537e+01    3.0134652981e+01   -1.0404498715e+02    8.2206654384e+00    4.1012400000e+05    1.0854638526e+00    9.9355500207e-01
