                     0               -1.0173                     0
                 0.006              -1.01729            0.00493522
                 0.012              -1.01724             0.0098066
                 0.018              -1.01717             0.0146141
                 0.024              -1.01707             0.0193578
                  0.03              -1.01694             0.0240377
                 0.036              -1.01678             0.0286537
                 0.042               -1.0166             0.0332059
                 0.048              -1.01638             0.0376942
                 0.054              -1.01614             0.0421187
                  0.06              -1.01588             0.0464793
                 0.066              -1.01559             0.0507761
                 0.072              -1.01527             0.0550091
                 0.078              -1.01493             0.0591782
                 0.084              -1.01456             0.0632834
                  0.09              -1.01417             0.0673249
                 0.096              -1.01375             0.0713025
                 0.102              -1.01331             0.0752162
                 0.108              -1.01285             0.0790661
                 0.114              -1.01236             0.0828522
                  0.12              -1.01185             0.0865744
                 0.126              -1.01132             0.0902327
                 0.132              -1.01077             0.0938273
                 0.138               -1.0102              0.097358
                 0.144               -1.0096              0.100825
                  0.15              -1.00899              0.104228
                 0.156              -1.00835              0.107567
                 0.162               -1.0077              0.110842
                 0.168              -1.00702              0.114054
                 0.174              -1.00633              0.117201
                  0.18              -1.00562              0.120285
                 0.186              -1.00489              0.123305
                 0.192              -1.00414              0.126261
                 0.198              -1.00337              0.129153
                 0.204              -1.00259              0.131982
                  0.21              -1.00179              0.134746
                 0.216              -1.00097              0.137447
                 0.222              -1.00014              0.140084
                 0.228             -0.999289              0.142657
                 0.234             -0.998426              0.145166
                  0.24             -0.997547              0.147612
                 0.246             -0.996654              0.149993
                 0.252             -0.995747              0.152311
                 0.258             -0.994827              0.154565
                 0.264             -0.993893              0.156755
                  0.27             -0.992946              0.158881
                 0.276             -0.991986              0.160943
                 0.282             -0.991015              0.162942
                 0.288             -0.990031              0.164876
                 0.294             -0.989036              0.166747
                   0.3              -0.98803              0.168554
                 0.306             -0.987014              0.170297
                 0.312             -0.985987              0.171976
                 0.318              -0.98495              0.173592
                 0.324             -0.983904              0.175143
                  0.33             -0.982849              0.176631
                 0.336             -0.981784              0.178055
                 0.342             -0.980712              0.179415
                 0.348             -0.979632              0.180711
                 0.354             -0.978544              0.181943
                  0.36             -0.977448              0.183112
                 0.366             -0.976346              0.184217
                 0.372             -0.975238              0.185257
                 0.378             -0.974123              0.186234
                 0.384             -0.973003              0.187148
                  0.39             -0.971878              0.187997
                 0.396             -0.970747              0.188782
                 0.402             -0.969613              0.189504
                 0.408             -0.968474              0.190162
                 0.414             -0.967331              0.190756
                  0.42             -0.966185              0.191286
                 0.426             -0.965035              0.191752
                 0.432             -0.963884              0.192154
                 0.438              -0.96273              0.192493
                 0.444             -0.961574              0.192768
                  0.45             -0.960417              0.192979
                 0.456             -0.959258              0.193126
                 0.462             -0.958099              0.193209
                 0.468              -0.95694              0.193268
                 0.474              -0.95578              0.193333
                  0.48              -0.95462              0.193404
                 0.486             -0.953459               0.19348
                 0.492             -0.952298              0.193562
                 0.498             -0.951136              0.193649
                 0.504             -0.949974              0.193742
                  0.51             -0.948811              0.193841
                 0.516             -0.947648              0.193945
                 0.522             -0.946484              0.194055
                 0.528             -0.945319               0.19417
                 0.534             -0.944154              0.194291
                  0.54             -0.942988              0.194418
                 0.546             -0.941821               0.19455
                 0.552             -0.940653              0.194688
                 0.558             -0.939485              0.194832
                 0.564             -0.938315              0.194981
                  0.57             -0.937145              0.195135
                 0.576             -0.935974              0.195295
                 0.582             -0.934801              0.195461
                 0.588             -0.933628              0.195633
                 0.594             -0.932454               0.19581
                   0.6             -0.931278              0.195992
                 0.606             -0.930102              0.196181
                 0.612             -0.928924              0.196374
                 0.618             -0.927745              0.196574
                 0.624             -0.926565              0.196779
                  0.63             -0.925384               0.19699
                 0.636             -0.924201              0.197206
                 0.642             -0.923018              0.197428
                 0.648             -0.921832              0.197655
                 0.654             -0.920646              0.197888
                  0.66             -0.919458              0.198127
                 0.666             -0.918268              0.198371
                 0.672             -0.917077              0.198621
                 0.678             -0.915885              0.198876
                 0.684             -0.914691              0.199137
                  0.69             -0.913495              0.199404
                 0.696             -0.912298              0.199676
                 0.702             -0.911099              0.199954
                 0.708             -0.909898              0.200237
                 0.714             -0.908696              0.200527
                  0.72             -0.907492              0.200821
                 0.726             -0.906286              0.201121
                 0.732             -0.905079              0.201427
                 0.738             -0.903869              0.201739
                 0.744             -0.902658              0.202056
                  0.75             -0.901444              0.202378
                 0.756             -0.900229              0.202707
                 0.762             -0.899012              0.203041
                 0.768             -0.897793               0.20338
                 0.774             -0.896571              0.203725
                  0.78             -0.895348              0.204076
                 0.786             -0.894122              0.204432
                 0.792             -0.892895              0.204794
                 0.798             -0.891665              0.205161
                 0.804             -0.890433              0.205534
                  0.81             -0.889198              0.205913
                 0.816             -0.887962              0.206297
                 0.822             -0.886723              0.206687
                 0.828             -0.885482              0.207083
                 0.834             -0.884238              0.207484
                  0.84             -0.882992               0.20789
                 0.846             -0.881743              0.208303
                 0.852             -0.880492              0.208721
                 0.858             -0.879239              0.209144
                 0.864             -0.877982              0.209573
                  0.87             -0.876724              0.210008
                 0.876             -0.875462              0.210448
                 0.882             -0.874198              0.210894
                 0.888             -0.872932              0.211345
                 0.894             -0.871662              0.211803
                   0.9              -0.87039              0.212265
                 0.906             -0.869115              0.212734
                 0.912             -0.867837              0.213207
                 0.918             -0.866556              0.213687
                 0.924             -0.865273              0.214172
                  0.93             -0.863986              0.214655
                 0.936             -0.862697              0.215134
                 0.942             -0.861405              0.215607
                 0.948              -0.86011              0.216074
                 0.954             -0.858812              0.216537
                  0.96             -0.857511              0.216994
                 0.966             -0.856208              0.217445
                 0.972             -0.854902              0.217892
                 0.978             -0.853593              0.218333
                 0.984             -0.852282              0.218768
                  0.99             -0.850968              0.219199
                 0.996             -0.849652              0.219624
                 1.002             -0.848333              0.220044
                 1.008             -0.847011              0.220458
                 1.014             -0.845687              0.220867
                  1.02             -0.844361              0.221271
                 1.026             -0.843032               0.22167
                 1.032             -0.841701              0.222063
                 1.038             -0.840367              0.222451
                 1.044             -0.839031              0.222833
                  1.05             -0.837693              0.223211
                 1.056             -0.836353              0.223583
                 1.062              -0.83501              0.223949
                 1.068             -0.833665              0.224311
                 1.074             -0.832318              0.224667
                  1.08             -0.830969              0.225017
                 1.086             -0.829618              0.225363
                 1.092             -0.828265              0.225703
                 1.098              -0.82691              0.226038
                 1.104             -0.825553              0.226367
                  1.11             -0.824193              0.226691
                 1.116             -0.822832               0.22701
                 1.122             -0.821469              0.227324
                 1.128             -0.820104              0.227632
                 1.134             -0.818738              0.227935
                  1.14             -0.817369              0.228232
                 1.146             -0.815999              0.228525
                 1.152             -0.814627              0.228812
                 1.158             -0.813253              0.229093
                 1.164             -0.811878               0.22937
                  1.17             -0.810501              0.229641
                 1.176             -0.809122              0.229906
                 1.182             -0.807742              0.230167
                 1.188              -0.80636              0.230422
                 1.194             -0.804977              0.230672
                   1.2             -0.803592              0.230916
                 1.206             -0.802206              0.231155
                 1.212             -0.800818              0.231389
                 1.218             -0.799429              0.231617
                 1.224             -0.798039              0.231841
                  1.23             -0.796647              0.232059
                 1.236             -0.795254              0.232271
                 1.242              -0.79386              0.232478
                 1.248             -0.792464               0.23268
                 1.254             -0.791068              0.232877
                  1.26              -0.78967              0.233068
                 1.266             -0.788271              0.233254
                 1.272             -0.786871              0.233435
                 1.278              -0.78547               0.23361
                 1.284             -0.784068               0.23378
                  1.29             -0.782664              0.233945
                 1.296              -0.78126              0.234105
                 1.302             -0.779855              0.234259
                 1.308             -0.778449              0.234408
                 1.314             -0.777042              0.234551
                  1.32             -0.775635              0.234689
                 1.326             -0.774226              0.234822
                 1.332             -0.772817               0.23495
                 1.338             -0.771407              0.235072
                 1.344             -0.769996              0.235189
                  1.35             -0.768584                0.2353
                 1.356             -0.767172              0.235407
                 1.362             -0.765759              0.235508
                 1.368             -0.764346              0.235603
                 1.374             -0.762932              0.235694
                  1.38             -0.761518              0.235779
                 1.386             -0.760103              0.235859
                 1.392             -0.758688              0.235932
                 1.398             -0.757272              0.235999
                 1.404             -0.755856               0.23606
                  1.41             -0.754439              0.236114
                 1.416             -0.753022              0.236162
                 1.422             -0.751605              0.236203
                 1.428             -0.750188              0.236238
                 1.434              -0.74877              0.236266
                  1.44             -0.747353              0.236288
                 1.446             -0.745935              0.236304
                 1.452             -0.744517              0.236313
                 1.458             -0.743099              0.236315
                 1.464             -0.741681              0.236312
                  1.47             -0.740263              0.236301
                 1.476             -0.738846              0.236284
                 1.482             -0.737428              0.236261
                 1.488              -0.73601              0.236231
                 1.494             -0.734593              0.236195
                   1.5             -0.733176              0.236153
                 1.506             -0.731759              0.236104
                 1.512             -0.730343              0.236048
                 1.518             -0.728927              0.235986
                 1.524             -0.727511              0.235918
                  1.53             -0.726096              0.235843
                 1.536             -0.724681              0.235761
                 1.542             -0.723267              0.235674
                 1.548             -0.721853              0.235579
                 1.554              -0.72044              0.235479
                  1.56             -0.719027              0.235371
                 1.566             -0.717615              0.235258
                 1.572             -0.716204              0.235138
                 1.578             -0.714794              0.235011
                 1.584             -0.713384              0.234878
                  1.59             -0.711975              0.234739
                 1.596             -0.710567              0.234593
                 1.602              -0.70916               0.23444
                 1.608             -0.707754              0.234281
                 1.614             -0.706349              0.234116
                  1.62             -0.704944              0.233944
                 1.626             -0.703541              0.233766
                 1.632             -0.702139              0.233582
                 1.638             -0.700738               0.23339
                 1.644             -0.699339              0.233193
                  1.65              -0.69794              0.232989
                 1.656             -0.696543              0.232778
                 1.662             -0.695147              0.232561
                 1.668             -0.693752              0.232338
                 1.674             -0.692359              0.232108
                  1.68             -0.690967              0.231872
                 1.686             -0.689576              0.231629
                 1.692             -0.688187               0.23138
                 1.698               -0.6868              0.231124
                 1.704             -0.685414              0.230862
                  1.71             -0.684029              0.230593
                 1.716             -0.682647              0.230318
                 1.722             -0.681266              0.230037
                 1.728             -0.679886              0.229749
                 1.734             -0.678509              0.229455
                  1.74             -0.677133              0.229154
                 1.746             -0.675759              0.228846
                 1.752             -0.674387              0.228533
                 1.758             -0.673016              0.228212
                 1.764             -0.671648              0.227886
                  1.77             -0.670282              0.227553
                 1.776             -0.668917              0.227213
                 1.782             -0.667555              0.226867
                 1.788             -0.666195              0.226514
                 1.794             -0.664837              0.226155
                   1.8             -0.663481               0.22579
                 1.806             -0.662128              0.225418
                 1.812             -0.660776               0.22504
                 1.818             -0.659427              0.224655
                 1.824              -0.65808              0.224264
                  1.83             -0.656736              0.223866
                 1.836             -0.655394              0.223462
                 1.842             -0.654054              0.223051
                 1.848             -0.652717              0.222635
                 1.854             -0.651383              0.222221
                  1.86             -0.650051              0.221814
                 1.866             -0.648721              0.221412
                 1.872             -0.647394              0.221016
                 1.878             -0.646069              0.220627
                 1.884             -0.644746              0.220243
                  1.89             -0.643426              0.219865
                 1.896             -0.642108              0.219494
                 1.902             -0.640792              0.219128
                 1.908             -0.639478              0.218768
                 1.914             -0.638167              0.218414
                  1.92             -0.636857              0.218066
                 1.926              -0.63555              0.217724
                 1.932             -0.634245              0.217388
                 1.938             -0.632941              0.217058
                 1.944              -0.63164              0.216734
                  1.95              -0.63034              0.216416
                 1.956             -0.629043              0.216104
                 1.962             -0.627747              0.215798
                 1.968             -0.626453              0.215498
                 1.974             -0.625161              0.215204
                  1.98             -0.623871              0.214915
                 1.986             -0.622582              0.214633
                 1.992             -0.621295              0.214357
                 1.998              -0.62001              0.214086
                 2.004             -0.618726              0.213822
                  2.01             -0.617444              0.213563
                 2.016             -0.616163              0.213311
                 2.022             -0.614884              0.213064
                 2.028             -0.613607              0.212824
                 2.034              -0.61233              0.212589
                  2.04             -0.611056              0.212361
                 2.046             -0.609782              0.212138
                 2.052              -0.60851              0.211921
                 2.058             -0.607239              0.211711
                 2.064             -0.605969              0.211506
                  2.07             -0.604701              0.211307
                 2.076             -0.603434              0.211114
                 2.082             -0.602168              0.210927
                 2.088             -0.600903              0.210746
                 2.094             -0.599639              0.210571
                   2.1             -0.598376              0.210403
                 2.106             -0.597114              0.210239
                 2.112             -0.595853              0.210082
                 2.118             -0.594593              0.209931
                 2.124             -0.593334              0.209786
                  2.13             -0.592075              0.209647
                 2.136             -0.590818              0.209514
                 2.142             -0.589561              0.209387
                 2.148             -0.588305              0.209265
                 2.154              -0.58705               0.20915
                  2.16             -0.585795              0.209041
                 2.166             -0.584541              0.208937
                 2.172             -0.583288               0.20884
                 2.178             -0.582035              0.208748
                 2.184             -0.580783              0.208663
                  2.19             -0.579531              0.208583
                 2.196              -0.57828               0.20851
                 2.202             -0.577029              0.208442
                 2.208             -0.575779              0.208381
                 2.214             -0.574529              0.208325
                  2.22             -0.573279              0.208275
                 2.226             -0.572029              0.208231
                 2.232              -0.57078              0.208194
                 2.238             -0.569531              0.208162
                 2.244             -0.568282              0.208136
                  2.25             -0.567033              0.208116
                 2.256             -0.565785              0.208102
                 2.262             -0.564536              0.208094
                 2.268             -0.563288              0.208092
                 2.274             -0.562039              0.208096
                  2.28              -0.56079              0.208106
                 2.286             -0.559542              0.208122
                 2.292             -0.558293              0.208144
                 2.298             -0.557044              0.208172
                 2.304             -0.555795              0.208206
                  2.31             -0.554545              0.208245
                 2.316             -0.553296              0.208281
                 2.322             -0.552046              0.208314
                 2.328             -0.550796              0.208342
                 2.334             -0.549546              0.208366
                  2.34             -0.548296              0.208386
                 2.346             -0.547045              0.208402
                 2.352             -0.545795              0.208414
                 2.358             -0.544544              0.208421
                 2.364             -0.543294              0.208425
                  2.37             -0.542043              0.208424
                 2.376             -0.540793              0.208419
                 2.382             -0.539542               0.20841
                 2.388             -0.538292              0.208396
                 2.394             -0.537042              0.208379
                   2.4             -0.535791              0.208357
                 2.406             -0.534541              0.208331
                 2.412             -0.533291              0.208301
                 2.418             -0.532042              0.208266
                 2.424             -0.530792              0.208228
                  2.43             -0.529543              0.208185
                 2.436             -0.528294              0.208138
                 2.442             -0.527045              0.208087
                 2.448             -0.525797              0.208032
                 2.454             -0.524549              0.207973
                  2.46             -0.523301              0.207909
                 2.466             -0.522054              0.207841
                 2.472             -0.520807              0.207769
                 2.478             -0.519561              0.207693
                 2.484             -0.518315              0.207613
                  2.49             -0.517069              0.207529
                 2.496             -0.515825               0.20744
                 2.502              -0.51458              0.207347
                 2.508             -0.513336               0.20725
                 2.514             -0.512093              0.207149
                  2.52             -0.510851              0.207043
                 2.526             -0.509609              0.206934
                 2.532             -0.508367               0.20682
                 2.538             -0.507127              0.206702
                 2.544             -0.505887               0.20658
                  2.55             -0.504648              0.206454
                 2.556              -0.50341              0.206323
                 2.562             -0.502172              0.206189
                 2.568             -0.500935               0.20605
                 2.574             -0.499699              0.205907
                  2.58             -0.498464               0.20576
                 2.586              -0.49723              0.205608
                 2.592             -0.495997              0.205453
                 2.598             -0.494765              0.205293
                 2.604             -0.493534              0.205129
                  2.61             -0.492303              0.204961
                 2.616             -0.491074              0.204789
                 2.622             -0.489846              0.204613
                 2.628             -0.488619              0.204432
                 2.634             -0.487393              0.204247
                  2.64             -0.486168              0.204058
                 2.646             -0.484944              0.203865
                 2.652             -0.483721              0.203668
                 2.658               -0.4825              0.203466
                 2.664              -0.48128               0.20326
                  2.67             -0.480061              0.203051
                 2.676             -0.478843              0.202837
                 2.682             -0.477627              0.202618
                 2.688             -0.476412              0.202396
                 2.694             -0.475198              0.202169
                   2.7             -0.473986              0.201939
                 2.706             -0.472775              0.201704
                 2.712             -0.471565              0.201464
                 2.718             -0.470357              0.201221
                 2.724             -0.469151              0.200974
                  2.73             -0.467946              0.200722
                 2.736             -0.466742              0.200466
                 2.742              -0.46554              0.200206
                 2.748              -0.46434              0.199942
                 2.754             -0.463141              0.199674
                  2.76             -0.461944              0.199401
                 2.766             -0.460748              0.199124
                 2.772             -0.459554              0.198844
                 2.778             -0.458362              0.198566
                 2.784             -0.457171              0.198292
                  2.79             -0.455982              0.198021
                 2.796             -0.454795              0.197754
                 2.802             -0.453609               0.19749
                 2.808             -0.452425              0.197229
                 2.814             -0.451242              0.196972
                  2.82             -0.450061              0.196718
                 2.826             -0.448882              0.196468
                 2.832             -0.447704              0.196221
                 2.838             -0.446527              0.195978
                 2.844             -0.445352              0.195738
                  2.85             -0.444178              0.195502
                 2.856             -0.443006              0.195269
                 2.862             -0.441835              0.195039
                 2.868             -0.440666              0.194813
                 2.874             -0.439497              0.194591
                  2.88              -0.43833              0.194371
                 2.886             -0.437165              0.194156
                 2.892             -0.436001              0.193943
                 2.898             -0.434838              0.193734
                 2.904             -0.433676              0.193529
                  2.91             -0.432515              0.193327
                 2.916             -0.431356              0.193129
                 2.922             -0.430198              0.192934
                 2.928             -0.429041              0.192742
                 2.934             -0.427885              0.192554
                  2.94              -0.42673              0.192369
                 2.946             -0.425576              0.192188
                 2.952             -0.424424               0.19201
                 2.958             -0.423272              0.191836
                 2.964             -0.422122              0.191665
                  2.97             -0.420972              0.191497
                 2.976             -0.419824              0.191333
                 2.982             -0.418676              0.191172
                 2.988              -0.41753              0.191015
                 2.994             -0.416384              0.190862
                     3             -0.415239              0.190711
                 3.006             -0.414095              0.190565
                 3.012             -0.412952              0.190421
                 3.018              -0.41181              0.190281
                 3.024             -0.410669              0.190145
                  3.03             -0.409529              0.190012
                 3.036             -0.408389              0.189882
                 3.042              -0.40725              0.189756
                 3.048             -0.406112              0.189633
                 3.054             -0.404974              0.189514
                  3.06             -0.403838              0.189398
                 3.066             -0.402702              0.189286
                 3.072             -0.401566              0.189177
                 3.078             -0.400432              0.189072
                 3.084             -0.399297               0.18897
                  3.09             -0.398164              0.188871
                 3.096             -0.397031              0.188776
                 3.102             -0.395899              0.188684
                 3.108             -0.394767              0.188596
                 3.114             -0.393635              0.188511
                  3.12             -0.392505               0.18843
                 3.126             -0.391374              0.188352
                 3.132             -0.390244              0.188278
                 3.138             -0.389115              0.188207
                 3.144             -0.387986              0.188139
                  3.15             -0.386857              0.188075
                 3.156             -0.385729              0.188014
                 3.162             -0.384601              0.187957
                 3.168             -0.383473              0.187903
                 3.174             -0.382346              0.187853
                  3.18             -0.381219              0.187806
                 3.186             -0.380093              0.187763
                 3.192             -0.378966              0.187723
                 3.198              -0.37784              0.187686
                 3.204             -0.376714              0.187653
                  3.21             -0.375588              0.187624
                 3.216             -0.374462              0.187597
                 3.222             -0.373337              0.187575
                 3.228             -0.372211              0.187555
                 3.234             -0.371086              0.187539
                  3.24             -0.369961              0.187522
                 3.246             -0.368836              0.187504
                 3.252             -0.367711              0.187485
                 3.258             -0.366586              0.187465
                 3.264             -0.365461              0.187444
                  3.27             -0.364337              0.187423
                 3.276             -0.363212                0.1874
                 3.282             -0.362088              0.187376
                 3.288             -0.360964              0.187351
                 3.294              -0.35984              0.187325
                   3.3             -0.358716              0.187299
                 3.306             -0.357592              0.187271
                 3.312             -0.356469              0.187243
                 3.318             -0.355345              0.187213
                 3.324             -0.354222              0.187182
                  3.33             -0.353099              0.187151
                 3.336             -0.351976              0.187118
                 3.342             -0.350854              0.187085
                 3.348             -0.349731               0.18705
                 3.354             -0.348609              0.187015
                  3.36             -0.347487              0.186979
                 3.366             -0.346365              0.186941
                 3.372             -0.345244              0.186903
                 3.378             -0.344122              0.186864
                 3.384             -0.343001              0.186823
                  3.39             -0.341881              0.186782
                 3.396              -0.34076               0.18674
                 3.402              -0.33964              0.186697
                 3.408              -0.33852              0.186653
                 3.414               -0.3374              0.186607
                  3.42              -0.33628              0.186561
                 3.426             -0.335161              0.186514
                 3.432             -0.334042              0.186466
                 3.438             -0.332924              0.186417
                 3.444             -0.331805              0.186367
                  3.45             -0.330687              0.186316
                 3.456             -0.329569              0.186264
                 3.462             -0.328452              0.186212
                 3.468             -0.327335              0.186158
                 3.474             -0.326218              0.186103
                  3.48             -0.325102              0.186047
                 3.486             -0.323986               0.18599
                 3.492              -0.32287              0.185933
                 3.498             -0.321754              0.185874
                 3.504             -0.320639              0.185814
                  3.51             -0.319525              0.185754
                 3.516              -0.31841              0.185692
                 3.522             -0.317296              0.185629
                 3.528             -0.316183              0.185566
                 3.534             -0.315069              0.185501
                  3.54             -0.313957              0.185436
                 3.546             -0.312844              0.185369
                 3.552             -0.311732              0.185302
                 3.558             -0.310621              0.185234
                 3.564             -0.309509              0.185164
                  3.57             -0.308399              0.185094
                 3.576             -0.307288              0.185023
                 3.582             -0.306178               0.18495
                 3.588             -0.305069              0.184877
                 3.594              -0.30396              0.184803
                   3.6             -0.302851              0.184728
                 3.606             -0.301743              0.184652
                 3.612             -0.300635              0.184574
                 3.618             -0.299528              0.184496
                 3.624             -0.298421              0.184417
                  3.63             -0.297315              0.184337
                 3.636             -0.296209              0.184256
                 3.642             -0.295104              0.184174
                 3.648             -0.293999              0.184091
                 3.654             -0.292895              0.184007
                  3.66             -0.291791              0.183922
                 3.666             -0.290688              0.183837
                 3.672             -0.289585               0.18375
                 3.678             -0.288483              0.183662
                 3.684             -0.287381              0.183573
                  3.69              -0.28628              0.183483
                 3.696             -0.285179              0.183393
                 3.702             -0.284079              0.183301
                 3.708              -0.28298              0.183209
                 3.714             -0.281881              0.183116
                  3.72             -0.280782              0.183022
                 3.726             -0.279685              0.182927
                 3.732             -0.278587              0.182832
                 3.738             -0.277491              0.182736
                 3.744             -0.276395              0.182639
                  3.75             -0.275299              0.182541
                 3.756             -0.274204              0.182442
                 3.762              -0.27311              0.182343
                 3.768             -0.272016              0.182243
                 3.774             -0.270923              0.182142
                  3.78              -0.26983               0.18204
                 3.786             -0.268738              0.181937
                 3.792             -0.267647              0.181834
                 3.798             -0.266556               0.18173
                 3.804             -0.265466              0.181625
                  3.81             -0.264377              0.181519
                 3.816             -0.263288              0.181412
                 3.822               -0.2622              0.181305
                 3.828             -0.261112              0.181197
                 3.834             -0.260025              0.181088
                  3.84             -0.258939              0.180978
                 3.846             -0.257854              0.180867
                 3.852             -0.256769              0.180756
                 3.858             -0.255685              0.180644
                 3.864             -0.254601              0.180531
                  3.87             -0.253518              0.180417
                 3.876             -0.252436              0.180303
                 3.882             -0.251355              0.180187
                 3.888             -0.250274              0.180071
                 3.894             -0.249194              0.179954
                   3.9             -0.248114              0.179837
                 3.906             -0.247036              0.179718
                 3.912             -0.245958              0.179599
                 3.918             -0.244881              0.179479
                 3.924             -0.243804              0.179358
                  3.93             -0.242728              0.179236
                 3.936             -0.241653              0.179114
                 3.942             -0.240579              0.178991
                 3.948             -0.239505              0.178867
                 3.954             -0.238433              0.178742
                  3.96              -0.23736              0.178616
                 3.966             -0.236289               0.17849
                 3.972             -0.235219              0.178363
                 3.978             -0.234149              0.178235
                 3.984              -0.23308              0.178106
                  3.99             -0.232012              0.177976
                 3.996             -0.230944              0.177846
                 4.002             -0.229877              0.177715
                 4.008             -0.228811              0.177583
                 4.014             -0.227746               0.17745
                  4.02             -0.226682              0.177316
                 4.026             -0.225619              0.177182
                 4.032             -0.224556              0.177047
                 4.038             -0.223494              0.176911
                 4.044             -0.222433              0.176774
                  4.05             -0.221373              0.176636
                 4.056             -0.220313              0.176498
                 4.062             -0.219255              0.176359
                 4.068             -0.218197              0.176219
                 4.074              -0.21714              0.176078
                  4.08             -0.216084              0.175937
                 4.086             -0.215029              0.175794
                 4.092             -0.213975              0.175651
                 4.098             -0.212921              0.175507
                 4.104             -0.211868              0.175363
                  4.11             -0.210817              0.175217
                 4.116             -0.209766              0.175071
                 4.122             -0.208716              0.174924
                 4.128             -0.207667              0.174776
                 4.134             -0.206619              0.174627
                  4.14             -0.205571              0.174478
                 4.146             -0.204525              0.174328
                 4.152             -0.203479              0.174177
                 4.158             -0.202435              0.174024
                 4.164             -0.201391              0.173867
                  4.17             -0.200348              0.173706
                 4.176             -0.199307              0.173541
                 4.182             -0.198266              0.173372
                 4.188             -0.197226              0.173198
                 4.194             -0.196188               0.17302
                   4.2              -0.19515              0.172838
                 4.206             -0.194113              0.172652
                 4.212             -0.193078              0.172461
                 4.218             -0.192044              0.172266
                 4.224             -0.191011              0.172067
                  4.23             -0.189979              0.171864
                 4.236             -0.188949              0.171657
                 4.242             -0.187919              0.171445
                 4.248             -0.186891              0.171229
                 4.254             -0.185865              0.171009
                  4.26             -0.184839              0.170785
                 4.266             -0.183815              0.170556
                 4.272             -0.182792              0.170324
                 4.278             -0.181771              0.170087
                 4.284             -0.180751              0.169845
                  4.29             -0.179733                0.1696
                 4.296             -0.178716               0.16935
                 4.302             -0.177701              0.169096
                 4.308             -0.176687              0.168838
                 4.314             -0.175675              0.168576
                  4.32             -0.174664              0.168309
                 4.326             -0.173655              0.168038
                 4.332             -0.172648              0.167763
                 4.338             -0.171642              0.167484
                 4.344             -0.170638              0.167201
                  4.35             -0.169636              0.166913
                 4.356             -0.168635              0.166621
                 4.362             -0.167636              0.166325
                 4.368             -0.166639              0.166024
                 4.374             -0.165644               0.16572
                  4.38              -0.16465              0.165411
                 4.386             -0.163659              0.165098
                 4.392             -0.162669              0.164781
                 4.398             -0.161682              0.164459
                 4.404             -0.160696              0.164133
                  4.41             -0.159712              0.163803
                 4.416              -0.15873              0.163469
                 4.422              -0.15775              0.163131
                 4.428             -0.156773              0.162788
                 4.434             -0.155797              0.162441
                  4.44             -0.154823               0.16209
                 4.446             -0.153852              0.161735
                 4.452             -0.152883              0.161375
                 4.458             -0.151915              0.161012
                 4.464              -0.15095              0.160644
                  4.47             -0.149988              0.160271
                 4.476             -0.149027              0.159895
                 4.482             -0.148069              0.159514
                 4.488             -0.147113              0.159129
                 4.494             -0.146159               0.15874
                   4.5             -0.145208              0.158347
                 4.506             -0.144259              0.157949
                 4.512             -0.143313              0.157548
                 4.518             -0.142369              0.157142
                 4.524             -0.141427              0.156731
                  4.53             -0.140488              0.156317
                 4.536             -0.139551              0.155898
                 4.542             -0.138617              0.155475
                 4.548             -0.137686              0.155048
                 4.554             -0.136757              0.154617
                  4.56              -0.13583              0.154181
                 4.566             -0.134906              0.153741
                 4.572             -0.133985              0.153297
                 4.578             -0.133067              0.152849
                 4.584             -0.132151              0.152397
                  4.59             -0.131238               0.15194
                 4.596             -0.130328              0.151479
                 4.602              -0.12942              0.151014
                 4.608             -0.128516              0.150544
                 4.614             -0.127614              0.150071
                  4.62             -0.126715              0.149596
                 4.626             -0.125819              0.149129
                 4.632             -0.124925              0.148669
                 4.638             -0.124035              0.148216
                 4.644             -0.123147              0.147771
                  4.65             -0.122261              0.147333
                 4.656             -0.121379              0.146902
                 4.662             -0.120498              0.146478
                 4.668             -0.119621              0.146062
                 4.674             -0.118746              0.145653
                  4.68             -0.117873              0.145252
                 4.686             -0.117003              0.144858
                 4.692             -0.116135              0.144471
                 4.698             -0.115269              0.144092
                 4.704             -0.114406              0.143719
                  4.71             -0.113544              0.143355
                 4.716             -0.112685              0.142997
                 4.722             -0.111828              0.142647
                 4.728             -0.110974              0.142304
                 4.734             -0.110121              0.141968
                  4.74              -0.10927               0.14164
                 4.746             -0.108421              0.141319
                 4.752             -0.107574              0.141006
                 4.758             -0.106729                0.1407
                 4.764             -0.105886              0.140401
                  4.77             -0.105044              0.140109
                 4.776             -0.104204              0.139825
                 4.782             -0.103366              0.139548
                 4.788              -0.10253              0.139278
                 4.794             -0.101695              0.139016
                   4.8             -0.100862              0.138761
                 4.806              -0.10003              0.138514
                 4.812            -0.0991994              0.138273
                 4.818            -0.0983704               0.13804
                 4.824            -0.0975429              0.137815
                  4.83            -0.0967166              0.137596
                 4.836            -0.0958917              0.137385
                 4.842             -0.095068              0.137182
                 4.848            -0.0942455              0.136986
                 4.854            -0.0934241              0.136797
                  4.86            -0.0926039              0.136615
                 4.866            -0.0917847              0.136441
                 4.872            -0.0909666              0.136273
                 4.878            -0.0901495              0.136114
                 4.884            -0.0893332              0.135961
                  4.89            -0.0885179              0.135816
                 4.896            -0.0877034              0.135679
                 4.902            -0.0868897              0.135548
                 4.908            -0.0860768              0.135425
                 4.914            -0.0852646               0.13531
                  4.92            -0.0844531              0.135201
                 4.926            -0.0836422                0.1351
                 4.932            -0.0828319              0.135006
                 4.938            -0.0820221               0.13492
                 4.944            -0.0812128              0.134841
                  4.95             -0.080404              0.134769
                 4.956            -0.0795956              0.134705
                 4.962            -0.0787875              0.134647
                 4.968            -0.0779798              0.134598
                 4.974            -0.0771723              0.134555
                  4.98            -0.0763651               0.13452
                 4.986            -0.0755581              0.134492
                 4.992            -0.0747512              0.134472
                 4.998            -0.0739444              0.134459
                 5.004            -0.0731377              0.134453
                  5.01             -0.072331              0.134454
                 5.016            -0.0715242              0.134463
                 5.022            -0.0707174              0.134479
                 5.028            -0.0699105              0.134503
                 5.034            -0.0691034              0.134533
                  5.04             -0.068296              0.134572
                 5.046            -0.0674885              0.134617
                 5.052            -0.0666806               0.13467
                 5.058            -0.0658724               0.13473
                 5.064            -0.0650638              0.134797
                  5.07            -0.0642548              0.134872
                 5.076            -0.0634454              0.134954
                 5.082            -0.0626354              0.135032
                 5.088             -0.061825              0.135086
                 5.094            -0.0610144              0.135115
                   5.1            -0.0602037               0.13512
                 5.106             -0.059393              0.135101
                 5.112            -0.0585825              0.135057
                 5.118            -0.0577724              0.134988
                 5.124            -0.0569627              0.134895
                  5.13            -0.0561537              0.134777
                 5.136            -0.0553454              0.134635
                 5.142            -0.0545381              0.134468
                 5.148            -0.0537319              0.134277
                 5.154            -0.0529268              0.134062
                  5.16            -0.0521232              0.133821
                 5.166             -0.051321              0.133557
                 5.172            -0.0505206              0.133268
                 5.178            -0.0497219              0.132954
                 5.184            -0.0489252              0.132616
                  5.19            -0.0481305              0.132253
                 5.196            -0.0473382              0.131866
                 5.202            -0.0465482              0.131454
                 5.208            -0.0457608              0.131018
                 5.214             -0.044976              0.130557
                  5.22            -0.0441941              0.130072
                 5.226            -0.0434152              0.129563
                 5.232            -0.0426394              0.129028
                 5.238            -0.0418669               0.12847
                 5.244            -0.0410978              0.127886
                  5.25            -0.0403323              0.127279
                 5.256            -0.0395705              0.126647
                 5.262            -0.0388126               0.12599
                 5.268            -0.0380587              0.125309
                 5.274             -0.037309              0.124603
                  5.28            -0.0365635              0.123873
                 5.286            -0.0358225              0.123118
                 5.292            -0.0350862              0.122339
                 5.298            -0.0343545              0.121535
                 5.304            -0.0336278              0.120707
                  5.31            -0.0329061              0.119854
                 5.316            -0.0321896              0.118977
                 5.322            -0.0314784              0.118075
                 5.328            -0.0307727              0.117149
                 5.334            -0.0300727              0.116198
                  5.34            -0.0293784              0.115223
                 5.346            -0.0286901              0.114223
                 5.352            -0.0280078              0.113199
                 5.358            -0.0273317               0.11215
                 5.364             -0.026662              0.111077
                  5.37            -0.0259988              0.109979
                 5.376            -0.0253423              0.108857
                 5.382            -0.0246926               0.10771
                 5.388            -0.0240499              0.106539
                 5.394            -0.0234142              0.105343
                   5.4            -0.0227858              0.104122
                 5.406            -0.0221648              0.102878
                 5.412            -0.0215513              0.101608
                 5.418            -0.0209455              0.100315
                 5.424            -0.0203476             0.0989962
                  5.43            -0.0197576             0.0976534
                 5.436            -0.0191758             0.0962861
                 5.442            -0.0186022             0.0948943
                 5.448            -0.0180371             0.0934779
                 5.454            -0.0174806             0.0920371
                  5.46            -0.0169327             0.0905718
                 5.466            -0.0163937             0.0890819
                 5.472            -0.0158638             0.0875676
                 5.478             -0.015343             0.0860288
                 5.484            -0.0148315             0.0844654
                  5.49            -0.0143294             0.0828776
                 5.496             -0.013837             0.0812652
                 5.502            -0.0133543             0.0796284
                 5.508            -0.0128815              0.077967
                 5.514            -0.0124188             0.0762811
                  5.52            -0.0119662             0.0745708
                 5.526             -0.011524             0.0728359
                 5.532            -0.0110922             0.0710765
                 5.538            -0.0106711             0.0692926
                 5.544            -0.0102607             0.0675047
                  5.55           -0.00986099             0.0657399
                 5.556           -0.00947178             0.0639985
                 5.562           -0.00909296             0.0622805
                 5.568           -0.00872437             0.0605859
                 5.574           -0.00836588             0.0589146
                  5.58           -0.00801735             0.0572668
                 5.586           -0.00767863             0.0556423
                 5.592           -0.00734959             0.0540411
                 5.598           -0.00703009             0.0524634
                 5.604           -0.00671999              0.050909
                  5.61           -0.00641914              0.049378
                 5.616            -0.0061274             0.0478703
                 5.622           -0.00584465             0.0463861
                 5.628           -0.00557072             0.0449252
                 5.634            -0.0053055             0.0434877
                  5.64           -0.00504883             0.0420735
                 5.646           -0.00480057             0.0406828
                 5.652           -0.00456059             0.0393154
                 5.658           -0.00432874             0.0379714
                 5.664           -0.00410488             0.0366507
                  5.67           -0.00388888             0.0353535
                 5.676           -0.00368059             0.0340796
                 5.682           -0.00347988             0.0328291
                 5.688            -0.0032866             0.0316019
                 5.694           -0.00310061             0.0303981
                   5.7           -0.00292177             0.0292177
                 5.706           -0.00274995             0.0280607
                 5.712             -0.002585             0.0269271
                 5.718           -0.00242678             0.0258168
                 5.724           -0.00227515             0.0247299
                  5.73           -0.00212997             0.0236664
                 5.736           -0.00199111             0.0226262
                 5.742           -0.00185841             0.0216094
                 5.748           -0.00173175              0.020616
                 5.754           -0.00161097              0.019646
                  5.76           -0.00149595             0.0186994
                 5.766           -0.00138653             0.0177761
                 5.772           -0.00128259             0.0168762
                 5.778           -0.00118397             0.0159996
                 5.784           -0.00109055             0.0151465
                  5.79           -0.00100217             0.0143167
                 5.796          -0.000918699             0.0135103
                 5.802          -0.000839998             0.0127272
                 5.808          -0.000765925             0.0119676
                 5.814          -0.000696341             0.0112313
                  5.82          -0.000631103             0.0105184
                 5.826          -0.000570073            0.00982885
                 5.832           -0.00051311            0.00916268
                 5.838          -0.000460074            0.00851989
                 5.844          -0.000410825            0.00790048
                  5.85          -0.000365222            0.00730443
                 5.856          -0.000323125            0.00673177
                 5.862          -0.000284394            0.00618247
                 5.868          -0.000248888            0.00565655
                 5.874          -0.000216468            0.00515401
                  5.88          -0.000186994            0.00467484
                 5.886          -0.000160324            0.00421904
                 5.892          -0.000136318            0.00378662
                 5.898          -0.000114837            0.00337757
                 5.904          -9.57407e-05             0.0029919
                  5.91          -7.88879e-05             0.0026296
                 5.916          -6.41388e-05            0.00229067
                 5.922          -5.13531e-05            0.00197512
                 5.928          -4.03906e-05            0.00168294
                 5.934           -3.1111e-05            0.00141414
                  5.94          -2.33742e-05            0.00116871
                 5.946          -1.70398e-05           0.000946655
                 5.952          -1.19676e-05           0.000747974
                 5.958          -8.01735e-06           0.000572668
                 5.964          -5.04883e-06           0.000420735
                  5.97          -2.92177e-06           0.000292177
                 5.976          -1.49595e-06           0.000186994
                 5.982          -6.31103e-07           0.000105184
                 5.988          -1.86994e-07           4.67484e-05
                 5.994          -2.33742e-08           1.16871e-05
