# Index          LocalEnergy            Variance              Weight        NumOfWalkers      AvgSentWalkers         TrialEnergy             DiffEff      LivingFraction
         0   -7.8518188096e-01    8.9117525506e-03    1.0240000000e+03    1.0240000000e+03    0.0000000000e+00   -7.8422973619e-01    9.9523906065e-01    1.0000000000e+00
         1   -7.8296628531e-01    7.8653088104e-03    1.0240245402e+03    1.0240000000e+03    0.0000000000e+00   -7.8518188096e-01    9.9726152906e-01    9.9804687500e-01
         2   -7.8220142664e-01    7.0657816472e-03    1.0239980205e+03    1.0250000000e+03    7.5000000000e-01   -8.3177058396e-01    9.9911853194e-01    1.0000000000e+00
         3   -7.8439929992e-01    7.6391750851e-03    1.0240238543e+03    1.0250000000e+03    0.0000000000e+00   -8.3100572529e-01    9.9838719785e-01    9.9902439024e-01
         4   -7.8534134353e-01    8.3295093040e-03    1.0240091460e+03    1.0240000000e+03    2.5000000000e-01   -7.8439929992e-01    9.9805713231e-01    1.0000000000e+00
         5   -7.8334987405e-01    8.8853927562e-03    1.0239811173e+03    1.0250000000e+03    2.5000000000e-01   -8.3414564218e-01    1.0000000000e+00    1.0000000000e+00
         6   -7.8483057849e-01    8.6896798510e-03    1.0240154526e+03    1.0250000000e+03    0.0000000000e+00   -8.3215417270e-01    9.9954558069e-01    9.9902439024e-01
         7   -7.8560522655e-01    8.8327275246e-03    1.0240129951e+03    1.0250000000e+03    2.5000000000e-01   -8.3363487714e-01    9.9646953915e-01    9.9902439024e-01
         8   -7.8882517774e-01    1.0526607461e-02    1.0240328371e+03    1.0240000000e+03    2.5000000000e-01   -7.8560522655e-01    9.9770707273e-01    1.0000000000e+00
         9   -7.9011272157e-01    1.1853713069e-02    1.0240111735e+03    1.0240000000e+03    0.0000000000e+00   -7.8882517774e-01    9.9305222684e-01    9.9804687500e-01
        10   -7.8747063832e-01    9.2940382213e-03    1.0239689927e+03    1.0220000000e+03    2.5000000000e-01   -6.9236097978e-01    9.9906589578e-01    1.0000000000e+00
        11   -7.8702003244e-01    9.2902230696e-03    1.0240011790e+03    1.0260000000e+03    2.5000000000e-01   -8.8503164488e-01    9.9797351497e-01    9.9610136452e-01
        12   -7.8560427707e-01    9.0749906087e-03    1.0239837114e+03    1.0220000000e+03    2.5000000000e-01   -6.8926829065e-01    9.9723820441e-01    9.9902152642e-01
        13   -7.8821067031e-01    9.6996129237e-03    1.0240266834e+03    1.0240000000e+03    2.5000000000e-01   -7.8560427707e-01    9.9634674723e-01    1.0000000000e+00
        14   -7.8742153886e-01    1.2324031821e-02    1.0239952900e+03    1.0260000000e+03    2.5000000000e-01   -8.8577167688e-01    9.9026478882e-01    1.0000000000e+00
        15   -7.8689622211e-01    1.0544497277e-02    1.0239984935e+03    1.0260000000e+03    0.0000000000e+00   -8.8498254542e-01    9.9957148226e-01    9.9902534113e-01
        16   -7.8589021707e-01    8.8373763089e-03    1.0239941371e+03    1.0260000000e+03    2.5000000000e-01   -8.8445722867e-01    9.9778509606e-01    9.9902534113e-01
        17   -7.8662587623e-01    8.5175669366e-03    1.0240090921e+03    1.0250000000e+03    2.5000000000e-01   -8.3469451572e-01    9.9810517235e-01    9.9902439024e-01
        18   -7.8789652718e-01    1.0956621280e-02    1.0240110493e+03    1.0240000000e+03    2.5000000000e-01   -7.8662587623e-01    1.0000000000e+00    1.0000000000e+00
        19   -7.8760953752e-01    1.1305199987e-02    1.0239993458e+03    1.0250000000e+03    2.5000000000e-01   -8.3670082583e-01    9.9895214850e-01    9.9707317073e-01
        20   -7.8629787073e-01    9.4200623970e-03    1.0239854963e+03    1.0230000000e+03    2.5000000000e-01   -7.3875755513e-01    9.9844889216e-01    1.0000000000e+00
        21   -7.8659583489e-01    9.4635653815e-03    1.0229943441e+03    1.0230000000e+03    0.0000000000e+00   -7.8663249787e-01    1.0000000000e+00    9.9902248289e-01
        22   -7.8510188625e-01    9.3089361114e-03    1.0239831121e+03    1.0240000000e+03    2.5000000000e-01   -7.8695370413e-01    9.9848815755e-01    1.0000000000e+00
        23   -7.8710249257e-01    1.1407020810e-02    1.0239831329e+03    1.0240000000e+03    0.0000000000e+00   -7.8683441438e-01    9.9654752191e-01    1.0000000000e+00
        24   -7.8861711571e-01    1.0867502523e-02    1.0250082341e+03    1.0250000000e+03    2.5000000000e-01   -7.8737736832e-01    9.9597061627e-01    9.9804878049e-01
        25   -7.8734668028e-01    1.0758270624e-02    1.0240354482e+03    1.0240000000e+03    5.0000000000e-01   -7.8654152439e-01    9.9731455213e-01    9.9902343750e-01
        26   -7.8981552847e-01    1.1185484762e-02    1.0260074869e+03    1.0260000000e+03    5.0000000000e-01   -7.8883867641e-01    9.9689721114e-01    1.0000000000e+00
        27   -7.9022125260e-01    9.5355522129e-03    1.0260207297e+03    1.0260000000e+03    0.0000000000e+00   -7.8890427984e-01    9.9417166679e-01    9.9902534113e-01
        28   -7.8894087371e-01    9.8718838685e-03    1.0250266217e+03    1.0250000000e+03    2.5000000000e-01   -7.8828695428e-01    9.9780677444e-01    9.9902439024e-01
        29   -7.8872151813e-01    8.3679760324e-03    1.0240238804e+03    1.0240000000e+03    0.0000000000e+00   -7.8763424434e-01    9.9590495617e-01    1.0000000000e+00
        30   -7.8758676965e-01    7.4999563745e-03    1.0259727900e+03    1.0260000000e+03    2.5000000000e-01   -7.8971612740e-01    9.9882941903e-01    9.9902534113e-01
        31   -7.9027275803e-01    8.6066623949e-03    1.0250029892e+03    1.0250000000e+03    2.5000000000e-01   -7.8882795787e-01    9.9585458379e-01    1.0000000000e+00
        32   -7.8983361605e-01    8.3613730169e-03    1.0250239349e+03    1.0250000000e+03    0.0000000000e+00   -7.8880586602e-01    9.9694177688e-01    9.9902439024e-01
        33   -7.9051245512e-01    9.3913288674e-03    1.0250245472e+03    1.0250000000e+03    2.5000000000e-01   -7.8899378740e-01    9.9657842185e-01    9.9902439024e-01
        34   -7.8708085878e-01    8.2844601969e-03    1.0240118839e+03    1.0240000000e+03    2.5000000000e-01   -7.8814740961e-01    9.9823870742e-01    1.0000000000e+00
        35   -7.8711870963e-01    9.0965325679e-03    1.0239737314e+03    1.0240000000e+03    0.0000000000e+00   -7.8830507931e-01    9.9780225121e-01    9.9902343750e-01
        36   -7.8782328076e-01    8.0514200292e-03    1.0249668420e+03    1.0250000000e+03    2.5000000000e-01   -7.8920465150e-01    9.9772615263e-01    9.9804878049e-01
        37   -7.8732406422e-01    8.3160119927e-03    1.0230097236e+03    1.0230000000e+03    5.0000000000e-01   -7.8718624024e-01    9.9517923292e-01    1.0000000000e+00
        38   -7.8957200366e-01    8.6136836313e-03    1.0249875136e+03    1.0250000000e+03    2.5000000000e-01   -7.8912047702e-01    9.9836457306e-01    9.9902439024e-01
        39   -7.8793455023e-01    7.1225073778e-03    1.0240126243e+03    1.0240000000e+03    2.5000000000e-01   -7.8810121595e-01    9.9526735472e-01    1.0000000000e+00
        40   -7.8832194400e-01    7.3487838431e-03    1.0239976768e+03    1.0240000000e+03    0.0000000000e+00   -7.8817475534e-01    9.9793306024e-01    1.0000000000e+00
        41   -7.8997029154e-01    1.0523828443e-02    1.0240185806e+03    1.0240000000e+03    0.0000000000e+00   -7.8816331700e-01    1.0000000000e+00    9.9804687500e-01
        42   -7.8871862091e-01    9.0459127284e-03    1.0230464022e+03    1.0230000000e+03    0.0000000000e+00   -7.8719348767e-01    9.9346554434e-01    1.0000000000e+00
        43   -7.9149880528e-01    8.9319776808e-03    1.0240377500e+03    1.0240000000e+03    2.5000000000e-01   -7.8824877794e-01    9.9492399618e-01    1.0000000000e+00
        44   -7.8911423214e-01    8.2053803494e-03    1.0250209347e+03    1.0250000000e+03    2.5000000000e-01   -7.8924444070e-01    9.9718054549e-01    9.9902439024e-01
        45   -7.8770257577e-01    8.1188615300e-03    1.0249801207e+03    1.0250000000e+03    2.5000000000e-01   -7.8937365872e-01    9.9709295906e-01    9.9902439024e-01
        46   -7.9018149287e-01    9.1500984160e-03    1.0240109106e+03    1.0240000000e+03    0.0000000000e+00   -7.8842513657e-01    9.9853244201e-01    9.9902343750e-01
        47   -7.9068969856e-01    8.7628050240e-03    1.0230614619e+03    1.0230000000e+03    2.5000000000e-01   -7.8742133541e-01    9.9940304801e-01    1.0000000000e+00
        48   -7.9132145909e-01    9.6727658365e-03    1.0240506138e+03    1.0240000000e+03    0.0000000000e+00   -7.8846205784e-01    9.9559941644e-01    1.0000000000e+00
        49   -7.8817802301e-01    9.5784119194e-03    1.0250042410e+03    1.0250000000e+03    2.5000000000e-01   -7.8951495901e-01    9.9472849314e-01    1.0000000000e+00
        50   -7.8940398167e-01    8.2040832226e-03    1.0249815747e+03    1.0250000000e+03    0.0000000000e+00   -7.8960771188e-01    9.9746987686e-01    1.0000000000e+00
        51   -7.8957172540e-01    8.0454548574e-03    1.0259768494e+03    1.0260000000e+03    2.5000000000e-01   -7.9056821369e-01    9.9754792853e-01    1.0000000000e+00
        52   -7.8903113384e-01    8.2416156376e-03    1.0259720349e+03    1.0260000000e+03    0.0000000000e+00   -7.9059280706e-01    9.9305021420e-01    9.9805068226e-01
        53   -7.8982179620e-01    9.5288633010e-03    1.0249992145e+03    1.0250000000e+03    2.5000000000e-01   -7.8964585892e-01    9.9902871256e-01    1.0000000000e+00
        54   -7.8945991520e-01    9.0737343907e-03    1.0249979228e+03    1.0250000000e+03    0.0000000000e+00   -7.8965648718e-01    9.9071647142e-01    1.0000000000e+00
        55   -7.9018764454e-01    9.3522943341e-03    1.0259821485e+03    1.0260000000e+03    0.0000000000e+00   -7.9066423262e-01    1.0000000000e+00    9.9805068226e-01
        56   -7.8844552429e-01    8.2414148553e-03    1.0249932608e+03    1.0250000000e+03    2.5000000000e-01   -7.8970984576e-01    9.9667004822e-01    1.0000000000e+00
        57   -7.8569943720e-01    7.7931643551e-03    1.0249436992e+03    1.0250000000e+03    0.0000000000e+00   -7.8974913995e-01    9.9365612752e-01    1.0000000000e+00
        58   -7.8540687221e-01    8.3183111084e-03    1.0249131483e+03    1.0250000000e+03    0.0000000000e+00   -7.8974052074e-01    9.9629249655e-01    1.0000000000e+00
        59   -7.8461429103e-01    7.9643989559e-03    1.0249034297e+03    1.0250000000e+03    0.0000000000e+00   -7.8966193106e-01    9.9789552732e-01    1.0000000000e+00
        60   -7.8793232452e-01    8.3061235041e-03    1.0249308567e+03    1.0250000000e+03    0.0000000000e+00   -7.8957995674e-01    9.9682995337e-01    9.9804878049e-01
        61   -7.8678840783e-01    7.4104106850e-03    1.0239772596e+03    1.0240000000e+03    2.5000000000e-01   -7.8850656395e-01    9.9775068916e-01    1.0000000000e+00
        62   -7.8469148790e-01    6.0350060526e-03    1.0239423998e+03    1.0240000000e+03    0.0000000000e+00   -7.8849289158e-01    9.9702495910e-01    1.0000000000e+00
        63   -7.8481784123e-01    5.9288374997e-03    1.0239232844e+03    1.0240000000e+03    0.0000000000e+00   -7.8845325242e-01    9.9743636032e-01    1.0000000000e+00
        64   -7.8588400285e-01    7.7034038463e-03    1.0239371802e+03    1.0240000000e+03    0.0000000000e+00   -7.8836775777e-01    9.9842721172e-01    1.0000000000e+00
        65   -7.8568185590e-01    8.1161622068e-03    1.0239474358e+03    1.0240000000e+03    0.0000000000e+00   -7.8828887074e-01    9.9729488088e-01    1.0000000000e+00
        66   -7.8387306210e-01    6.3819949746e-03    1.0239279190e+03    1.0240000000e+03    0.0000000000e+00   -7.8823659100e-01    9.9802870687e-01    1.0000000000e+00
        67   -7.8688363182e-01    6.6739350939e-03    1.0239414442e+03    1.0240000000e+03    0.0000000000e+00   -7.8818223494e-01    9.9806099322e-01    1.0000000000e+00
        68   -7.8746115122e-01    6.8149553134e-03    1.0239799516e+03    1.0240000000e+03    0.0000000000e+00   -7.8809246050e-01    9.9058589436e-01    1.0000000000e+00
        69   -7.8612940113e-01    6.3231269409e-03    1.0239727527e+03    1.0240000000e+03    0.0000000000e+00   -7.8806779053e-01    9.9478022767e-01    9.9902343750e-01
        70   -7.8509160296e-01    5.7862794395e-03    1.0229700841e+03    1.0230000000e+03    2.5000000000e-01   -7.8707861809e-01    9.9196114028e-01    9.9706744868e-01
        71   -7.8201678999e-01    5.9929060471e-03    1.0199912512e+03    1.0200000000e+03    5.0000000000e-01   -7.8410398868e-01    9.9319130976e-01    9.9901960784e-01
        72   -7.8327418793e-01    6.6368847545e-03    1.0189914516e+03    1.0190000000e+03    2.5000000000e-01   -7.8306684092e-01    9.9213845228e-01    1.0000000000e+00
        73   -7.8647120830e-01    8.1192842521e-03    1.0200178830e+03    1.0200000000e+03    0.0000000000e+00   -7.8393554749e-01    9.9770269638e-01    1.0000000000e+00
        74   -7.8990508706e-01    8.4576838636e-03    1.0220605521e+03    1.0220000000e+03    5.0000000000e-01   -7.8580968496e-01    9.9237765551e-01    9.9902152642e-01
        75   -7.8879265938e-01    8.0002635015e-03    1.0210914143e+03    1.0210000000e+03    2.5000000000e-01   -7.8480721397e-01    9.9899218727e-01    1.0000000000e+00
        76   -7.8858767548e-01    1.2439694375e-02    1.0210765209e+03    1.0210000000e+03    0.0000000000e+00   -7.8484585479e-01    9.9359351717e-01    9.9902056807e-01
        77   -7.8798844911e-01    8.7665374897e-03    1.0210693646e+03    1.0210000000e+03    0.0000000000e+00   -7.8486362351e-01    9.9876972381e-01    1.0000000000e+00
        78   -7.8803999865e-01    7.9332036021e-03    1.0210620973e+03    1.0210000000e+03    0.0000000000e+00   -7.8487724531e-01    9.9555191024e-01    9.9902056807e-01
        79   -7.8838308972e-01    1.1404978882e-02    1.0210684628e+03    1.0210000000e+03    2.5000000000e-01   -7.8488024898e-01    9.9739158567e-01    1.0000000000e+00
        80   -7.8870000917e-01    1.2069060355e-02    1.0210724510e+03    1.0210000000e+03    0.0000000000e+00   -7.8488401168e-01    9.9160962143e-01    9.9608227228e-01
        81   -7.8888588327e-01    1.1673190476e-02    1.0181391986e+03    1.0180000000e+03    2.5000000000e-01   -7.8195065441e-01    9.9358994631e-01    1.0000000000e+00
        82   -7.8885550769e-01    8.8758029982e-03    1.0181379940e+03    1.0180000000e+03    0.0000000000e+00   -7.8196473096e-01    9.9555287259e-01    1.0000000000e+00
        83   -7.8584988838e-01    8.4072153795e-03    1.0190899149e+03    1.0190000000e+03    2.5000000000e-01   -7.8296314714e-01    9.9906695701e-01    9.9901864573e-01
        84   -7.8690213997e-01    6.5826178126e-03    1.0180907804e+03    1.0180000000e+03    2.5000000000e-01   -7.8199689834e-01    9.9631791889e-01    1.0000000000e+00
        85   -7.8552894885e-01    6.4764220039e-03    1.0180849442e+03    1.0180000000e+03    0.0000000000e+00   -7.8196576575e-01    9.9605330067e-01    9.9901768173e-01
        86   -7.8654126128e-01    7.5512171835e-03    1.0171016868e+03    1.0170000000e+03    2.5000000000e-01   -7.8096871871e-01    9.9533188652e-01    1.0000000000e+00
        87   -7.8786104924e-01    7.4249612987e-03    1.0171256864e+03    1.0170000000e+03    0.0000000000e+00   -7.8093440260e-01    9.9879287556e-01    1.0000000000e+00
        88   -7.8898470013e-01    6.6440784158e-03    1.0171508712e+03    1.0170000000e+03    0.0000000000e+00   -7.8091598273e-01    9.9809702664e-01    1.0000000000e+00
        89   -7.8669268451e-01    6.7501219290e-03    1.0181212286e+03    1.0180000000e+03    2.5000000000e-01   -7.8190002520e-01    9.9830192997e-01    1.0000000000e+00
        90   -7.8923628032e-01    7.5136999848e-03    1.0191029930e+03    1.0190000000e+03    2.5000000000e-01   -7.8289911941e-01    9.9571801061e-01    9.9901864573e-01
        91   -7.8848744156e-01    7.7602740468e-03    1.0181401061e+03    1.0180000000e+03    2.5000000000e-01   -7.8190177333e-01    9.9861464414e-01    9.9901768173e-01
        92   -7.8780893900e-01    7.2929918203e-03    1.0171461594e+03    1.0170000000e+03    2.5000000000e-01   -7.8093922086e-01    9.9864156860e-01    1.0000000000e+00
        93   -7.8714168484e-01    6.9753745277e-03    1.0171309312e+03    1.0170000000e+03    0.0000000000e+00   -7.8094865663e-01    9.9927353757e-01    1.0000000000e+00
        94   -7.8710900802e-01    7.4799858753e-03    1.0171238872e+03    1.0170000000e+03    0.0000000000e+00   -7.8094866842e-01    9.9323239081e-01    9.9901671583e-01
        95   -7.8791271737e-01    8.0367507034e-03    1.0171336252e+03    1.0170000000e+03    2.5000000000e-01   -7.8093978318e-01    9.9778245522e-01    1.0000000000e+00
        96   -7.8766705273e-01    9.9602194468e-03    1.0171374944e+03    1.0170000000e+03    0.0000000000e+00   -7.8093070181e-01    9.9796804411e-01    1.0000000000e+00
        97   -7.8978425658e-01    9.7621289383e-03    1.0181376703e+03    1.0180000000e+03    2.5000000000e-01   -7.8191509515e-01    9.9640444057e-01    1.0000000000e+00
        98   -7.8739263012e-01    7.6110400214e-03    1.0191144694e+03    1.0190000000e+03    0.0000000000e+00   -7.8289533318e-01    9.9444827000e-01    1.0000000000e+00
        99   -7.8882597880e-01    7.5486464997e-03    1.0200846098e+03    1.0200000000e+03    2.5000000000e-01   -7.8390144865e-01    9.9871208296e-01    9.9803921569e-01
       100   -7.8829559960e-01    9.9890700544e-03    1.0191138339e+03    1.0190000000e+03    2.5000000000e-01   -7.8291529162e-01    9.9449322639e-01    9.9901864573e-01
       101   -7.8811763297e-01    8.2925852523e-03    1.0181260113e+03    1.0180000000e+03    2.5000000000e-01   -7.8194599767e-01    9.9856244030e-01    1.0000000000e+00
       102   -7.9107522680e-01    9.8230443358e-03    1.0181534667e+03    1.0180000000e+03    0.0000000000e+00   -7.8195176588e-01    9.9793316162e-01    1.0000000000e+00
       103   -7.8845070197e-01    9.2214683840e-03    1.0191394290e+03    1.0190000000e+03    2.5000000000e-01   -7.8293708704e-01    9.9728991366e-01    1.0000000000e+00
       104   -7.9102016170e-01    1.1918132489e-02    1.0210973366e+03    1.0210000000e+03    2.5000000000e-01   -7.8493648349e-01    9.9454272587e-01    1.0000000000e+00
       105   -7.8929428912e-01    8.0067558653e-03    1.0230658453e+03    1.0230000000e+03    2.5000000000e-01   -7.8690025753e-01    9.9581347432e-01    1.0000000000e+00
       106   -7.8844151911e-01    9.5211671555e-03    1.0230377399e+03    1.0230000000e+03    0.0000000000e+00   -7.8693680247e-01    9.9399345736e-01    1.0000000000e+00
       107   -7.8846053918e-01    1.0083589249e-02    1.0230288128e+03    1.0230000000e+03    0.0000000000e+00   -7.8695266967e-01    9.9469521079e-01    1.0000000000e+00
       108   -7.8683174963e-01    7.5042552088e-03    1.0249738899e+03    1.0250000000e+03    2.5000000000e-01   -7.8891161131e-01    9.9678897368e-01    1.0000000000e+00
       109   -7.8372543221e-01    7.4945184150e-03    1.0278696627e+03    1.0280000000e+03    7.5000000000e-01   -7.9184006479e-01    9.9796445062e-01    1.0000000000e+00
       110   -7.8589344623e-01    7.5777352933e-03    1.0278548110e+03    1.0280000000e+03    0.0000000000e+00   -7.9182773507e-01    9.9804346957e-01    1.0000000000e+00
       111   -7.8312727292e-01    7.1429463916e-03    1.0278495773e+03    1.0280000000e+03    0.0000000000e+00   -7.9178154098e-01    9.9698700609e-01    1.0000000000e+00
       112   -7.8025830395e-01    6.8611984749e-03    1.0277923803e+03    1.0280000000e+03    0.0000000000e+00   -7.9175991647e-01    9.9936159364e-01    1.0000000000e+00
       113   -7.7828835179e-01    8.0689098113e-03    1.0297055233e+03    1.0300000000e+03    0.0000000000e+00   -7.9365264842e-01    9.9731111765e-01    1.0000000000e+00
       114   -7.8154969509e-01    8.5640486777e-03    1.0306991107e+03    1.0310000000e+03    0.0000000000e+00   -7.9454271006e-01    9.9917275554e-01    9.9806013579e-01
       115   -7.8117944806e-01    7.6168493243e-03    1.0287721620e+03    1.0290000000e+03    2.5000000000e-01   -7.9250157577e-01    9.9912204028e-01    1.0000000000e+00
       116   -7.8114806888e-01    8.5133388189e-03    1.0297480084e+03    1.0300000000e+03    0.0000000000e+00   -7.9340957793e-01    9.9678719272e-01    1.0000000000e+00
       117   -7.8402462899e-01    8.6772832072e-03    1.0307580666e+03    1.0310000000e+03    2.5000000000e-01   -7.9431412655e-01    9.9778971287e-01    1.0000000000e+00
       118   -7.8460384902e-01    8.2317366898e-03    1.0307942916e+03    1.0310000000e+03    0.0000000000e+00   -7.9424929615e-01    9.9928246400e-01    1.0000000000e+00
       119   -7.8561779531e-01    1.0094666976e-02    1.0327731529e+03    1.0330000000e+03    0.0000000000e+00   -7.9615281672e-01    9.9463758734e-01    9.9903194579e-01
       120   -7.8650892403e-01    1.0022934461e-02    1.0337744749e+03    1.0340000000e+03    5.0000000000e-01   -7.9709241963e-01    9.9743781956e-01    1.0000000000e+00
       121   -7.8339527444e-01    7.7988154439e-03    1.0357093088e+03    1.0360000000e+03    5.0000000000e-01   -7.9900739753e-01    9.9781256733e-01    9.9903474903e-01
       122   -7.8372474259e-01    8.1326879814e-03    1.0347007498e+03    1.0350000000e+03    2.5000000000e-01   -7.9803336809e-01    9.9648099248e-01    1.0000000000e+00
       123   -7.8472452199e-01    8.0662769800e-03    1.0347144222e+03    1.0350000000e+03    0.0000000000e+00   -7.9799498757e-01    9.9478003414e-01    9.9710144928e-01
       124   -7.8551508217e-01    8.0096124603e-03    1.0317977786e+03    1.0320000000e+03    2.5000000000e-01   -7.9505775344e-01    9.9845481820e-01    1.0000000000e+00
       125   -7.8589998596e-01    8.0874889420e-03    1.0318066135e+03    1.0320000000e+03    0.0000000000e+00   -7.9503345734e-01    9.9522590548e-01    9.9903100775e-01
       126   -7.8542783781e-01    8.9639580801e-03    1.0318072257e+03    1.0320000000e+03    2.5000000000e-01   -7.9501707777e-01    9.9325718717e-01    9.9903100775e-01
       127   -7.8636928907e-01    9.5224489497e-03    1.0308337052e+03    1.0310000000e+03    0.0000000000e+00   -7.9403513956e-01    9.9263984708e-01    1.0000000000e+00
       128   -7.8670546591e-01    8.7747702641e-03    1.0308445081e+03    1.0310000000e+03    0.0000000000e+00   -7.9401852268e-01    9.9550408485e-01    9.9806013579e-01
       129   -7.8752330655e-01    8.6502227587e-03    1.0318414350e+03    1.0320000000e+03    2.5000000000e-01   -7.9498030988e-01    9.9650540537e-01    1.0000000000e+00
       130   -7.8751812535e-01    8.1479047787e-03    1.0328252893e+03    1.0330000000e+03    2.5000000000e-01   -7.9594435384e-01    9.9578988661e-01    9.9903194579e-01
       131   -7.8633736862e-01    7.4328991091e-03    1.0318347506e+03    1.0320000000e+03    2.5000000000e-01   -7.9497880028e-01    9.9665828368e-01    1.0000000000e+00
       132   -7.8910727171e-01    1.0788016905e-02    1.0318490774e+03    1.0320000000e+03    0.0000000000e+00   -7.9498167051e-01    9.9588903814e-01    9.9903100775e-01
       133   -7.9010334753e-01    8.5472533394e-03    1.0318902422e+03    1.0320000000e+03    2.5000000000e-01   -7.9497404076e-01    9.9858997313e-01    9.9903100775e-01
       134   -7.8801816211e-01    7.5849519611e-03    1.0308967946e+03    1.0310000000e+03    2.5000000000e-01   -7.9402138024e-01    9.9611004250e-01    1.0000000000e+00
       135   -7.8661247485e-01    7.4066165845e-03    1.0308603595e+03    1.0310000000e+03    0.0000000000e+00   -7.9404655107e-01    9.9814555598e-01    1.0000000000e+00
       136   -7.8884490766e-01    8.3033442235e-03    1.0318563798e+03    1.0320000000e+03    2.5000000000e-01   -7.9502277421e-01    9.9909204924e-01    9.9903100775e-01
       137   -7.8787966171e-01    6.7927418209e-03    1.0308819055e+03    1.0310000000e+03    2.5000000000e-01   -7.9404794331e-01    9.9584203931e-01    9.9903006790e-01
       138   -7.8843110633e-01    8.3103636023e-03    1.0308819981e+03    1.0310000000e+03    2.5000000000e-01   -7.9406158435e-01    9.9421571521e-01    9.9903006790e-01
       139   -7.8561995611e-01    6.9255984596e-03    1.0298740642e+03    1.0300000000e+03    2.5000000000e-01   -7.9309648202e-01    9.9387286923e-01    1.0000000000e+00
       140   -7.8371077671e-01    6.4272740316e-03    1.0298253520e+03    1.0300000000e+03    0.0000000000e+00   -7.9310628952e-01    9.9389525887e-01    1.0000000000e+00
       141   -7.8232801271e-01    6.2186004102e-03    1.0297919870e+03    1.0300000000e+03    0.0000000000e+00   -7.9309270227e-01    9.9677374741e-01    1.0000000000e+00
       142   -7.8249612598e-01    8.1762432198e-03    1.0297800513e+03    1.0300000000e+03    0.0000000000e+00   -7.9306368874e-01    9.9332871854e-01    1.0000000000e+00
       143   -7.8265068735e-01    8.1186697054e-03    1.0327259352e+03    1.0330000000e+03    5.0000000000e-01   -7.9593229289e-01    9.9597223737e-01    1.0000000000e+00
       144   -7.8316443707e-01    7.9044093003e-03    1.0337119207e+03    1.0340000000e+03    2.5000000000e-01   -7.9686209253e-01    9.9316186006e-01    9.9806576402e-01
       145   -7.8805381904e-01    7.9720806891e-03    1.0327991337e+03    1.0330000000e+03    2.5000000000e-01   -7.9585856133e-01    9.9826226780e-01    1.0000000000e+00
       146   -7.8974483783e-01    9.1939428578e-03    1.0328558791e+03    1.0330000000e+03    0.0000000000e+00   -7.9582726402e-01    9.9402850179e-01    1.0000000000e+00
       147   -7.8804404324e-01    1.0496100008e-02    1.0328553608e+03    1.0330000000e+03    0.0000000000e+00   -7.9583495866e-01    9.9651393681e-01    1.0000000000e+00
       148   -7.8519936785e-01    7.0725701554e-03    1.0328081385e+03    1.0330000000e+03    0.0000000000e+00   -7.9585574415e-01    9.9751119108e-01    9.9903194579e-01
       149   -7.8564681324e-01    7.8573117333e-03    1.0327844699e+03    1.0330000000e+03    2.5000000000e-01   -7.9586302293e-01    9.9778463606e-01    1.0000000000e+00
       150   -7.8372461378e-01    6.2704832566e-03    1.0327688117e+03    1.0330000000e+03    0.0000000000e+00   -7.9584830761e-01    9.9409978460e-01    1.0000000000e+00
       151   -7.8406928035e-01    6.6136334707e-03    1.0327529623e+03    1.0330000000e+03    0.0000000000e+00   -7.9583723256e-01    9.9657526949e-01    9.9903194579e-01
       152   -7.8653731929e-01    6.6698860587e-03    1.0318037743e+03    1.0320000000e+03    0.0000000000e+00   -7.9484324013e-01    9.9403641947e-01    1.0000000000e+00
       153   -7.8767461621e-01    7.6995400243e-03    1.0328244826e+03    1.0330000000e+03    2.5000000000e-01   -7.9578926832e-01    9.9862926575e-01    9.9806389158e-01
       154   -7.8502203340e-01    8.0783144225e-03    1.0308476462e+03    1.0310000000e+03    5.0000000000e-01   -7.9384754228e-01    9.9975771731e-01    1.0000000000e+00
       155   -7.8629205995e-01    7.3554420191e-03    1.0308301444e+03    1.0310000000e+03    0.0000000000e+00   -7.9385228119e-01    1.0000000000e+00    9.9903006790e-01
       156   -7.8725535153e-01    7.5809244356e-03    1.0298738386e+03    1.0300000000e+03    2.5000000000e-01   -7.9286704333e-01    9.9813485106e-01    1.0000000000e+00
       157   -7.8752813247e-01    6.9611250193e-03    1.0298863132e+03    1.0300000000e+03    0.0000000000e+00   -7.9286169510e-01    9.9823323297e-01    1.0000000000e+00
       158   -7.8759157040e-01    7.0719218594e-03    1.0298897623e+03    1.0300000000e+03    0.0000000000e+00   -7.9286340475e-01    9.9979479542e-01    1.0000000000e+00
       159   -7.8743159822e-01    6.5163809671e-03    1.0298887414e+03    1.0300000000e+03    0.0000000000e+00   -7.9286705225e-01    9.9587094831e-01    9.9902912621e-01
       160   -7.8759255874e-01    6.5113431991e-03    1.0289102541e+03    1.0290000000e+03    2.5000000000e-01   -7.9189975539e-01    9.9589140465e-01    9.9902818270e-01
       161   -7.8757551411e-01    6.2770914265e-03    1.0289126131e+03    1.0290000000e+03    0.0000000000e+00   -7.9190261194e-01    9.9910114286e-01    9.9902818270e-01
       162   -7.8950314078e-01    6.8358556046e-03    1.0279499040e+03    1.0280000000e+03    2.5000000000e-01   -7.9093427196e-01    9.9406138878e-01    1.0000000000e+00
       163   -7.8956277390e-01    7.1419358431e-03    1.0289515320e+03    1.0290000000e+03    2.5000000000e-01   -7.9191033718e-01    9.9711389762e-01    9.9902818270e-01
       164   -7.8902940566e-01    7.3474459249e-03    1.0299262300e+03    1.0300000000e+03    0.0000000000e+00   -7.9289879183e-01    9.9772769707e-01    9.9805825243e-01
       165   -7.8679921212e-01    7.0677461125e-03    1.0279378473e+03    1.0280000000e+03    5.0000000000e-01   -7.9097244116e-01    9.9745554167e-01    1.0000000000e+00
       166   -7.8921411782e-01    7.2173226633e-03    1.0279376000e+03    1.0280000000e+03    0.0000000000e+00   -7.9098583571e-01    9.9273630298e-01    9.9902723735e-01
       167   -7.9058754513e-01    7.1245184290e-03    1.0269995415e+03    1.0270000000e+03    2.5000000000e-01   -7.9001064056e-01    9.9653658452e-01    1.0000000000e+00
       168   -7.9037812282e-01    6.8413341254e-03    1.0270080063e+03    1.0270000000e+03    0.0000000000e+00   -7.9002502489e-01    9.9484622113e-01    1.0000000000e+00
       169   -7.8820817156e-01    6.8483030514e-03    1.0269832189e+03    1.0270000000e+03    0.0000000000e+00   -7.9004843378e-01    9.9663396459e-01    9.9902629017e-01
       170   -7.8823307326e-01    7.0051668029e-03    1.0269638085e+03    1.0270000000e+03    2.5000000000e-01   -7.9007013440e-01    9.9770148897e-01    9.9902629017e-01
       171   -7.8823250625e-01    7.2837395415e-03    1.0269627355e+03    1.0270000000e+03    2.5000000000e-01   -7.9007717706e-01    9.9610474240e-01    9.9805258033e-01
       172   -7.8800209123e-01    6.8902010259e-03    1.0250001036e+03    1.0250000000e+03    2.5000000000e-01   -7.8813497253e-01    9.9794214346e-01    9.9804878049e-01
       173   -7.8803452125e-01    6.0861565323e-03    1.0230377316e+03    1.0230000000e+03    0.0000000000e+00   -7.8618886403e-01    9.9490109722e-01    1.0000000000e+00
       174   -7.8681093402e-01    6.0858529630e-03    1.0240044572e+03    1.0240000000e+03    2.5000000000e-01   -7.8717133347e-01    9.9267227677e-01    1.0000000000e+00
       175   -7.8675283008e-01    6.9587980629e-03    1.0249725651e+03    1.0250000000e+03    0.0000000000e+00   -7.8815298839e-01    9.9163484204e-01    1.0000000000e+00
       176   -7.8661788416e-01    6.8214946129e-03    1.0259502604e+03    1.0260000000e+03    2.5000000000e-01   -7.8912577660e-01    9.9604030109e-01    1.0000000000e+00
       177   -7.8613538366e-01    7.0024101246e-03    1.0269246419e+03    1.0270000000e+03    2.5000000000e-01   -7.9009727464e-01    9.9495255376e-01    9.9902629017e-01
       178   -7.8452043935e-01    7.2262598402e-03    1.0269020147e+03    1.0270000000e+03    2.5000000000e-01   -7.9009376840e-01    9.9848640513e-01    1.0000000000e+00
       179   -7.8559667124e-01    7.1863784138e-03    1.0278763041e+03    1.0280000000e+03    2.5000000000e-01   -7.9106050775e-01    9.9930900678e-01    9.9902723735e-01
       180   -7.8587997641e-01    6.7623653598e-03    1.0278909694e+03    1.0280000000e+03    2.5000000000e-01   -7.9104399883e-01    9.9901710587e-01    9.9805447471e-01
       181   -7.8663963992e-01    6.4212772623e-03    1.0259439181e+03    1.0260000000e+03    2.5000000000e-01   -7.8908695937e-01    9.9703267028e-01    1.0000000000e+00
       182   -7.9025357687e-01    1.0529931171e-02    1.0259856142e+03    1.0260000000e+03    0.0000000000e+00   -7.8907920775e-01    9.9692522312e-01    1.0000000000e+00
       183   -7.9200495781e-01    9.7337538601e-03    1.0260403241e+03    1.0260000000e+03    0.0000000000e+00   -7.8907621175e-01    9.9643961992e-01    9.9902534113e-01
       184   -7.8755574626e-01    8.0296033670e-03    1.0250328664e+03    1.0250000000e+03    0.0000000000e+00   -7.8812015433e-01    9.9855610464e-01    9.9902439024e-01
       185   -7.8424644217e-01    7.0855057263e-03    1.0239739267e+03    1.0240000000e+03    2.5000000000e-01   -7.8717352829e-01    9.9546889531e-01    1.0000000000e+00
       186   -7.8778112795e-01    9.1549033917e-03    1.0249557232e+03    1.0250000000e+03    2.5000000000e-01   -7.8815191678e-01    9.9404765512e-01    9.9902439024e-01
       187   -7.8934667223e-01    8.5602454320e-03    1.0240278961e+03    1.0240000000e+03    2.5000000000e-01   -7.8715828956e-01    9.9433637464e-01    1.0000000000e+00
       188   -7.8857356448e-01    8.5295507009e-03    1.0240350406e+03    1.0240000000e+03    0.0000000000e+00   -7.8716199693e-01    9.9663151928e-01    9.9902343750e-01
       189   -7.8732209586e-01    8.2415085533e-03    1.0249981620e+03    1.0250000000e+03    2.5000000000e-01   -7.8815100998e-01    9.9404054546e-01    1.0000000000e+00
       190   -7.8860078208e-01    7.9008820550e-03    1.0249944871e+03    1.0250000000e+03    0.0000000000e+00   -7.8815923728e-01    9.9637339538e-01    1.0000000000e+00
       191   -7.8706393764e-01    8.2055100519e-03    1.0259730674e+03    1.0260000000e+03    2.5000000000e-01   -7.8913518398e-01    9.9902929380e-01    9.9902534113e-01
       192   -7.8918134860e-01    7.3463388201e-03    1.0249976379e+03    1.0250000000e+03    2.5000000000e-01   -7.8816828713e-01    9.9562531314e-01    1.0000000000e+00
       193   -7.9067499951e-01    8.5990628713e-03    1.0260214646e+03    1.0260000000e+03    2.5000000000e-01   -7.8914267988e-01    9.9568297414e-01    9.9902534113e-01
       194   -7.8810583325e-01    7.6191181508e-03    1.0289481427e+03    1.0290000000e+03    5.0000000000e-01   -7.9207382613e-01    9.9496224801e-01    9.9805636540e-01
       195   -7.8953348191e-01    8.3850010003e-03    1.0279556032e+03    1.0280000000e+03    5.0000000000e-01   -7.9112137690e-01    9.9721749985e-01    1.0000000000e+00
       196   -7.8761965970e-01    7.5851821825e-03    1.0299128261e+03    1.0300000000e+03    2.5000000000e-01   -7.9307002971e-01    9.9409182883e-01    1.0000000000e+00
       197   -7.8726277879e-01    7.7431242365e-03    1.0298826953e+03    1.0300000000e+03    0.0000000000e+00   -7.9308305642e-01    9.9810532869e-01    1.0000000000e+00
       198   -7.8898454927e-01    7.9404302253e-03    1.0298966643e+03    1.0300000000e+03    0.0000000000e+00   -7.9308518495e-01    9.9604491238e-01    1.0000000000e+00
       199   -7.8893886740e-01    9.6080271796e-03    1.0299137606e+03    1.0300000000e+03    0.0000000000e+00   -7.9308529595e-01    9.9214788555e-01    9.9902912621e-01
       200   -7.9140240574e-01    1.5095556329e-02    1.0319036410e+03    1.0320000000e+03    2.5000000000e-01   -7.9503483593e-01    1.0000000000e+00    9.9903100775e-01
       201   -7.8959136007e-01    8.3753600754e-03    1.0309246813e+03    1.0310000000e+03    2.5000000000e-01   -7.9407468977e-01    9.9562929595e-01    1.0000000000e+00
       202   -7.8991594333e-01    8.5090075997e-03    1.0309090407e+03    1.0310000000e+03    0.0000000000e+00   -7.9409743919e-01    9.9889687874e-01    9.9806013579e-01
       203   -7.8732615394e-01    9.0235967401e-03    1.0299097658e+03    1.0300000000e+03    2.5000000000e-01   -7.9313964077e-01    9.9693952230e-01    1.0000000000e+00
       204   -7.9076501297e-01    1.1633393428e-02    1.0299138104e+03    1.0300000000e+03    0.0000000000e+00   -7.9315387217e-01    9.9765260207e-01    9.9902912621e-01
       205   -7.8799521274e-01    1.2264696610e-02    1.0289408868e+03    1.0290000000e+03    2.5000000000e-01   -7.9218260547e-01    9.9538954144e-01    9.9805636540e-01
       206   -7.8857457102e-01    9.6342714009e-03    1.0269657054e+03    1.0270000000e+03    2.5000000000e-01   -7.9025564590e-01    9.9587334229e-01    1.0000000000e+00
       207   -7.8961268302e-01    8.4005341961e-03    1.0289375673e+03    1.0290000000e+03    0.0000000000e+00   -7.9220472780e-01    9.9839233801e-01    9.9902818270e-01
       208   -7.8792035532e-01    7.8426667860e-03    1.0289301553e+03    1.0290000000e+03    2.5000000000e-01   -7.9221132766e-01    1.0000000000e+00    9.9805636540e-01
       209   -7.8838662890e-01    8.4263908497e-03    1.0269575523e+03    1.0270000000e+03    2.5000000000e-01   -7.9027782443e-01    9.9234442001e-01    1.0000000000e+00
       210   -7.8611220393e-01    8.3234761458e-03    1.0269364195e+03    1.0270000000e+03    0.0000000000e+00   -7.9028081356e-01    9.9765239585e-01    1.0000000000e+00
       211   -7.8998134498e-01    9.5818069857e-03    1.0279345806e+03    1.0280000000e+03    2.5000000000e-01   -7.9125944870e-01    9.9650031002e-01    1.0000000000e+00
       212   -7.8895726351e-01    9.2014024559e-03    1.0299231412e+03    1.0300000000e+03    2.5000000000e-01   -7.9319658076e-01    9.9226086785e-01    1.0000000000e+00
       213   -7.8750182140e-01    8.7965468112e-03    1.0318564752e+03    1.0320000000e+03    2.5000000000e-01   -7.9515005719e-01    9.9578718633e-01    1.0000000000e+00
       214   -7.9108253969e-01    8.6514345263e-03    1.0318776781e+03    1.0320000000e+03    0.0000000000e+00   -7.9515824969e-01    9.9773427181e-01    9.9903100775e-01
       215   -7.9073417446e-01    9.0339993638e-03    1.0309315248e+03    1.0310000000e+03    0.0000000000e+00   -7.9418943235e-01    9.9558815510e-01    1.0000000000e+00
       216   -7.8984940090e-01    8.7540780618e-03    1.0318990774e+03    1.0320000000e+03    2.5000000000e-01   -7.9517780144e-01    9.9701478118e-01    9.9903100775e-01
       217   -7.9097727589e-01    9.0708045905e-03    1.0309220844e+03    1.0310000000e+03    0.0000000000e+00   -7.9422528619e-01    9.9715504922e-01    9.9903006790e-01
       218   -7.8732485244e-01    8.3280020389e-03    1.0308959471e+03    1.0310000000e+03    2.5000000000e-01   -7.9423759322e-01    9.9757084527e-01    9.9806013579e-01
       219   -7.8529788720e-01    7.9906376480e-03    1.0288765956e+03    1.0290000000e+03    2.5000000000e-01   -7.9231369610e-01    9.9940871902e-01    1.0000000000e+00
       220   -7.8804091770e-01    7.4469530157e-03    1.0308474302e+03    1.0310000000e+03    2.5000000000e-01   -7.9425485472e-01    9.9547409347e-01    9.9806013579e-01
       221   -7.8816592120e-01    7.6447640984e-03    1.0298982692e+03    1.0300000000e+03    5.0000000000e-01   -7.9327378382e-01    9.9782946400e-01    1.0000000000e+00
       222   -7.8592083976e-01    7.3671681961e-03    1.0298706859e+03    1.0300000000e+03    0.0000000000e+00   -7.9327680070e-01    9.9785577216e-01    1.0000000000e+00
       223   -7.8626076999e-01    7.3634344357e-03    1.0298510169e+03    1.0300000000e+03    0.0000000000e+00   -7.9328040363e-01    9.9540143222e-01    9.9805825243e-01
       224   -7.8584608509e-01    8.2597869639e-03    1.0308336142e+03    1.0310000000e+03    2.5000000000e-01   -7.9424336874e-01    9.9673518481e-01    1.0000000000e+00
       225   -7.8549458456e-01    8.1642180864e-03    1.0308224519e+03    1.0310000000e+03    0.0000000000e+00   -7.9423766181e-01    9.9848095760e-01    9.9903006790e-01
       226   -7.8676310935e-01    8.7312607281e-03    1.0308329016e+03    1.0310000000e+03    0.0000000000e+00   -7.9422999726e-01    9.9627198163e-01    1.0000000000e+00
       227   -7.8785351212e-01    8.6841727850e-03    1.0318367124e+03    1.0320000000e+03    0.0000000000e+00   -7.9519017071e-01    9.8768186299e-01    9.9806201550e-01
       228   -7.8419172515e-01    8.7102056143e-03    1.0298508814e+03    1.0300000000e+03    2.5000000000e-01   -7.9324720531e-01    9.9832943411e-01    9.9902912621e-01
       229   -7.8621923012e-01    9.7590931064e-03    1.0308163848e+03    1.0310000000e+03    2.5000000000e-01   -7.9421975443e-01    9.9733165435e-01    9.9903006790e-01
       230   -7.8593730571e-01    8.4014445983e-03    1.0298545557e+03    1.0300000000e+03    2.5000000000e-01   -7.9323404044e-01    9.9660666303e-01    9.9805825243e-01
       231   -7.8695753443e-01    9.4307903930e-03    1.0279018813e+03    1.0280000000e+03    5.0000000000e-01   -7.9128484820e-01    9.9775892020e-01    9.9805447471e-01
       232   -7.8656495080e-01    8.9847906151e-03    1.0259471905e+03    1.0260000000e+03    5.0000000000e-01   -7.8933059347e-01    9.9397041069e-01    1.0000000000e+00
       233   -7.8785031875e-01    1.0534616654e-02    1.0279161973e+03    1.0280000000e+03    5.0000000000e-01   -7.9127603329e-01    9.9582471121e-01    1.0000000000e+00
       234   -7.8698869352e-01    9.9536200742e-03    1.0279191432e+03    1.0280000000e+03    0.0000000000e+00   -7.9127223683e-01    9.9914462566e-01    1.0000000000e+00
       235   -7.8697295533e-01    8.5769712899e-03    1.0279101438e+03    1.0280000000e+03    0.0000000000e+00   -7.9127445414e-01    9.9924018898e-01    1.0000000000e+00
       236   -7.8833304246e-01    9.8043617698e-03    1.0298838203e+03    1.0300000000e+03    2.5000000000e-01   -7.9321629713e-01    9.9679563036e-01    1.0000000000e+00
       237   -7.8707764971e-01    8.3605682157e-03    1.0308663973e+03    1.0310000000e+03    0.0000000000e+00   -7.9418485169e-01    9.9733263757e-01    9.9903006790e-01
       238   -7.8580693726e-01    7.2511625007e-03    1.0298600149e+03    1.0300000000e+03    2.5000000000e-01   -7.9321885656e-01    9.9861109010e-01    1.0000000000e+00
       239   -7.8718869824e-01    7.3272420336e-03    1.0298606536e+03    1.0300000000e+03    0.0000000000e+00   -7.9321749157e-01    9.9567708401e-01    9.9902912621e-01
       240   -7.8548083316e-01    8.1049026366e-03    1.0298589613e+03    1.0300000000e+03    2.5000000000e-01   -7.9321036303e-01    9.9724757203e-01    1.0000000000e+00
       241   -7.8752553471e-01    8.3818951849e-03    1.0308427107e+03    1.0310000000e+03    0.0000000000e+00   -7.9417995411e-01    9.9919495828e-01    1.0000000000e+00
       242   -7.8667436927e-01    9.1230840891e-03    1.0308531117e+03    1.0310000000e+03    0.0000000000e+00   -7.9417145662e-01    9.9809793349e-01    1.0000000000e+00
       243   -7.8472170211e-01    1.4385681375e-02    1.0308239533e+03    1.0310000000e+03    0.0000000000e+00   -7.9417220441e-01    9.9826427206e-01    1.0000000000e+00
       244   -7.8458139656e-01    1.0183094927e-02    1.0308025184e+03    1.0310000000e+03    0.0000000000e+00   -7.9416914567e-01    9.9796656476e-01    9.9806013579e-01
       245   -7.8489294171e-01    8.3678837609e-03    1.0288454197e+03    1.0290000000e+03    2.5000000000e-01   -7.9221568742e-01    9.9623874150e-01    1.0000000000e+00
       246   -7.8521144329e-01    9.5395292085e-03    1.0288516588e+03    1.0290000000e+03    0.0000000000e+00   -7.9220346016e-01    9.9628798637e-01    9.9902818270e-01
       247   -7.8626751844e-01    1.0825097361e-02    1.0278872611e+03    1.0280000000e+03    2.5000000000e-01   -7.9122042326e-01    9.9657969451e-01    9.9902723735e-01
       248   -7.8677664873e-01    1.1188844772e-02    1.0269222446e+03    1.0270000000e+03    2.5000000000e-01   -7.9023793130e-01    9.9435707127e-01    9.9902629017e-01
       249   -7.8843643954e-01    1.1308378830e-02    1.0269454346e+03    1.0270000000e+03    2.5000000000e-01   -7.9023336794e-01    9.9887834800e-01    9.9805258033e-01
       250   -7.8640644176e-01    1.3778488724e-02    1.0249823790e+03    1.0250000000e+03    5.0000000000e-01   -7.8828173952e-01    9.9669129580e-01    1.0000000000e+00
       251   -7.8609493224e-01    9.9422818221e-03    1.0249563686e+03    1.0250000000e+03    0.0000000000e+00   -7.8828663470e-01    9.9531627514e-01    9.9707317073e-01
       252   -7.8899937864e-01    9.0804781777e-03    1.0230270717e+03    1.0230000000e+03    5.0000000000e-01   -7.8632961207e-01    9.9760681965e-01    1.0000000000e+00
       253   -7.8711984730e-01    9.9701880256e-03    1.0240143107e+03    1.0240000000e+03    2.5000000000e-01   -7.8730145120e-01    9.9161626653e-01    1.0000000000e+00
       254   -7.9008898717e-01    1.0430348217e-02    1.0240246284e+03    1.0240000000e+03    0.0000000000e+00   -7.8730870730e-01    9.9602079571e-01    1.0000000000e+00
       255   -7.9009499979e-01    8.9595196665e-03    1.0240550086e+03    1.0240000000e+03    0.0000000000e+00   -7.8730790364e-01    9.9798056497e-01    1.0000000000e+00
       256   -7.8920154016e-01    7.2450648269e-03    1.0250319012e+03    1.0250000000e+03    2.5000000000e-01   -7.8829577387e-01    9.9799315539e-01    9.9902439024e-01
       257   -7.8876305089e-01    8.0233257011e-03    1.0250150786e+03    1.0250000000e+03    2.5000000000e-01   -7.8830748404e-01    9.9402639599e-01    1.0000000000e+00
       258   -7.8677277190e-01    1.0043475598e-02    1.0259674841e+03    1.0260000000e+03    0.0000000000e+00   -7.8929047594e-01    9.9867909052e-01    1.0000000000e+00
       259   -7.8392577432e-01    1.2255880007e-02    1.0259174570e+03    1.0260000000e+03    0.0000000000e+00   -7.8929643324e-01    9.9213561859e-01    9.9805068226e-01
       260   -7.8786252110e-01    1.0023660900e-02    1.0239697054e+03    1.0240000000e+03    2.5000000000e-01   -7.8734282794e-01    9.9863685440e-01    1.0000000000e+00
       261   -7.8919485678e-01    1.0998628353e-02    1.0240224934e+03    1.0240000000e+03    0.0000000000e+00   -7.8732864929e-01    1.0000000000e+00    9.9902343750e-01
       262   -7.8977780232e-01    1.0237720233e-02    1.0230633688e+03    1.0230000000e+03    2.5000000000e-01   -7.8635381573e-01    9.9800280622e-01    9.9804496579e-01
       263   -7.8839956296e-01    1.0693759577e-02    1.0220767259e+03    1.0220000000e+03    2.5000000000e-01   -7.8538349133e-01    9.9957975055e-01    9.9804305284e-01
       264   -7.9018354560e-01    9.8742081829e-03    1.0201231810e+03    1.0200000000e+03    2.5000000000e-01   -7.8343462388e-01    9.9671666723e-01    9.9803921569e-01
       265   -7.9121441132e-01    9.0088633761e-03    1.0201576385e+03    1.0200000000e+03    2.5000000000e-01   -7.8343891383e-01    9.9630449509e-01    9.9901960784e-01
       266   -7.8992073623e-01    8.0677263725e-03    1.0191631850e+03    1.0190000000e+03    2.5000000000e-01   -7.8246954782e-01    9.9489139968e-01    1.0000000000e+00
       267   -7.8913524332e-01    7.6937690278e-03    1.0211022288e+03    1.0210000000e+03    0.0000000000e+00   -7.8444592018e-01    9.9946610296e-01    1.0000000000e+00
       268   -7.9189829416e-01    8.1520623394e-03    1.0221026698e+03    1.0220000000e+03    2.5000000000e-01   -7.8543511805e-01    9.9796182497e-01    1.0000000000e+00
       269   -7.8825640017e-01    8.2731193492e-03    1.0220929088e+03    1.0220000000e+03    0.0000000000e+00   -7.8544212645e-01    9.9744495165e-01    1.0000000000e+00
       270   -7.8957734012e-01    7.4682291986e-03    1.0220689123e+03    1.0220000000e+03    0.0000000000e+00   -7.8546013098e-01    9.9728492516e-01    9.9902152642e-01
       271   -7.9104349570e-01    8.4535480601e-03    1.0220992139e+03    1.0220000000e+03    2.5000000000e-01   -7.8546348251e-01    9.9826925813e-01    9.9804305284e-01
       272   -7.8893438855e-01    6.7859167852e-03    1.0211139934e+03    1.0210000000e+03    5.0000000000e-01   -7.8449309667e-01    9.9677632248e-01    9.9804113614e-01
       273   -7.9087243720e-01    8.1683341342e-03    1.0201301900e+03    1.0200000000e+03    5.0000000000e-01   -7.8352747890e-01    9.9629866756e-01    9.9803921569e-01
       274   -7.9291517439e-01    7.1934948223e-03    1.0201722503e+03    1.0200000000e+03    2.5000000000e-01   -7.8353335689e-01    9.9661390350e-01    1.0000000000e+00
       275   -7.9305668696e-01    7.7741547374e-03    1.0211714980e+03    1.0210000000e+03    2.5000000000e-01   -7.8452670086e-01    9.9866091688e-01    9.9902056807e-01
       276   -7.9015321470e-01    1.0187744196e-02    1.0221244515e+03    1.0220000000e+03    2.5000000000e-01   -7.8552696005e-01    9.9597597607e-01    1.0000000000e+00
       277   -7.8927516470e-01    8.6352384207e-03    1.0220833058e+03    1.0220000000e+03    0.0000000000e+00   -7.8554865146e-01    9.9740065753e-01    1.0000000000e+00
       278   -7.9030382721e-01    9.1619952633e-03    1.0220845345e+03    1.0220000000e+03    0.0000000000e+00   -7.8555892095e-01    9.9693211580e-01    1.0000000000e+00
       279   -7.9096854216e-01    8.4554594795e-03    1.0230833082e+03    1.0230000000e+03    2.5000000000e-01   -7.8654371617e-01    9.9398646898e-01    1.0000000000e+00
       280   -7.9183436870e-01    8.1769520016e-03    1.0230972531e+03    1.0230000000e+03    0.0000000000e+00   -7.8655442029e-01    9.9731816863e-01    9.9804496579e-01
       281   -7.9149389736e-01    8.6160715807e-03    1.0221243902e+03    1.0220000000e+03    2.5000000000e-01   -7.8558959400e-01    9.9745260274e-01    9.9902152642e-01
       282   -7.9279300354e-01    1.0120521876e-02    1.0221348378e+03    1.0220000000e+03    2.5000000000e-01   -7.8560596705e-01    9.9646128495e-01    9.9902152642e-01
       283   -7.9006410410e-01    1.0258539468e-02    1.0221173794e+03    1.0220000000e+03    2.5000000000e-01   -7.8562092103e-01    9.9526666944e-01    1.0000000000e+00
       284   -7.9164681436e-01    8.1749501619e-03    1.0221044771e+03    1.0220000000e+03    0.0000000000e+00   -7.8564068257e-01    9.9981212467e-01    9.9902152642e-01
       285   -7.9396976928e-01    9.4921286189e-03    1.0211659133e+03    1.0210000000e+03    0.0000000000e+00   -7.8467104464e-01    9.9697164543e-01    1.0000000000e+00
       286   -7.9209631119e-01    9.2858634467e-03    1.0211681914e+03    1.0210000000e+03    0.0000000000e+00   -7.8468623931e-01    9.9938308285e-01    9.9902056807e-01
       287   -7.9664370118e-01    1.9347928310e-02    1.0212001262e+03    1.0210000000e+03    2.5000000000e-01   -7.8471002037e-01    9.9855908549e-01    9.9902056807e-01
       288   -7.9137543550e-01    1.2502697886e-02    1.0202071982e+03    1.0200000000e+03    2.5000000000e-01   -7.8374672155e-01    9.9785797882e-01    1.0000000000e+00
       289   -7.9141029756e-01    8.1458538843e-03    1.0211327762e+03    1.0210000000e+03    0.0000000000e+00   -7.8476002779e-01    9.9882982648e-01    1.0000000000e+00
       290   -7.9052053401e-01    7.6052171051e-03    1.0211245531e+03    1.0210000000e+03    0.0000000000e+00   -7.8477366268e-01    1.0000000000e+00    1.0000000000e+00
       291   -7.8745350427e-01    6.5601858983e-03    1.0220667672e+03    1.0220000000e+03    2.5000000000e-01   -7.8576627818e-01    9.9239988380e-01    1.0000000000e+00
       292   -7.8886597702e-01    5.9851181318e-03    1.0230306458e+03    1.0230000000e+03    2.5000000000e-01   -7.8675456463e-01    9.9832384776e-01    9.9902248289e-01
       293   -7.9175996473e-01    6.8336831160e-03    1.0220920479e+03    1.0220000000e+03    2.5000000000e-01   -7.8577555076e-01    9.9719436153e-01    1.0000000000e+00
       294   -7.8916885250e-01    7.0858861122e-03    1.0220942034e+03    1.0220000000e+03    0.0000000000e+00   -7.8577969452e-01    9.9807442513e-01    1.0000000000e+00
       295   -7.8878558735e-01    7.4692737256e-03    1.0220636039e+03    1.0220000000e+03    0.0000000000e+00   -7.8579433174e-01    9.9764912084e-01    1.0000000000e+00
       296   -7.9054887174e-01    8.0525250691e-03    1.0220775122e+03    1.0220000000e+03    0.0000000000e+00   -7.8579947481e-01    9.9317276062e-01    1.0000000000e+00
       297   -7.8690989034e-01    7.0354192450e-03    1.0250057242e+03    1.0250000000e+03    5.0000000000e-01   -7.8873431792e-01    9.9659817634e-01    9.9902439024e-01
       298   -7.9204908460e-01    7.4059676636e-03    1.0240340586e+03    1.0240000000e+03    2.5000000000e-01   -7.8776827022e-01    9.9666163513e-01    9.9902343750e-01
       299   -7.9224330574e-01    6.9139962984e-03    1.0240890095e+03    1.0240000000e+03    2.5000000000e-01   -7.8776519359e-01    9.9394240415e-01    9.9902343750e-01

