#   index    LocalEnergy         LocalEnergy_sq      LocalPotential      Kinetic             ElecElec            IonIon              LocalECP            NonLocalECP         MPC                 KEcorr              BlockWeight         BlockCPU            AcceptRatio         
         0   -4.4957083413e+01    2.0226394900e+03   -8.2497950896e+01    3.7540867484e+01   -1.1370010116e+01   -5.1102678690e+01   -2.2374172502e+01    2.3489104127e+00   -1.1094971698e+01    1.0155957448e-01    2.0800000000e+02    1.5810499463e-01    7.1792367788e-01
         1   -4.4964922176e+01    2.0230606705e+03   -8.2306938535e+01    3.7342016358e+01   -1.1305943252e+01   -5.1102678690e+01   -2.2882064682e+01    2.9837480892e+00   -1.1034301496e+01    1.0155957448e-01    2.0800000000e+02    1.6413268491e-01    7.1787860577e-01
         2   -4.5024212290e+01    2.0285012740e+03   -8.2729845686e+01    3.7705633396e+01   -1.0855009004e+01   -5.1102678690e+01   -2.3748680989e+01    2.9765229975e+00   -1.0569971867e+01    1.0155957448e-01    2.0800000000e+02    1.6133482482e-01    7.1634615385e-01
         3   -4.4916880263e+01    2.0188003507e+03   -8.2507369856e+01    3.7590489593e+01   -1.1412412568e+01   -5.1102678690e+01   -2.2730411671e+01    2.7381330728e+00   -1.1155121881e+01    1.0155957448e-01    2.0800000000e+02    1.6123502551e-01    7.1539963942e-01
         4   -4.4978102457e+01    2.0243825594e+03   -8.2466484760e+01    3.7488382303e+01   -1.0821220563e+01   -5.1102678690e+01   -2.3960038333e+01    3.4174528268e+00   -1.0550859305e+01    1.0155957448e-01    2.0800000000e+02    1.5873312086e-01    7.1521935096e-01
         5   -4.5025660632e+01    2.0289835672e+03   -8.1603655434e+01    3.6577994803e+01   -1.1199595234e+01   -5.1102678690e+01   -2.2131466919e+01    2.8300854092e+00   -1.0896590184e+01    1.0155957448e-01    2.0800000000e+02    1.6633798074e-01    7.1735276442e-01
         6   -4.4967528779e+01    2.0233367538e+03   -8.1964407858e+01    3.6996879079e+01   -1.1310372283e+01   -5.1102678690e+01   -2.2510497313e+01    2.9591404283e+00   -1.1029652240e+01    1.0155957448e-01    2.0800000000e+02    1.5838778845e-01    7.2062800481e-01
         7   -4.5030039116e+01    2.0290474551e+03   -8.3436505969e+01    3.8406466853e+01   -1.1138573225e+01   -5.1102678690e+01   -2.4086181818e+01    2.8909277644e+00   -1.0831157861e+01    1.0155957448e-01    2.0800000000e+02    1.5340414724e-01    7.1615084135e-01
         8   -4.4924251567e+01    2.0193048395e+03   -8.2295471504e+01    3.7371219937e+01   -1.0954669616e+01   -5.1102678690e+01   -2.2572482585e+01    2.3343593875e+00   -1.0653384062e+01    1.0155957448e-01    2.0800000000e+02    1.5466780756e-01    7.1702223558e-01
         9   -4.4972672057e+01    2.0240896631e+03   -8.2968167569e+01    3.7995495512e+01   -1.0932196548e+01   -5.1102678690e+01   -2.3207064560e+01    2.2737722302e+00   -1.0660854554e+01    1.0155957448e-01    2.0800000000e+02    1.5885549068e-01    7.1795372596e-01
        10   -4.4829351725e+01    2.0108130032e+03   -8.2167594643e+01    3.7338242918e+01   -1.1209172398e+01   -5.1102678690e+01   -2.2529961285e+01    2.6742177293e+00   -1.0891062568e+01    1.0155957448e-01    2.0800000000e+02    1.5645243150e-01    7.1808894231e-01
        11   -4.5132880806e+01    2.0384195401e+03   -8.2752783908e+01    3.7619903102e+01   -1.1445520009e+01   -5.1102678690e+01   -2.3747908501e+01    3.5433232923e+00   -1.1185040813e+01    1.0155957448e-01    2.0800000000e+02    1.5731625444e-01    7.2028245192e-01
        12   -4.5106451425e+01    2.0357948663e+03   -8.2107556151e+01    3.7001104726e+01   -1.1348909046e+01   -5.1102678690e+01   -2.2155292611e+01    2.4993241957e+00   -1.1080436615e+01    1.0155957448e-01    2.0800000000e+02    1.3626903768e-01    7.1894531250e-01
        13   -4.5193056010e+01    2.0438094693e+03   -8.1232568808e+01    3.6039512798e+01   -1.0962575708e+01   -5.1102678690e+01   -2.2261266935e+01    3.0939525259e+00   -1.0698318070e+01    1.0155957448e-01    2.0800000000e+02    1.5360215138e-01    7.1600060096e-01
        14   -4.5059106546e+01    2.0319014266e+03   -8.1683070413e+01    3.6623963867e+01   -1.1005706794e+01   -5.1102678690e+01   -2.2711494055e+01    3.1368091265e+00   -1.0711584589e+01    1.0155957448e-01    2.0800000000e+02    1.4334545913e-01    7.1548978365e-01
        15   -4.4995730453e+01    2.0260380166e+03   -8.2462124062e+01    3.7466393609e+01   -1.1144269011e+01   -5.1102678690e+01   -2.2759219980e+01    2.5440436189e+00   -1.0869986491e+01    1.0155957448e-01    2.0800000000e+02    1.5439996588e-01    7.1646634615e-01
        16   -4.4890635637e+01    2.0163320221e+03   -8.1395331085e+01    3.6504695448e+01   -1.1321377066e+01   -5.1102678690e+01   -2.1255958029e+01    2.2846827009e+00   -1.1028512426e+01    1.0155957448e-01    2.0800000000e+02    1.5325727239e-01    7.1691706731e-01
        17   -4.5098470441e+01    2.0352876682e+03   -8.2139523492e+01    3.7041053051e+01   -1.1401048723e+01   -5.1102678690e+01   -2.2947316380e+01    3.3115203009e+00   -1.1110617589e+01    1.0155957448e-01    2.0800000000e+02    1.3827044211e-01    7.1696213942e-01
        18   -4.4954286914e+01    2.0222417509e+03   -8.1214191047e+01    3.6259904133e+01   -1.1051967307e+01   -5.1102678690e+01   -2.1685999911e+01    2.6264548617e+00   -1.0769144821e+01    1.0155957448e-01    2.0800000000e+02    1.3989317425e-01    7.1600060096e-01
        19   -4.5278677073e+01    2.0516856882e+03   -8.2227013176e+01    3.6948336103e+01   -1.0922348174e+01   -5.1102678690e+01   -2.2908095565e+01    2.7061092535e+00   -1.0643204242e+01    1.0155957448e-01    2.0800000000e+02    1.4909750631e-01    7.1759314904e-01
        20   -4.5053423990e+01    2.0311281829e+03   -8.2261730245e+01    3.7208306255e+01   -1.0767854396e+01   -5.1102678690e+01   -2.3162790226e+01    2.7715930677e+00   -1.0483792426e+01    1.0155957448e-01    2.0800000000e+02    1.5168324637e-01    7.1933593750e-01
        21   -4.4891861625e+01    2.0165003908e+03   -8.2102207716e+01    3.7210346090e+01   -1.1292249496e+01   -5.1102678690e+01   -2.1878350345e+01    2.1710708163e+00   -1.0989800175e+01    1.0155957448e-01    2.0800000000e+02    1.5075839515e-01    7.2140925481e-01
        22   -4.5037843272e+01    2.0296745096e+03   -8.2804916423e+01    3.7767073151e+01   -1.0707355511e+01   -5.1102678690e+01   -2.3887107434e+01    2.8922252119e+00   -1.0428369988e+01    1.0155957448e-01    2.0800000000e+02    1.5048358138e-01    7.1628605769e-01
        23   -4.4913225325e+01    2.0189873145e+03   -8.1602681355e+01    3.6689456029e+01   -1.0982074831e+01   -5.1102678690e+01   -2.2406597549e+01    2.8886697161e+00   -1.0706473333e+01    1.0155957448e-01    2.0800000000e+02    1.4429599519e-01    7.1789362981e-01
        24   -4.5023143318e+01    2.0282949192e+03   -8.2669981317e+01    3.7646837999e+01   -1.0906298052e+01   -5.1102678690e+01   -2.3192490655e+01    2.5314860798e+00   -1.0622540398e+01    1.0155957448e-01    2.0800000000e+02    1.5437404213e-01    7.1924579327e-01
        25   -4.4804065497e+01    2.0090565727e+03   -8.2433611378e+01    3.7629545882e+01   -1.1331844270e+01   -5.1102678690e+01   -2.2610680558e+01    2.6115921399e+00   -1.1015697529e+01    1.0155957448e-01    2.0800000000e+02    1.5363474944e-01    7.1990685096e-01
        26   -4.4870865031e+01    2.0146891159e+03   -8.2543393643e+01    3.7672528612e+01   -1.0989036906e+01   -5.1102678690e+01   -2.2770582070e+01    2.3189040241e+00   -1.0714428626e+01    1.0155957448e-01    2.0800000000e+02    1.5041706851e-01    7.1902043269e-01
        27   -4.5051730918e+01    2.0310114888e+03   -8.2022700457e+01    3.6970969539e+01   -1.0897366697e+01   -5.1102678690e+01   -2.3336844827e+01    3.3141897576e+00   -1.0567050832e+01    1.0155957448e-01    2.0800000000e+02    1.5160265432e-01    7.1670673077e-01
        28   -4.4996347150e+01    2.0261692801e+03   -8.2509689216e+01    3.7513342066e+01   -1.1110886986e+01   -5.1102678690e+01   -2.3099046818e+01    2.8029232790e+00   -1.0840274991e+01    1.0155957448e-01    2.0800000000e+02    1.5474606832e-01    7.1882512019e-01
        29   -4.5038489823e+01    2.0297773769e+03   -8.1847732190e+01    3.6809242367e+01   -1.1163974122e+01   -5.1102678690e+01   -2.2538678191e+01    2.9575988135e+00   -1.0841369033e+01    1.0155957448e-01    2.0800000000e+02    1.5182006738e-01    7.1739783654e-01
        30   -4.4940907723e+01    2.0212840922e+03   -8.1594669643e+01    3.6653761920e+01   -1.0835183457e+01   -5.1102678690e+01   -2.2311963291e+01    2.6551557950e+00   -1.0557082139e+01    1.0155957448e-01    2.0800000000e+02    1.5306502147e-01    7.1893028846e-01
        31   -4.5067076401e+01    2.0324983862e+03   -8.1175783073e+01    3.6108706672e+01   -1.1438030290e+01   -5.1102678690e+01   -2.1415249263e+01    2.7801751706e+00   -1.1165705060e+01    1.0155957448e-01    2.0800000000e+02    1.5391415198e-01    7.1560997596e-01
        32   -4.5048057667e+01    2.0306712668e+03   -8.3401746509e+01    3.8353688843e+01   -1.1071122794e+01   -5.1102678690e+01   -2.3781899403e+01    2.5539543786e+00   -1.0782100247e+01    1.0155957448e-01    2.0800000000e+02    1.4470858032e-01    7.1888521635e-01
        33   -4.4883037407e+01    2.0155013636e+03   -8.2602295055e+01    3.7719257648e+01   -1.0855018544e+01   -5.1102678690e+01   -2.3002044885e+01    2.3574470636e+00   -1.0560960436e+01    1.0155957448e-01    2.0800000000e+02    1.5375781030e-01    7.1820913462e-01
        34   -4.4911681907e+01    2.0186761265e+03   -8.2503479671e+01    3.7591797764e+01   -1.0652883198e+01   -5.1102678690e+01   -2.3215039221e+01    2.4671214383e+00   -1.0338180500e+01    1.0155957448e-01    2.0800000000e+02    1.6147226837e-01    7.1908052885e-01
        35   -4.5098394487e+01    2.0353491044e+03   -8.1153624111e+01    3.6055229624e+01   -1.1173129804e+01   -5.1102678690e+01   -2.1546203827e+01    2.6683882106e+00   -1.0899007991e+01    1.0155957448e-01    2.0800000000e+02    1.5148618168e-01    7.1933593750e-01
        36   -4.5051180929e+01    2.0309376882e+03   -8.2203273942e+01    3.7152093014e+01   -1.1341171667e+01   -5.1102678690e+01   -2.2790274384e+01    3.0308507991e+00   -1.1042905786e+01    1.0155957448e-01    2.0800000000e+02    1.5041742061e-01    7.1413762019e-01
        37   -4.4968289315e+01    2.0235025138e+03   -8.3088256386e+01    3.8119967071e+01   -1.0919468214e+01   -5.1102678690e+01   -2.3372115068e+01    2.3060055864e+00   -1.0621300000e+01    1.0155957448e-01    2.0800000000e+02    1.4988280074e-01    7.1741286058e-01
        38   -4.5029765739e+01    2.0287777461e+03   -8.2334075860e+01    3.7304310121e+01   -1.1331614783e+01   -5.1102678690e+01   -2.2688532343e+01    2.7887499567e+00   -1.1067119264e+01    1.0155957448e-01    2.0800000000e+02    1.5396601095e-01    7.1820913462e-01
        39   -4.4939919404e+01    2.0219468436e+03   -8.2411611720e+01    3.7471692316e+01   -1.0907237673e+01   -5.1102678690e+01   -2.3651926718e+01    3.2502313616e+00   -1.0577627560e+01    1.0155957448e-01    2.0800000000e+02    1.4610786351e-01    7.1756310096e-01
        40   -4.4889949074e+01    2.0163519187e+03   -8.2606200406e+01    3.7716251333e+01   -1.1034335372e+01   -5.1102678690e+01   -2.2417659068e+01    1.9484727240e+00   -1.0761104663e+01    1.0155957448e-01    2.0800000000e+02    1.4720469902e-01    7.2040264423e-01
        41   -4.5049778022e+01    2.0308580704e+03   -8.2258057597e+01    3.7208279576e+01   -1.1329261222e+01   -5.1102678690e+01   -2.2848095572e+01    3.0219778873e+00   -1.1042738992e+01    1.0155957448e-01    2.0800000000e+02    1.4950062222e-01    7.1793870192e-01
        42   -4.5090045735e+01    2.0347373144e+03   -8.1632018215e+01    3.6541972480e+01   -1.1084395853e+01   -5.1102678690e+01   -2.1659768053e+01    2.2148243814e+00   -1.0784268321e+01    1.0155957448e-01    2.0800000000e+02    1.4923270330e-01    7.1972656250e-01
        43   -4.5066247046e+01    2.0326485868e+03   -8.2414043385e+01    3.7347796339e+01   -1.1366770180e+01   -5.1102678690e+01   -2.2641813770e+01    2.6972192556e+00   -1.1088324445e+01    1.0155957448e-01    2.0800000000e+02    1.5124883005e-01    7.1858473558e-01
        44   -4.5102346961e+01    2.0353495438e+03   -8.1743330045e+01    3.6640983084e+01   -1.1017319230e+01   -5.1102678690e+01   -2.3056325431e+01    3.4329933060e+00   -1.0736529532e+01    1.0155957448e-01    2.0800000000e+02    1.5532630894e-01    7.2017728365e-01
        45   -4.5048693647e+01    2.0308869636e+03   -8.2982314022e+01    3.7933620376e+01   -1.1027964572e+01   -5.1102678690e+01   -2.3902075617e+01    3.0504048579e+00   -1.0723588905e+01    1.0155957448e-01    2.0800000000e+02    1.5618520251e-01    7.1920072115e-01
        46   -4.5072600572e+01    2.0329765176e+03   -8.3027486272e+01    3.7954885700e+01   -1.1458133530e+01   -5.1102678690e+01   -2.3396236013e+01    2.9295619610e+00   -1.1196616279e+01    1.0155957448e-01    2.0800000000e+02    1.5522424569e-01    7.1601562500e-01
        47   -4.4936388698e+01    2.0209065231e+03   -8.1509152548e+01    3.6572763850e+01   -1.1038453063e+01   -5.1102678690e+01   -2.2666969583e+01    3.2989487885e+00   -1.0702849581e+01    1.0155957448e-01    2.0800000000e+02    1.4954558597e-01    7.1790865385e-01
        48   -4.4918895322e+01    2.0194840592e+03   -8.1655650440e+01    3.6736755118e+01   -1.1120877928e+01   -5.1102678690e+01   -2.2816679622e+01    3.3845858003e+00   -1.0832962091e+01    1.0155957448e-01    2.0800000000e+02    1.5004026975e-01    7.1876502404e-01
        49   -4.4933703945e+01    2.0202635349e+03   -8.2814998836e+01    3.7881294890e+01   -1.1313758613e+01   -5.1102678690e+01   -2.3394780484e+01    2.9962189512e+00   -1.1039468331e+01    1.0155957448e-01    2.0800000000e+02    1.5012382620e-01    7.1690204327e-01
        50   -4.5022504419e+01    2.0283020747e+03   -8.2815407559e+01    3.7792903140e+01   -1.1145434207e+01   -5.1102678690e+01   -2.4275070639e+01    3.7077759778e+00   -1.0889401117e+01    1.0155957448e-01    2.0800000000e+02    1.4739101595e-01    7.1655649038e-01
        51   -4.4958720029e+01    2.0225360701e+03   -8.1778149521e+01    3.6819429492e+01   -1.1267734685e+01   -5.1102678690e+01   -2.2131491201e+01    2.7237550557e+00   -1.0990159917e+01    1.0155957448e-01    2.0800000000e+02    1.5570403502e-01    7.1744290865e-01
        52   -4.4768452035e+01    2.0054130521e+03   -8.1745731178e+01    3.6977279143e+01   -1.0921805621e+01   -5.1102678690e+01   -2.2828805282e+01    3.1075584157e+00   -1.0634318222e+01    1.0155957448e-01    2.0800000000e+02    1.6071866583e-01    7.1992187500e-01
        53   -4.5075342949e+01    2.0333094865e+03   -8.2939781266e+01    3.7864438317e+01   -1.1146194433e+01   -5.1102678690e+01   -2.3853916472e+01    3.1630083291e+00   -1.0885284204e+01    1.0155957448e-01    2.0800000000e+02    1.5227824045e-01    7.1533954327e-01
        54   -4.5037589223e+01    2.0300933482e+03   -8.1983727318e+01    3.6946138095e+01   -1.1469533194e+01   -5.1102678690e+01   -2.2304970778e+01    2.8934553446e+00   -1.1202326331e+01    1.0155957448e-01    2.0800000000e+02    1.5983235725e-01    7.1628605769e-01
        55   -4.4977831350e+01    2.0244575668e+03   -8.1715963379e+01    3.6738132029e+01   -1.1085780957e+01   -5.1102678690e+01   -2.2532738089e+01    3.0052343569e+00   -1.0810888189e+01    1.0155957448e-01    2.0800000000e+02    1.5928363194e-01    7.2217548077e-01
        56   -4.5084030428e+01    2.0342883986e+03   -8.2399986076e+01    3.7315955648e+01   -1.1172660772e+01   -5.1102678690e+01   -2.3177095228e+01    3.0524486140e+00   -1.0860228368e+01    1.0155957448e-01    2.0800000000e+02    1.6106247012e-01    7.1786358173e-01
        57   -4.5014260760e+01    2.0276247849e+03   -8.1705302949e+01    3.6691042189e+01   -1.0763381411e+01   -5.1102678690e+01   -2.2722811292e+01    2.8835684447e+00   -1.0476935085e+01    1.0155957448e-01    2.0800000000e+02    1.5981811732e-01    7.2103365385e-01
        58   -4.4879033067e+01    2.0154759840e+03   -8.3483944392e+01    3.8604911325e+01   -1.1053403498e+01   -5.1102678690e+01   -2.4095277173e+01    2.7674149684e+00   -1.0768584729e+01    1.0155957448e-01    2.0800000000e+02    1.6371988632e-01    7.1947115385e-01
        59   -4.5059407611e+01    2.0318722907e+03   -8.1659506816e+01    3.6600099205e+01   -1.0904737171e+01   -5.1102678690e+01   -2.2833068781e+01    3.1809778269e+00   -1.0634779643e+01    1.0155957448e-01    2.0800000000e+02    1.5882800170e-01    7.1655649038e-01
        60   -4.5074758403e+01    2.0328955014e+03   -8.2436546076e+01    3.7361787672e+01   -1.1302727255e+01   -5.1102678690e+01   -2.3040973313e+01    3.0098331836e+00   -1.1019491799e+01    1.0155957448e-01    2.0800000000e+02    1.4946453537e-01    7.1986177885e-01
        61   -4.4856188022e+01    2.0133890093e+03   -8.1484051225e+01    3.6627863202e+01   -1.1029362326e+01   -5.1102678690e+01   -2.1980791307e+01    2.6287810986e+00   -1.0762678250e+01    1.0155957448e-01    2.0800000000e+02    1.5856089366e-01    7.1805889423e-01
        62   -4.5081993487e+01    2.0334712610e+03   -8.1610660060e+01    3.6528666573e+01   -1.1286529244e+01   -5.1102678690e+01   -2.1443276941e+01    2.2218248146e+00   -1.0976956629e+01    1.0155957448e-01    2.0800000000e+02    1.5852772080e-01    7.1473858173e-01
        63   -4.5029932373e+01    2.0289113705e+03   -8.2575039629e+01    3.7545107255e+01   -1.1000199009e+01   -5.1102678690e+01   -2.4335316914e+01    3.8631549849e+00   -1.0707834150e+01    1.0155957448e-01    2.0800000000e+02    1.6275605444e-01    7.1768329327e-01
        64   -4.4877498597e+01    2.0153502139e+03   -8.1378437483e+01    3.6500938886e+01   -1.1083420272e+01   -5.1102678690e+01   -2.2543344947e+01    3.3510064267e+00   -1.0782657870e+01    1.0155957448e-01    2.0800000000e+02    1.5726765769e-01    7.1723257212e-01
        65   -4.5066574176e+01    2.0322249163e+03   -8.1217536412e+01    3.6150962236e+01   -1.1036448181e+01   -5.1102678690e+01   -2.1917205413e+01    2.8387958726e+00   -1.0722950609e+01    1.0155957448e-01    2.0800000000e+02    1.5562907649e-01    7.1688701923e-01
        66   -4.5063367002e+01    2.0320256506e+03   -8.2732593958e+01    3.7669226955e+01   -1.1154086384e+01   -5.1102678690e+01   -2.3300195385e+01    2.8243665019e+00   -1.0859217608e+01    1.0155957448e-01    2.0800000000e+02    1.4879435494e-01    7.1724759615e-01
        67   -4.5034803411e+01    2.0296439724e+03   -8.2379272035e+01    3.7344468623e+01   -1.1130920856e+01   -5.1102678690e+01   -2.2874309436e+01    2.7286369481e+00   -1.0845235257e+01    1.0155957448e-01    2.0800000000e+02    1.3498542543e-01    7.1527944712e-01
        68   -4.4977644700e+01    2.0242365010e+03   -8.2902866024e+01    3.7925221325e+01   -1.1336510451e+01   -5.1102678690e+01   -2.3261883478e+01    2.7982065943e+00   -1.1073800859e+01    1.0155957448e-01    2.0800000000e+02    1.4796755950e-01    7.2208533654e-01
        69   -4.4970853346e+01    2.0238129055e+03   -8.2246895674e+01    3.7276042328e+01   -1.1017866260e+01   -5.1102678690e+01   -2.3552968956e+01    3.4266182325e+00   -1.0723162871e+01    1.0155957448e-01    2.0800000000e+02    1.3908835464e-01    7.2008713942e-01
        70   -4.5086908311e+01    2.0347819980e+03   -8.2450131884e+01    3.7363223574e+01   -1.1207003522e+01   -5.1102678690e+01   -2.3208009696e+01    3.0675600247e+00   -1.0973340269e+01    1.0155957448e-01    2.0800000000e+02    1.4484052788e-01    7.2068810096e-01
        71   -4.5014075201e+01    2.0275117600e+03   -8.1208734888e+01    3.6194659687e+01   -1.1327289690e+01   -5.1102678690e+01   -2.1731240108e+01    2.9524736005e+00   -1.1053714572e+01    1.0155957448e-01    2.0800000000e+02    1.4423220963e-01    7.2277644231e-01
        72   -4.5063704917e+01    2.0322066262e+03   -8.1256068804e+01    3.6192363887e+01   -1.1043972997e+01   -5.1102678690e+01   -2.2467570977e+01    3.3581538601e+00   -1.0769487822e+01    1.0155957448e-01    2.0800000000e+02    1.4962062631e-01    7.1846454327e-01
        73   -4.4943591929e+01    2.0213447113e+03   -8.2892361984e+01    3.7948770055e+01   -1.0811180323e+01   -5.1102678690e+01   -2.4362459034e+01    3.3839560636e+00   -1.0533311923e+01    1.0155957448e-01    2.0800000000e+02    1.5545360769e-01    7.1778846154e-01
        74   -4.4999542394e+01    2.0261410306e+03   -8.2088289536e+01    3.7088747143e+01   -1.1157061112e+01   -5.1102678690e+01   -2.2556287688e+01    2.7277379544e+00   -1.0843966915e+01    1.0155957448e-01    2.0800000000e+02    1.4943040206e-01    7.1576021635e-01
        75   -4.5046728437e+01    2.0304654863e+03   -8.2525725088e+01    3.7478996651e+01   -1.1165804583e+01   -5.1102678690e+01   -2.3552881539e+01    3.2956397252e+00   -1.0878691205e+01    1.0155957448e-01    2.0800000000e+02    1.5123536051e-01    7.1598557692e-01
        76   -4.4908119133e+01    2.0181636305e+03   -8.1787461845e+01    3.6879342712e+01   -1.0790132477e+01   -5.1102678690e+01   -2.2478195185e+01    2.5835445073e+00   -1.0495792284e+01    1.0155957448e-01    2.0800000000e+02    1.6146910875e-01    7.1720252404e-01
        77   -4.4924986272e+01    2.0195459374e+03   -8.1483201446e+01    3.6558215174e+01   -1.1129658002e+01   -5.1102678690e+01   -2.1679772269e+01    2.4289075151e+00   -1.0841724976e+01    1.0155957448e-01    2.0800000000e+02    1.4605583635e-01    7.1900540865e-01
        78   -4.4981321963e+01    2.0253190137e+03   -8.1932324726e+01    3.6951002763e+01   -1.1082088163e+01   -5.1102678690e+01   -2.2313027952e+01    2.5654700796e+00   -1.0777455867e+01    1.0155957448e-01    2.0800000000e+02    1.5146310619e-01    7.1888521635e-01
        79   -4.5033054974e+01    2.0293188653e+03   -8.2278515534e+01    3.7245460560e+01   -1.0660049511e+01   -5.1102678690e+01   -2.3332800694e+01    2.8170133609e+00   -1.0382105315e+01    1.0155957448e-01    2.0800000000e+02    1.4245015150e-01    7.1585036058e-01
        80   -4.5284037534e+01    2.0522105186e+03   -8.0808106984e+01    3.5524069450e+01   -1.1044048217e+01   -5.1102678690e+01   -2.2045396120e+01    3.3840160434e+00   -1.0790475165e+01    1.0155957448e-01    2.0800000000e+02    1.4834402932e-01    7.2004206731e-01
        81   -4.5132153800e+01    2.0381246924e+03   -8.1881767134e+01    3.6749613334e+01   -1.1342359962e+01   -5.1102678690e+01   -2.2654595557e+01    3.2178670762e+00   -1.1067711321e+01    1.0155957448e-01    2.0800000000e+02    1.4928425106e-01    7.1843449519e-01
        82   -4.4968029453e+01    2.0234253834e+03   -8.3021571618e+01    3.8053542165e+01   -1.1387606838e+01   -5.1102678690e+01   -2.2974505961e+01    2.4432198717e+00   -1.1152791537e+01    1.0155957448e-01    2.0800000000e+02    1.5284626430e-01    7.1971153846e-01
        83   -4.5073615761e+01    2.0331523421e+03   -8.2458573176e+01    3.7384957415e+01   -1.1115463034e+01   -5.1102678690e+01   -2.2590198805e+01    2.3497673545e+00   -1.0844548903e+01    1.0155957448e-01    2.0800000000e+02    1.5524540575e-01    7.1927584135e-01
        84   -4.5180329200e+01    2.0427424569e+03   -8.2391642882e+01    3.7211313682e+01   -1.1114791768e+01   -5.1102678690e+01   -2.3176518261e+01    3.0023458367e+00   -1.0860994443e+01    1.0155957448e-01    2.0800000000e+02    1.5474289331e-01    7.1837439904e-01
        85   -4.5018502019e+01    2.0276950038e+03   -8.2317267387e+01    3.7298765368e+01   -1.1254731892e+01   -5.1102678690e+01   -2.3613117621e+01    3.6532608171e+00   -1.0955735029e+01    1.0155957448e-01    2.0800000000e+02    1.5077768981e-01    7.1730769231e-01
        86   -4.5091762785e+01    2.0349837345e+03   -8.1237451761e+01    3.6145688976e+01   -1.0891940268e+01   -5.1102678690e+01   -2.1939331055e+01    2.6964982529e+00   -1.0624799148e+01    1.0155957448e-01    2.0800000000e+02    1.5127164268e-01    7.2170973558e-01
        87   -4.4956857485e+01    2.0222125226e+03   -8.2286147189e+01    3.7329289703e+01   -1.1046141069e+01   -5.1102678690e+01   -2.3317713659e+01    3.1803862295e+00   -1.0751013645e+01    1.0155957448e-01    2.0800000000e+02    1.5386389887e-01    7.1763822115e-01
        88   -4.5034536493e+01    2.0294130501e+03   -8.2487074665e+01    3.7452538172e+01   -1.1102628391e+01   -5.1102678690e+01   -2.2944238000e+01    2.6624704168e+00   -1.0800152732e+01    1.0155957448e-01    2.0800000000e+02    1.5289121438e-01    7.1694711538e-01
        89   -4.4957921793e+01    2.0224169614e+03   -8.1962026328e+01    3.7004104534e+01   -1.1319351212e+01   -5.1102678690e+01   -2.3032678066e+01    3.4926816400e+00   -1.1035356238e+01    1.0155957448e-01    2.0800000000e+02    1.5185028057e-01    7.1920072115e-01
        90   -4.5019066805e+01    2.0278610947e+03   -8.2330152735e+01    3.7311085930e+01   -1.1305310515e+01   -5.1102678690e+01   -2.2450491460e+01    2.5283279303e+00   -1.1034909622e+01    1.0155957448e-01    2.0800000000e+02    1.5126576255e-01    7.1529447115e-01
        91   -4.5046744256e+01    2.0309534862e+03   -8.3029934676e+01    3.7983190420e+01   -1.1182827374e+01   -5.1102678690e+01   -2.2410859082e+01    1.6664304700e+00   -1.0869567934e+01    1.0155957448e-01    2.0800000000e+02    1.5153362243e-01    7.1551983173e-01
        92   -4.4978648822e+01    2.0245128958e+03   -8.2968478598e+01    3.7989829776e+01   -1.1141083050e+01   -5.1102678690e+01   -2.3701567063e+01    2.9768502052e+00   -1.0845182865e+01    1.0155957448e-01    2.0800000000e+02    1.4723628398e-01    7.1613581731e-01
        93   -4.5050170208e+01    2.0309070716e+03   -8.2683026726e+01    3.7632856518e+01   -1.1079172617e+01   -5.1102678690e+01   -2.3085303356e+01    2.5841279370e+00   -1.0833480752e+01    1.0155957448e-01    2.0800000000e+02    1.5659733125e-01    7.2023737981e-01
        94   -4.4996568080e+01    2.0262132634e+03   -8.2525910816e+01    3.7529342737e+01   -1.1243787586e+01   -5.1102678690e+01   -2.3450760682e+01    3.2713161425e+00   -1.0951737957e+01    1.0155957448e-01    2.0800000000e+02    1.5321778499e-01    7.1744290865e-01
        95   -4.5057767249e+01    2.0315820288e+03   -8.2704478118e+01    3.7646710869e+01   -1.1450983977e+01   -5.1102678690e+01   -2.3018642836e+01    2.8678273852e+00   -1.1150602628e+01    1.0155957448e-01    2.0800000000e+02    1.4836202424e-01    7.1798377404e-01
        96   -4.4981304787e+01    2.0247646250e+03   -8.2255322093e+01    3.7274017306e+01   -1.0465631858e+01   -5.1102678690e+01   -2.4162125087e+01    3.4751135420e+00   -1.0166705871e+01    1.0155957448e-01    2.0800000000e+02    1.5821957282e-01    7.2049278846e-01
        97   -4.5061497974e+01    2.0317310893e+03   -8.2578907228e+01    3.7517409254e+01   -1.1188604362e+01   -5.1102678690e+01   -2.3138544395e+01    2.8509202187e+00   -1.0862360656e+01    1.0155957448e-01    2.0800000000e+02    1.5970187461e-01    7.1841947115e-01
        98   -4.5125606387e+01    2.0380813465e+03   -8.3709016650e+01    3.8583410263e+01   -1.1048269035e+01   -5.1102678690e+01   -2.3976237679e+01    2.4181687539e+00   -1.0799522336e+01    1.0155957448e-01    2.0800000000e+02    1.6290016194e-01    7.1688701923e-01
        99   -4.5191709588e+01    2.0451691811e+03   -8.1691918114e+01    3.6500208527e+01   -1.0928771754e+01   -5.1102678690e+01   -2.2906127398e+01    3.2456597277e+00   -1.0642889274e+01    1.0155957448e-01    2.0800000000e+02    1.5513935450e-01    7.1856971154e-01
