#   index    LocalEnergy         LocalEnergy_sq      LocalPotential      Kinetic             ElecElec            IonIon              LocalECP            NonLocalECP         MPC                 KEcorr              BlockWeight         BlockCPU            AcceptRatio         
         0   -4.5247766539e+01    2.0487321760e+03   -8.2242604489e+01    3.6994837950e+01   -1.1179365060e+01   -5.1102678690e+01   -2.2850266081e+01    2.8897053424e+00   -1.0905722383e+01    1.0296874312e-01    2.0480000000e+03    7.3173991195e-01    9.8973083496e-01
         1   -4.5288042006e+01    2.0524110452e+03   -8.2483789240e+01    3.7195747234e+01   -1.1263917655e+01   -5.1102678690e+01   -2.3014956683e+01    2.8977637884e+00   -1.0988137155e+01    1.0296874312e-01    2.0420000000e+03    7.3692135199e-01    9.8991394043e-01
         2   -4.5267908562e+01    2.0505440034e+03   -8.2594154846e+01    3.7326246284e+01   -1.1223103917e+01   -5.1102678690e+01   -2.3091013874e+01    2.8226416352e+00   -1.0947089201e+01    1.0296874312e-01    2.0490000000e+03    7.3014801298e-01    9.9014446621e-01
         3   -4.5283854102e+01    2.0521275103e+03   -8.2468400879e+01    3.7184546777e+01   -1.1244122147e+01   -5.1102678690e+01   -2.2741527875e+01    2.6199278337e+00   -1.0962787264e+01    1.0296874312e-01    2.0640000000e+03    7.3666664807e-01    9.9025439239e-01
         4   -4.5311466211e+01    2.0545925859e+03   -8.2450589434e+01    3.7139123223e+01   -1.1278690124e+01   -5.1102678690e+01   -2.2763468232e+01    2.6942476124e+00   -1.0996153566e+01    1.0296874312e-01    2.0480000000e+03    7.4164732895e-01    9.8997698643e-01
         5   -4.5249183069e+01    2.0491570611e+03   -8.2491529729e+01    3.7242346660e+01   -1.1285809546e+01   -5.1102678690e+01   -2.2773793161e+01    2.6707516682e+00   -1.1000859896e+01    1.0296874312e-01    2.0490000000e+03    7.3440407100e-01    9.9034118652e-01
         6   -4.5268812847e+01    2.0507849434e+03   -8.2421203263e+01    3.7152390416e+01   -1.1259104650e+01   -5.1102678690e+01   -2.2747412233e+01    2.6879923100e+00   -1.0974918192e+01    1.0296874312e-01    2.0480000000e+03    7.3494062200e-01    9.9014763299e-01
         7   -4.5310019838e+01    2.0545921995e+03   -8.2285610280e+01    3.6975590442e+01   -1.1262213139e+01   -5.1102678690e+01   -2.2743116385e+01    2.8223979337e+00   -1.0978106382e+01    1.0296874312e-01    2.0570000000e+03    7.3202646303e-01    9.9014282227e-01
         8   -4.5282919804e+01    2.0520315377e+03   -8.2471017451e+01    3.7188097647e+01   -1.1292781887e+01   -5.1102678690e+01   -2.2900953515e+01    2.8253966419e+00   -1.1011534922e+01    1.0296874312e-01    2.0500000000e+03    7.2985261399e-01    9.9026191055e-01
         9   -4.5330567914e+01    2.0565530474e+03   -8.2484114652e+01    3.7153546738e+01   -1.1211739850e+01   -5.1102678690e+01   -2.2944083772e+01    2.7743876603e+00   -1.0933280689e+01    1.0296874312e-01    2.0470000000e+03    7.2961102694e-01    9.9042682927e-01
        10   -4.5308285813e+01    2.0542094995e+03   -8.2504558790e+01    3.7196272978e+01   -1.1285997984e+01   -5.1102678690e+01   -2.2854198005e+01    2.7383158891e+00   -1.1007806770e+01    1.0296874312e-01    2.0510000000e+03    7.2819427308e-01    9.9016853933e-01
        11   -4.5310103778e+01    2.0543355393e+03   -8.2464046662e+01    3.7153942884e+01   -1.1260540319e+01   -5.1102678690e+01   -2.2618792606e+01    2.5179649533e+00   -1.0982720226e+01    1.0296874312e-01    2.0420000000e+03    7.2891728394e-01    9.8992869332e-01
        12   -4.5362675468e+01    2.0592628649e+03   -8.2242043983e+01    3.6879368515e+01   -1.1253345544e+01   -5.1102678690e+01   -2.2543739373e+01    2.6577196246e+00   -1.0978536085e+01    1.0296874312e-01    2.0550000000e+03    7.2523290804e-01    9.9026689520e-01
        13   -4.5300931595e+01    2.0537880474e+03   -8.2223043044e+01    3.6922111449e+01   -1.1321491882e+01   -5.1102678690e+01   -2.2571056797e+01    2.7721843252e+00   -1.1048606325e+01    1.0296874312e-01    2.0390000000e+03    7.3406525806e-01    9.9078467153e-01
        14   -4.5367513950e+01    2.0596310017e+03   -8.1985634429e+01    3.6618120479e+01   -1.1288375475e+01   -5.1102678690e+01   -2.2503965088e+01    2.9093848243e+00   -1.1021115886e+01    1.0296874312e-01    2.0570000000e+03    7.2809014597e-01    9.8982344286e-01
        15   -4.5375511525e+01    2.0603795124e+03   -8.2162770200e+01    3.6787258676e+01   -1.1262363696e+01   -5.1102678690e+01   -2.2530131534e+01    2.7324037211e+00   -1.0992611752e+01    1.0296874312e-01    2.0510000000e+03    7.3431209393e-01    9.9068728731e-01
        16   -4.5367502658e+01    2.0596946979e+03   -8.2277473452e+01    3.6909970794e+01   -1.1249513019e+01   -5.1102678690e+01   -2.2591998242e+01    2.6667164991e+00   -1.0977064254e+01    1.0296874312e-01    2.0360000000e+03    7.3269198101e-01    9.9049244271e-01
        17   -4.5342544825e+01    2.0572810573e+03   -8.2195442852e+01    3.6852898026e+01   -1.1250354505e+01   -5.1102678690e+01   -2.2566095974e+01    2.7236863177e+00   -1.0979561963e+01    1.0296874312e-01    2.0570000000e+03    7.2832381492e-01    9.8991588900e-01
        18   -4.5340428579e+01    2.0570966400e+03   -8.2240541456e+01    3.6900112877e+01   -1.1179095716e+01   -5.1102678690e+01   -2.2755905778e+01    2.7971387285e+00   -1.0907768150e+01    1.0296874312e-01    2.0420000000e+03    7.3373670306e-01    9.9044421488e-01
        19   -4.5361179368e+01    2.0591851085e+03   -8.2303878643e+01    3.6942699276e+01   -1.1238628900e+01   -5.1102678690e+01   -2.2928053411e+01    2.9654823579e+00   -1.0967520361e+01    1.0296874312e-01    2.0410000000e+03    7.2923796892e-01    9.9055766405e-01
        20   -4.5407143023e+01    2.0641256007e+03   -8.2380816061e+01    3.6973673038e+01   -1.1269562904e+01   -5.1102678690e+01   -2.2889856610e+01    2.8812821430e+00   -1.0995667550e+01    1.0296874312e-01    2.0420000000e+03    7.3220559501e-01    9.9047648212e-01
        21   -4.5360471466e+01    2.0589729029e+03   -8.2283075925e+01    3.6922604459e+01   -1.1244725939e+01   -5.1102678690e+01   -2.2889240168e+01    2.9535688719e+00   -1.0969230532e+01    1.0296874312e-01    2.0450000000e+03    7.2974731401e-01    9.9011385896e-01
        22   -4.5385698571e+01    2.0614558225e+03   -8.2280061299e+01    3.6894362728e+01   -1.1212842716e+01   -5.1102678690e+01   -2.2890206621e+01    2.9256667284e+00   -1.0934198175e+01    1.0296874312e-01    2.0420000000e+03    7.3232051008e-01    9.9015892421e-01
        23   -4.5357099827e+01    2.0587453513e+03   -8.2440406151e+01    3.7083306324e+01   -1.1211411283e+01   -5.1102678690e+01   -2.2937075509e+01    2.8107593319e+00   -1.0933944651e+01    1.0296874312e-01    2.0340000000e+03    7.2805102495e-01    9.9090964740e-01
        24   -4.5349448927e+01    2.0579748877e+03   -8.2353082638e+01    3.7003633711e+01   -1.1218279574e+01   -5.1102678690e+01   -2.2864896403e+01    2.8327720299e+00   -1.0938713652e+01    1.0296874312e-01    2.0270000000e+03    7.2424709704e-01    9.9007497542e-01
        25   -4.5419994943e+01    2.0648422261e+03   -8.2332202514e+01    3.6912207571e+01   -1.1195212966e+01   -5.1102678690e+01   -2.2853479908e+01    2.8191690501e+00   -1.0913868590e+01    1.0296874312e-01    2.0420000000e+03    7.2342484293e-01    9.9024111988e-01
        26   -4.5385044586e+01    2.0611884108e+03   -8.2224697242e+01    3.6839652656e+01   -1.1194594258e+01   -5.1102678690e+01   -2.2842476325e+01    2.9150520314e+00   -1.0915271856e+01    1.0296874312e-01    2.0350000000e+03    7.2748671495e-01    9.9006794809e-01
        27   -4.5344727911e+01    2.0575846508e+03   -8.2354647989e+01    3.7009920077e+01   -1.1172910189e+01   -5.1102678690e+01   -2.2855546462e+01    2.7764873528e+00   -1.0897414279e+01    1.0296874312e-01    2.0330000000e+03    7.2325645003e-01    9.9115479115e-01
        28   -4.5398833027e+01    2.0625504056e+03   -8.2349213368e+01    3.6950380341e+01   -1.1221997724e+01   -5.1102678690e+01   -2.2881568102e+01    2.8570311489e+00   -1.0951978296e+01    1.0296874312e-01    2.0240000000e+03    7.2404769005e-01    9.9005472209e-01
        29   -4.5360385654e+01    2.0589284137e+03   -8.2282305075e+01    3.6921919422e+01   -1.1188242161e+01   -5.1102678690e+01   -2.2745790534e+01    2.7544063098e+00   -1.0918033418e+01    1.0296874312e-01    2.0210000000e+03    7.2531751997e-01    9.8993330040e-01
        30   -4.5393762366e+01    2.0620000209e+03   -8.2313687486e+01    3.6919925120e+01   -1.1294817452e+01   -5.1102678690e+01   -2.2758452002e+01    2.8422606585e+00   -1.1026978919e+01    1.0296874312e-01    2.0200000000e+03    7.2179045307e-01    9.9039769916e-01
        31   -4.5359114128e+01    2.0588423335e+03   -8.2416441836e+01    3.7057327709e+01   -1.1279209875e+01   -5.1102678690e+01   -2.2758725005e+01    2.7241717336e+00   -1.1009765422e+01    1.0296874312e-01    2.0180000000e+03    7.1892498294e-01    9.9002165842e-01
        32   -4.5386077068e+01    2.0617614774e+03   -8.2368322650e+01    3.6982245581e+01   -1.1249715979e+01   -5.1102678690e+01   -2.2856117013e+01    2.8401890322e+00   -1.0980085198e+01    1.0296874312e-01    2.0100000000e+03    7.1988647303e-01    9.8970205649e-01
        33   -4.5360629090e+01    2.0596287783e+03   -8.2818493926e+01    3.7457864835e+01   -1.1299824993e+01   -5.1102678690e+01   -2.3029780011e+01    2.6137897686e+00   -1.1031577964e+01    1.0296874312e-01    2.0090000000e+03    7.1729015198e-01    9.9017412935e-01
        34   -4.5350880356e+01    2.0581753615e+03   -8.2600981674e+01    3.7250101319e+01   -1.1279443192e+01   -5.1102678690e+01   -2.2882888922e+01    2.6640291306e+00   -1.1013440978e+01    1.0296874312e-01    2.0110000000e+03    7.1633442806e-01    9.9012257342e-01
        35   -4.5340429159e+01    2.0570778464e+03   -8.2573416433e+01    3.7232987273e+01   -1.1301905378e+01   -5.1102678690e+01   -2.2927879509e+01    2.7590471445e+00   -1.1033203424e+01    1.0296874312e-01    2.0100000000e+03    7.1939581400e-01    9.9003915962e-01
        36   -4.5358851926e+01    2.0586908046e+03   -8.2602382746e+01    3.7243530820e+01   -1.1293185218e+01   -5.1102678690e+01   -2.2892706761e+01    2.6861879237e+00   -1.1021423661e+01    1.0296874312e-01    2.0010000000e+03    7.2162772098e-01    9.9018967662e-01
        37   -4.5371613954e+01    2.0600050681e+03   -8.2646489945e+01    3.7274875991e+01   -1.1348435591e+01   -5.1102678690e+01   -2.2840886682e+01    2.6455110179e+00   -1.1075408142e+01    1.0296874312e-01    2.0070000000e+03    7.1140527993e-01    9.9044227886e-01
        38   -4.5380723476e+01    2.0608510246e+03   -8.2556947261e+01    3.7176223785e+01   -1.1185792815e+01   -5.1102678690e+01   -2.2869595960e+01    2.6011202046e+00   -1.0913934602e+01    1.0296874312e-01    2.0110000000e+03    7.1918297303e-01    9.9054870453e-01
        39   -4.5376416376e+01    2.0604046484e+03   -8.2504038783e+01    3.7127622406e+01   -1.1255341108e+01   -5.1102678690e+01   -2.2690198277e+01    2.5441792936e+00   -1.0982045348e+01    1.0296874312e-01    2.0060000000e+03    7.2058702202e-01    9.9061412233e-01
        40   -4.5380128222e+01    2.0608060923e+03   -8.2630094201e+01    3.7249965980e+01   -1.1259153231e+01   -5.1102678690e+01   -2.2853563225e+01    2.5853009452e+00   -1.0983824126e+01    1.0296874312e-01    2.0070000000e+03    7.1949301707e-01    9.8982739282e-01
        41   -4.5379003142e+01    2.0606822693e+03   -8.2565911369e+01    3.7186908227e+01   -1.1268998674e+01   -5.1102678690e+01   -2.2831522667e+01    2.6372886625e+00   -1.0992181150e+01    1.0296874312e-01    2.0010000000e+03    7.1944900102e-01    9.9106253114e-01
        42   -4.5423198082e+01    2.0647508632e+03   -8.2763148551e+01    3.7339950470e+01   -1.1287085051e+01   -5.1102678690e+01   -2.3031680901e+01    2.6582960908e+00   -1.1010686269e+01    1.0296874312e-01    2.0100000000e+03    7.1559042495e-01    9.9092641179e-01
        43   -4.5425613626e+01    2.0648785836e+03   -8.2470631906e+01    3.7045018280e+01   -1.1291978120e+01   -5.1102678690e+01   -2.2840016774e+01    2.7640416785e+00   -1.1019938781e+01    1.0296874312e-01    2.0140000000e+03    7.1736485208e-01    9.9056281095e-01
        44   -4.5378794648e+01    2.0607867823e+03   -8.2465368918e+01    3.7086574270e+01   -1.1260776504e+01   -5.1102678690e+01   -2.2858892657e+01    2.7569789340e+00   -1.0989655336e+01    1.0296874312e-01    2.0210000000e+03    7.2068150598e-01    9.8969712016e-01
        45   -4.5343806720e+01    2.0575008969e+03   -8.2553529772e+01    3.7209723051e+01   -1.1320423650e+01   -5.1102678690e+01   -2.2941545823e+01    2.8111183921e+00   -1.1050183832e+01    1.0296874312e-01    2.0340000000e+03    7.2129418899e-01    9.9015029688e-01
        46   -4.5366242490e+01    2.0595314850e+03   -8.2500284151e+01    3.7134041661e+01   -1.1303986794e+01   -5.1102678690e+01   -2.2926612981e+01    2.8329943142e+00   -1.1032802733e+01    1.0296874312e-01    2.0410000000e+03    7.2856714192e-01    9.9084316618e-01
        47   -4.5372503472e+01    2.0601803578e+03   -8.2271302975e+01    3.6898799504e+01   -1.1270855959e+01   -5.1102678690e+01   -2.2801546295e+01    2.9037779691e+00   -1.1000500908e+01    1.0296874312e-01    2.0360000000e+03    7.3149753793e-01    9.9010901519e-01
        48   -4.5358462818e+01    2.0588778630e+03   -8.2377102545e+01    3.7018639727e+01   -1.1276064607e+01   -5.1102678690e+01   -2.2588250248e+01    2.5898910000e+00   -1.1007498354e+01    1.0296874312e-01    2.0350000000e+03    7.2596521606e-01    9.9094425344e-01
        49   -4.5357819200e+01    2.0586191018e+03   -8.2287612740e+01    3.6929793540e+01   -1.1227096766e+01   -5.1102678690e+01   -2.2706642757e+01    2.7488054740e+00   -1.0960636821e+01    1.0296874312e-01    2.0340000000e+03    7.2767049493e-01    9.9061732187e-01
        50   -4.5363293216e+01    2.0592961048e+03   -8.2550602232e+01    3.7187309016e+01   -1.1255919291e+01   -5.1102678690e+01   -2.2883805690e+01    2.6918014400e+00   -1.0988177504e+01    1.0296874312e-01    2.0300000000e+03    7.2629622999e-01    9.8990597345e-01
        51   -4.5385698828e+01    2.0611857685e+03   -8.2334118601e+01    3.6948419773e+01   -1.1234792444e+01   -5.1102678690e+01   -2.2813585192e+01    2.8169377252e+00   -1.0969049571e+01    1.0296874312e-01    2.0360000000e+03    7.2618221398e-01    9.9105603448e-01
        52   -4.5423520930e+01    2.0647183734e+03   -8.2354709910e+01    3.6931188981e+01   -1.1296443783e+01   -5.1102678690e+01   -2.2757615698e+01    2.8020282617e+00   -1.1034579513e+01    1.0296874312e-01    2.0450000000e+03    7.2685798502e-01    9.9095960216e-01
        53   -4.5341563840e+01    2.0573206434e+03   -8.2410210695e+01    3.7068646855e+01   -1.1331480050e+01   -5.1102678690e+01   -2.2814891506e+01    2.8388395516e+00   -1.1068309023e+01    1.0296874312e-01    2.0600000000e+03    7.3179370502e-01    9.9032701711e-01
        54   -4.5379894790e+01    2.0608175817e+03   -8.2561614410e+01    3.7181719620e+01   -1.1333180734e+01   -5.1102678690e+01   -2.2846480409e+01    2.7207254238e+00   -1.1070127270e+01    1.0296874312e-01    2.0600000000e+03    7.3694800492e-01    9.9042779126e-01
        55   -4.5366071965e+01    2.0594580116e+03   -8.2670847201e+01    3.7304775237e+01   -1.1339548020e+01   -5.1102678690e+01   -2.3058623734e+01    2.8300032428e+00   -1.1075857213e+01    1.0296874312e-01    2.0530000000e+03    7.3812977597e-01    9.9068567961e-01
        56   -4.5375044436e+01    2.0603850107e+03   -8.2627395351e+01    3.7252350915e+01   -1.1305617784e+01   -5.1102678690e+01   -2.3025632295e+01    2.8065334190e+00   -1.1040606486e+01    1.0296874312e-01    2.0540000000e+03    7.3333207099e-01    9.9001461276e-01
        57   -4.5386618137e+01    2.0618612999e+03   -8.2682036429e+01    3.7295418292e+01   -1.1310352206e+01   -5.1102678690e+01   -2.3127983045e+01    2.8589775126e+00   -1.1042741029e+01    1.0296874312e-01    2.0570000000e+03    7.3375499295e-01    9.9076497079e-01
        58   -4.5334711895e+01    2.0567099880e+03   -8.2699108833e+01    3.7364396938e+01   -1.1303386433e+01   -5.1102678690e+01   -2.3071417664e+01    2.7783739540e+00   -1.1034976645e+01    1.0296874312e-01    2.0610000000e+03    7.3593087995e-01    9.9074805542e-01
        59   -4.5317129920e+01    2.0549787814e+03   -8.2720585896e+01    3.7403455976e+01   -1.1300498531e+01   -5.1102678690e+01   -2.3112169008e+01    2.7947603324e+00   -1.1035094812e+01    1.0296874312e-01    2.0670000000e+03    7.3738533095e-01    9.9049308588e-01
        60   -4.5356843466e+01    2.0587131453e+03   -8.2792940790e+01    3.7436097324e+01   -1.1307972148e+01   -5.1102678690e+01   -2.3133359181e+01    2.7510692294e+00   -1.1040810800e+01    1.0296874312e-01    2.0600000000e+03    7.3776269192e-01    9.9059627479e-01
        61   -4.5348705551e+01    2.0579309844e+03   -8.2762342591e+01    3.7413637039e+01   -1.1250463057e+01   -5.1102678690e+01   -2.3114162564e+01    2.7049617209e+00   -1.0980817165e+01    1.0296874312e-01    2.0640000000e+03    7.4032235902e-01    9.9016990291e-01
        62   -4.5327121994e+01    2.0560639834e+03   -8.2695546435e+01    3.7368424441e+01   -1.1308740348e+01   -5.1102678690e+01   -2.3066967151e+01    2.7828397544e+00   -1.1035870471e+01    1.0296874312e-01    2.0630000000e+03    7.3876918596e-01    9.9014353198e-01
        63   -4.5386407475e+01    2.0615908079e+03   -8.2713628942e+01    3.7327221467e+01   -1.1214662693e+01   -5.1102678690e+01   -2.3164194008e+01    2.7679064500e+00   -1.0938666534e+01    1.0296874312e-01    2.0670000000e+03    7.4067664403e-01    9.9069922443e-01
        64   -4.5377137097e+01    2.0606715332e+03   -8.2809390840e+01    3.7432253743e+01   -1.1230218222e+01   -5.1102678690e+01   -2.3340051602e+01    2.8635576742e+00   -1.0960344583e+01    1.0296874312e-01    2.0620000000e+03    7.4055332702e-01    9.8994617804e-01
        65   -4.5347342232e+01    2.0578609266e+03   -8.2782414683e+01    3.7435072451e+01   -1.1176911968e+01   -5.1102678690e+01   -2.3290460920e+01    2.7876368961e+00   -1.0909877918e+01    1.0296874312e-01    2.0660000000e+03    7.3757161794e-01    9.9069471387e-01
        66   -4.5354025288e+01    2.0584354353e+03   -8.2711783972e+01    3.7357758684e+01   -1.1199667379e+01   -5.1102678690e+01   -2.3199893771e+01    2.7904558678e+00   -1.0932261551e+01    1.0296874312e-01    2.0720000000e+03    7.4131730094e-01    9.9054634560e-01
        67   -4.5380188206e+01    2.0609052545e+03   -8.2876358523e+01    3.7496170317e+01   -1.1210760926e+01   -5.1102678690e+01   -2.3262530114e+01    2.6996112075e+00   -1.0943426169e+01    1.0296874312e-01    2.0750000000e+03    7.4281015096e-01    9.9043798263e-01
        68   -4.5369218447e+01    2.0599264628e+03   -8.2833822233e+01    3.7464603786e+01   -1.1192924311e+01   -5.1102678690e+01   -2.3354528965e+01    2.8163097334e+00   -1.0926959622e+01    1.0296874312e-01    2.0800000000e+03    7.4331931293e-01    9.9090361446e-01
        69   -4.5346642194e+01    2.0578126373e+03   -8.2780331488e+01    3.7433689293e+01   -1.1152506427e+01   -5.1102678690e+01   -2.3385076826e+01    2.8599304557e+00   -1.0889326380e+01    1.0296874312e-01    2.0760000000e+03    7.5011708902e-01    9.9053485577e-01
        70   -4.5366646234e+01    2.0597198081e+03   -8.2964156523e+01    3.7597510288e+01   -1.1142738409e+01   -5.1102678690e+01   -2.3369803832e+01    2.6510644086e+00   -1.0877800431e+01    1.0296874312e-01    2.0600000000e+03    7.4976151297e-01    9.9044135356e-01
        71   -4.5337728344e+01    2.0569241105e+03   -8.2734617244e+01    3.7396888900e+01   -1.1183160965e+01   -5.1102678690e+01   -2.3129189383e+01    2.6804117937e+00   -1.0918738994e+01    1.0296874312e-01    2.0600000000e+03    7.3919416300e-01    9.9079186893e-01
        72   -4.5359464365e+01    2.0588873346e+03   -8.2581582725e+01    3.7222118360e+01   -1.1183430675e+01   -5.1102678690e+01   -2.2977984070e+01    2.6825107102e+00   -1.0917472498e+01    1.0296874312e-01    2.0670000000e+03    7.3986121407e-01    9.9071601942e-01
        73   -4.5366943970e+01    2.0594401391e+03   -8.2485628693e+01    3.7118684723e+01   -1.1211744854e+01   -5.1102678690e+01   -2.2914105706e+01    2.7429005581e+00   -1.0950448663e+01    1.0296874312e-01    2.0660000000e+03    7.4172567099e-01    9.9111030479e-01
        74   -4.5347493007e+01    2.0578262831e+03   -8.2524936428e+01    3.7177443421e+01   -1.1204720908e+01   -5.1102678690e+01   -2.2955930495e+01    2.7383936656e+00   -1.0945841672e+01    1.0296874312e-01    2.0700000000e+03    7.4146650499e-01    9.9048584221e-01
        75   -4.5364826681e+01    2.0595512996e+03   -8.2413111294e+01    3.7048284613e+01   -1.1193458839e+01   -5.1102678690e+01   -2.2784412743e+01    2.6674389787e+00   -1.0931724371e+01    1.0296874312e-01    2.0570000000e+03    7.4366492301e-01    9.9039855072e-01
        76   -4.5382943667e+01    2.0610911451e+03   -8.2434374725e+01    3.7051431059e+01   -1.1194545369e+01   -5.1102678690e+01   -2.2825281564e+01    2.6881308985e+00   -1.0933003467e+01    1.0296874312e-01    2.0580000000e+03    7.3829369806e-01    9.9126458435e-01
        77   -4.5344138832e+01    2.0574954084e+03   -8.2443444250e+01    3.7099305418e+01   -1.1259576763e+01   -5.1102678690e+01   -2.2780026688e+01    2.6988378920e+00   -1.0999089072e+01    1.0296874312e-01    2.0610000000e+03    7.3911351000e-01    9.9067662779e-01
        78   -4.5357492551e+01    2.0586898284e+03   -8.2334955071e+01    3.6977462520e+01   -1.1216288152e+01   -5.1102678690e+01   -2.2790701748e+01    2.7747135195e+00   -1.0954169963e+01    1.0296874312e-01    2.0500000000e+03    7.4079533794e-01    9.9038694808e-01
        79   -4.5375159856e+01    2.0603089409e+03   -8.2302136566e+01    3.6926976710e+01   -1.1229763244e+01   -5.1102678690e+01   -2.2842619832e+01    2.8729252013e+00   -1.0965509035e+01    1.0296874312e-01    2.0420000000e+03    7.3835649900e-01    9.9032012195e-01
        80   -4.5389522791e+01    2.0616314136e+03   -8.2357555565e+01    3.6968032773e+01   -1.1246684559e+01   -5.1102678690e+01   -2.2903248007e+01    2.8950556927e+00   -1.0984536338e+01    1.0296874312e-01    2.0370000000e+03    7.3350135097e-01    9.9015976983e-01
        81   -4.5372265118e+01    2.0600562658e+03   -8.2399084654e+01    3.7026819536e+01   -1.1211151347e+01   -5.1102678690e+01   -2.2861946956e+01    2.7766923394e+00   -1.0948731540e+01    1.0296874312e-01    2.0380000000e+03    7.3304379592e-01    9.9036573392e-01
        82   -4.5372060726e+01    2.0600475629e+03   -8.2561162085e+01    3.7189101359e+01   -1.1192562669e+01   -5.1102678690e+01   -2.3203057572e+01    2.9371368457e+00   -1.0930529542e+01    1.0296874312e-01    2.0440000000e+03    7.3326188803e-01    9.9093780667e-01
        83   -4.5381909828e+01    2.0610036071e+03   -8.2365751417e+01    3.6983841589e+01   -1.1196911860e+01   -5.1102678690e+01   -2.3101365475e+01    3.0352046083e+00   -1.0933661699e+01    1.0296874312e-01    2.0450000000e+03    7.3367660108e-01    9.9055161448e-01
        84   -4.5358084445e+01    2.0587058922e+03   -8.2548644396e+01    3.7190559951e+01   -1.1234044435e+01   -5.1102678690e+01   -2.3167849281e+01    2.9559280103e+00   -1.0974267172e+01    1.0296874312e-01    2.0360000000e+03    7.3702302598e-01    9.8992970660e-01
        85   -4.5371479388e+01    2.0598973583e+03   -8.2392451986e+01    3.7020972598e+01   -1.1254236105e+01   -5.1102678690e+01   -2.3007695139e+01    2.9721579493e+00   -1.0996659531e+01    1.0296874312e-01    2.0360000000e+03    7.3204966902e-01    9.8985449411e-01
        86   -4.5378158296e+01    2.0605733096e+03   -8.2409055109e+01    3.7030896814e+01   -1.1254705273e+01   -5.1102678690e+01   -2.3164367807e+01    3.1126966606e+00   -1.0999642185e+01    1.0296874312e-01    2.0380000000e+03    7.3088596598e-01    9.9022286346e-01
        87   -4.5386613945e+01    2.0614958808e+03   -8.2426911344e+01    3.7040297399e+01   -1.1271247093e+01   -5.1102678690e+01   -2.2994082348e+01    2.9410967869e+00   -1.1014614822e+01    1.0296874312e-01    2.0400000000e+03    7.2978810093e-01    9.9010978901e-01
        88   -4.5393886990e+01    2.0642377643e+03   -8.2316568188e+01    3.6922681198e+01   -1.1315293327e+01   -5.1102678690e+01   -2.2877939804e+01    2.9793436332e+00   -1.1054419779e+01    1.0296874312e-01    2.0340000000e+03    7.3324498499e-01    9.9015012255e-01
        89   -4.5363302994e+01    2.0594509946e+03   -8.2437077090e+01    3.7073774096e+01   -1.1271902838e+01   -5.1102678690e+01   -2.2971097009e+01    2.9086014476e+00   -1.1005641102e+01    1.0296874312e-01    2.0400000000e+03    7.3111218296e-01    9.9078171091e-01
        90   -4.5383845293e+01    2.0610993757e+03   -8.2441870847e+01    3.7058025553e+01   -1.1200752044e+01   -5.1102678690e+01   -2.3020856361e+01    2.8824162484e+00   -1.0938978441e+01    1.0296874312e-01    2.0350000000e+03    7.3008646898e-01    9.9079350490e-01
        91   -4.5366419639e+01    2.0595172800e+03   -8.2469759765e+01    3.7103340126e+01   -1.1246342570e+01   -5.1102678690e+01   -2.3005855357e+01    2.8851168531e+00   -1.0988711555e+01    1.0296874312e-01    2.0400000000e+03    7.2910883394e-01    9.9026412776e-01
        92   -4.5368025020e+01    2.0597089504e+03   -8.2700129980e+01    3.7332104960e+01   -1.1309879537e+01   -5.1102678690e+01   -2.2975731167e+01    2.6881594141e+00   -1.1048896428e+01    1.0296874312e-01    2.0360000000e+03    7.3096544202e-01    9.9004289216e-01
        93   -4.5376878290e+01    2.0605794930e+03   -8.2634390033e+01    3.7257511743e+01   -1.1353641250e+01   -5.1102678690e+01   -2.2846682377e+01    2.6686122841e+00   -1.1094811203e+01    1.0296874312e-01    2.0360000000e+03    7.2855753999e-01    9.9069867387e-01
        94   -4.5403578851e+01    2.0634603183e+03   -8.2407941798e+01    3.7004362947e+01   -1.1286172076e+01   -5.1102678690e+01   -2.2726328933e+01    2.7072379018e+00   -1.1024516905e+01    1.0296874312e-01    2.0380000000e+03    7.3032748105e-01    9.9046844303e-01
        95   -4.5335030105e+01    2.0566212758e+03   -8.2259099983e+01    3.6924069878e+01   -1.1261841987e+01   -5.1102678690e+01   -2.2683562396e+01    2.7889830910e+00   -1.0998470263e+01    1.0296874312e-01    2.0360000000e+03    7.3014758399e-01    9.8986445044e-01
        96   -4.5369241009e+01    2.0597938135e+03   -8.2206242288e+01    3.6837001279e+01   -1.1220456649e+01   -5.1102678690e+01   -2.2617987859e+01    2.7348809104e+00   -1.0961085820e+01    1.0296874312e-01    2.0350000000e+03    7.2932901699e-01    9.9026890963e-01
        97   -4.5350754906e+01    2.0581323424e+03   -8.2280709205e+01    3.6929954299e+01   -1.1233070044e+01   -5.1102678690e+01   -2.2768986945e+01    2.8240264740e+00   -1.0968518669e+01    1.0296874312e-01    2.0240000000e+03    7.2875657096e-01    9.9087837838e-01
        98   -4.5345917703e+01    2.0575304268e+03   -8.2329001111e+01    3.6983083408e+01   -1.1257932585e+01   -5.1102678690e+01   -2.2759329266e+01    2.7909394310e+00   -1.0996835924e+01    1.0296874312e-01    2.0130000000e+03    7.2346927691e-01    9.9019577569e-01
        99   -4.5372604275e+01    2.0600288037e+03   -8.2447836086e+01    3.7075231811e+01   -1.1208690124e+01   -5.1102678690e+01   -2.2919079353e+01    2.7826120822e+00   -1.0953345531e+01    1.0296874312e-01    2.0180000000e+03    7.2110906499e-01    9.9040611028e-01
       100   -4.5351462095e+01    2.0582957480e+03   -8.2454176260e+01    3.7102714166e+01   -1.1176959281e+01   -5.1102678690e+01   -2.2890072297e+01    2.7155340081e+00   -1.0921045384e+01    1.0296874312e-01    2.0180000000e+03    7.2408747999e-01    9.9046085233e-01
       101   -4.5392573916e+01    2.0619732841e+03   -8.2529823411e+01    3.7137249495e+01   -1.1241649618e+01   -5.1102678690e+01   -2.2907422971e+01    2.7219278687e+00   -1.0989860626e+01    1.0296874312e-01    2.0330000000e+03    7.2286909597e-01    9.8987239841e-01
       102   -4.5361668611e+01    2.0591230555e+03   -8.2437841654e+01    3.7076173043e+01   -1.1303392864e+01   -5.1102678690e+01   -2.2633243650e+01    2.6014735504e+00   -1.1047358274e+01    1.0296874312e-01    2.0370000000e+03    7.2856300604e-01    9.9083866208e-01
       103   -4.5401732858e+01    2.0655400840e+03   -8.2160629306e+01    3.6758896448e+01   -1.1306311347e+01   -5.1102678690e+01   -2.2553039816e+01    2.8014005476e+00   -1.1045818057e+01    1.0296874312e-01    2.0210000000e+03    7.2646806296e-01    9.9096404026e-01
       104   -4.5362769307e+01    2.0591309875e+03   -8.2310902056e+01    3.6948132749e+01   -1.1318213659e+01   -5.1102678690e+01   -2.2545324358e+01    2.6553146517e+00   -1.1060122311e+01    1.0296874312e-01    2.0220000000e+03    7.1943407203e-01    9.8951632855e-01
       105   -4.5411813246e+01    2.0639265264e+03   -8.2235090587e+01    3.6823277341e+01   -1.1353410239e+01   -5.1102678690e+01   -2.2651432677e+01    2.8724310197e+00   -1.1088860468e+01    1.0296874312e-01    2.0220000000e+03    7.2084656195e-01    9.9021698813e-01
       106   -4.5387299531e+01    2.0613783773e+03   -8.2235413892e+01    3.6848114361e+01   -1.1270476694e+01   -5.1102678690e+01   -2.2662063250e+01    2.7998047432e+00   -1.1008335077e+01    1.0296874312e-01    2.0260000000e+03    7.2103555396e-01    9.9063427300e-01
       107   -4.5391656170e+01    2.0618953370e+03   -8.2423848387e+01    3.7032192217e+01   -1.1302598762e+01   -5.1102678690e+01   -2.2651377775e+01    2.6328068412e+00   -1.1040376929e+01    1.0296874312e-01    2.0230000000e+03    7.2172240401e-01    9.8995866239e-01
       108   -4.5388736482e+01    2.0615654883e+03   -8.2395197933e+01    3.7006461451e+01   -1.1357428977e+01   -5.1102678690e+01   -2.2677159709e+01    2.7420694431e+00   -1.1089480800e+01    1.0296874312e-01    2.0270000000e+03    7.2133782797e-01    9.9005190311e-01
       109   -4.5400262597e+01    2.0626865196e+03   -8.2376874510e+01    3.6976611914e+01   -1.1313978311e+01   -5.1102678690e+01   -2.2638690912e+01    2.6784734032e+00   -1.1041335569e+01    1.0296874312e-01    2.0340000000e+03    7.2360853700e-01    9.9124321658e-01
       110   -4.5388327681e+01    2.0615815942e+03   -8.2285945490e+01    3.6897617809e+01   -1.1345210878e+01   -5.1102678690e+01   -2.2507211525e+01    2.6691556029e+00   -1.1069889983e+01    1.0296874312e-01    2.0360000000e+03    7.2480376600e-01    9.9015179449e-01
       111   -4.5365505690e+01    2.0594598421e+03   -8.2437382188e+01    3.7071876499e+01   -1.1353648449e+01   -5.1102678690e+01   -2.2558548626e+01    2.5774935769e+00   -1.1084457278e+01    1.0296874312e-01    2.0350000000e+03    7.2583543602e-01    9.9057588409e-01
       112   -4.5389062360e+01    2.0617161911e+03   -8.2361532770e+01    3.6972470410e+01   -1.1361183168e+01   -5.1102678690e+01   -2.2460507860e+01    2.5628369489e+00   -1.1091438295e+01    1.0296874312e-01    2.0390000000e+03    7.2604560899e-01    9.9001842752e-01
       113   -4.5382713183e+01    2.0609763860e+03   -8.2265617201e+01    3.6882904018e+01   -1.1288601213e+01   -5.1102678690e+01   -2.2445442246e+01    2.5711049471e+00   -1.1017708546e+01    1.0296874312e-01    2.0340000000e+03    7.2989661398e-01    9.9043648847e-01
       114   -4.5345731274e+01    2.0575483174e+03   -8.2321850707e+01    3.6976119433e+01   -1.1346929143e+01   -5.1102678690e+01   -2.2382552370e+01    2.5103094966e+00   -1.1080041610e+01    1.0296874312e-01    2.0280000000e+03    7.2546407499e-01    9.9015179449e-01
       115   -4.5372643424e+01    2.0602322673e+03   -8.2493692253e+01    3.7121048829e+01   -1.1351526385e+01   -5.1102678690e+01   -2.2487657385e+01    2.4481702065e+00   -1.1083037882e+01    1.0296874312e-01    2.0360000000e+03    7.2840746108e-01    9.9038461538e-01
       116   -4.5362114895e+01    2.0591968907e+03   -8.2456309358e+01    3.7094194463e+01   -1.1296156181e+01   -5.1102678690e+01   -2.2675398940e+01    2.6179244538e+00   -1.1029412063e+01    1.0296874312e-01    2.0420000000e+03    7.2902725299e-01    9.9040704813e-01
       117   -4.5329114638e+01    2.0563157140e+03   -8.2531417159e+01    3.7202302521e+01   -1.1271832710e+01   -5.1102678690e+01   -2.2835031661e+01    2.6781259018e+00   -1.1005847990e+01    1.0296874312e-01    2.0470000000e+03    7.3192290007e-01    9.9019037708e-01
       118   -4.5311200155e+01    2.0544847496e+03   -8.2484658130e+01    3.7173457975e+01   -1.1255321917e+01   -5.1102678690e+01   -2.2734734826e+01    2.6080773034e+00   -1.0983099525e+01    1.0296874312e-01    2.0510000000e+03    7.3380344699e-01    9.8989374695e-01
       119   -4.5394424379e+01    2.0621272025e+03   -8.2359034514e+01    3.6964610136e+01   -1.1193793359e+01   -5.1102678690e+01   -2.2874621411e+01    2.8120589464e+00   -1.0916420682e+01    1.0296874312e-01    2.0520000000e+03    7.3588778602e-01    9.9084288152e-01
       120   -4.5357429711e+01    2.0587379248e+03   -8.2288341616e+01    3.6930911905e+01   -1.1185162142e+01   -5.1102678690e+01   -2.2724602027e+01    2.7241012432e+00   -1.0912425049e+01    1.0296874312e-01    2.0430000000e+03    7.3694324610e-01    9.9010112086e-01
       121   -4.5329457059e+01    2.0561504694e+03   -8.2412246384e+01    3.7082789325e+01   -1.1186553209e+01   -5.1102678690e+01   -2.2863668357e+01    2.7406538719e+00   -1.0914476507e+01    1.0296874312e-01    2.0390000000e+03    7.3349605699e-01    9.9050110132e-01
       122   -4.5367499536e+01    2.0597453212e+03   -8.2664544119e+01    3.7297044584e+01   -1.1167079004e+01   -5.1102678690e+01   -2.3093255412e+01    2.6984689873e+00   -1.0894832097e+01    1.0296874312e-01    2.0400000000e+03    7.2965222807e-01    9.9071235900e-01
       123   -4.5354052417e+01    2.0586834070e+03   -8.2672739322e+01    3.7318686905e+01   -1.1184041095e+01   -5.1102678690e+01   -2.3066955674e+01    2.6809361379e+00   -1.0913822038e+01    1.0296874312e-01    2.0410000000e+03    7.2844564391e-01    9.9039522059e-01
       124   -4.5357440585e+01    2.0588041148e+03   -8.2638276576e+01    3.7280835991e+01   -1.1195212060e+01   -5.1102678690e+01   -2.2954909895e+01    2.6145240704e+00   -1.0924756715e+01    1.0296874312e-01    2.0360000000e+03    7.3074670997e-01    9.9013963743e-01
       125   -4.5389157868e+01    2.0615834278e+03   -8.2705655999e+01    3.7316498131e+01   -1.1212237996e+01   -5.1102678690e+01   -2.2952577577e+01    2.5618382640e+00   -1.0939045841e+01    1.0296874312e-01    2.0490000000e+03    7.3110272200e-01    9.9072937132e-01
       126   -4.5383136271e+01    2.0610115822e+03   -8.2464906463e+01    3.7081770192e+01   -1.1204711897e+01   -5.1102678690e+01   -2.2838023697e+01    2.6805078211e+00   -1.0931483397e+01    1.0296874312e-01    2.0510000000e+03    7.3470749694e-01    9.9048316252e-01
       127   -4.5422910883e+01    2.0647636974e+03   -8.2542772465e+01    3.7119861583e+01   -1.1198324173e+01   -5.1102678690e+01   -2.3001865678e+01    2.7600960761e+00   -1.0919441763e+01    1.0296874312e-01    2.0500000000e+03    7.3220885603e-01    9.9061433447e-01
       128   -4.5393778848e+01    2.0620424869e+03   -8.2822111698e+01    3.7428332850e+01   -1.1175678371e+01   -5.1102678690e+01   -2.3262999707e+01    2.7192450712e+00   -1.0900887711e+01    1.0296874312e-01    2.0540000000e+03    7.3305329704e-01    9.8995426829e-01
       129   -4.5402965085e+01    2.0628016600e+03   -8.2733320209e+01    3.7330355123e+01   -1.1176251623e+01   -5.1102678690e+01   -2.3214845683e+01    2.7604557873e+00   -1.0902957878e+01    1.0296874312e-01    2.0600000000e+03    7.3618419201e-01    9.9003468841e-01
       130   -4.5351633408e+01    2.0582769801e+03   -8.2636843506e+01    3.7285210097e+01   -1.1181198512e+01   -5.1102678690e+01   -2.3177279103e+01    2.8243127995e+00   -1.0909693676e+01    1.0296874312e-01    2.0630000000e+03    7.3745426303e-01    9.9041262136e-01
       131   -4.5353856231e+01    2.0583732381e+03   -8.2620451027e+01    3.7266594796e+01   -1.1152051403e+01   -5.1102678690e+01   -2.3217525131e+01    2.8518041975e+00   -1.0879962173e+01    1.0296874312e-01    2.0630000000e+03    7.3804452398e-01    9.8959343190e-01
       132   -4.5433755608e+01    2.0658105097e+03   -8.2485941246e+01    3.7052185638e+01   -1.1212246162e+01   -5.1102678690e+01   -2.2960026982e+01    2.7890105883e+00   -1.0942253052e+01    1.0296874312e-01    2.0510000000e+03    7.3718733795e-01    9.9018419777e-01
       133   -4.5406628055e+01    2.0631899480e+03   -8.2481564048e+01    3.7074935993e+01   -1.1253806374e+01   -5.1102678690e+01   -2.2827567272e+01    2.7024882887e+00   -1.0990035499e+01    1.0296874312e-01    2.0550000000e+03    7.3496799509e-01    9.9059909800e-01
       134   -4.5402900956e+01    2.0628783001e+03   -8.2281365493e+01    3.6878464538e+01   -1.1188965634e+01   -5.1102678690e+01   -2.2783266721e+01    2.7935455528e+00   -1.0924928833e+01    1.0296874312e-01    2.0670000000e+03    7.3592115694e-01    9.9035888078e-01
       135   -4.5425719937e+01    2.0651424900e+03   -8.2582269959e+01    3.7156550023e+01   -1.1262991409e+01   -5.1102678690e+01   -2.2834937725e+01    2.6183378653e+00   -1.1001918605e+01    1.0296874312e-01    2.0630000000e+03    7.4100450904e-01    9.9018807450e-01
       136   -4.5419477036e+01    2.0644500675e+03   -8.2544786347e+01    3.7125309311e+01   -1.1268984553e+01   -5.1102678690e+01   -2.2948472135e+01    2.7753490319e+00   -1.1007363497e+01    1.0296874312e-01    2.0620000000e+03    7.4141148000e-01    9.9016904993e-01
       137   -4.5384724657e+01    2.0612103620e+03   -8.2620210663e+01    3.7235486006e+01   -1.1288863262e+01   -5.1102678690e+01   -2.3013075315e+01    2.7844066046e+00   -1.1027211222e+01    1.0296874312e-01    2.0650000000e+03    7.4148808199e-01    9.9060378274e-01
       138   -4.5362683537e+01    2.0593518673e+03   -8.2698488431e+01    3.7335804894e+01   -1.1310384901e+01   -5.1102678690e+01   -2.3133319623e+01    2.8478947832e+00   -1.1047291019e+01    1.0296874312e-01    2.0580000000e+03    7.4307022302e-01    9.9046610169e-01
       139   -4.5386903965e+01    2.0616101686e+03   -8.2778505945e+01    3.7391601980e+01   -1.1320771222e+01   -5.1102678690e+01   -2.3108647029e+01    2.7535909962e+00   -1.1064531299e+01    1.0296874312e-01    2.0560000000e+03    7.3805708601e-01    9.9084365889e-01
       140   -4.5355897428e+01    2.0586331820e+03   -8.2813534056e+01    3.7457636628e+01   -1.1354836134e+01   -5.1102678690e+01   -2.3083056599e+01    2.7270373676e+00   -1.1098368569e+01    1.0296874312e-01    2.0510000000e+03    7.3722479003e-01    9.9031797179e-01
       141   -4.5387342784e+01    2.0613677636e+03   -8.2615389429e+01    3.7228046645e+01   -1.1316664396e+01   -5.1102678690e+01   -2.2983156704e+01    2.7871103616e+00   -1.1061681785e+01    1.0296874312e-01    2.0530000000e+03    7.3379502003e-01    9.9040102389e-01
       142   -4.5363117558e+01    2.0591606471e+03   -8.2665651245e+01    3.7302533687e+01   -1.1310487421e+01   -5.1102678690e+01   -2.3007966505e+01    2.7554813724e+00   -1.1058683876e+01    1.0296874312e-01    2.0550000000e+03    7.3575498804e-01    9.9129322942e-01
       143   -4.5377977806e+01    2.0606356809e+03   -8.2644786939e+01    3.7266809133e+01   -1.1312569599e+01   -5.1102678690e+01   -2.2917238327e+01    2.6876996768e+00   -1.1060497447e+01    1.0296874312e-01    2.0560000000e+03    7.3668501899e-01    9.8970498783e-01
       144   -4.5357234368e+01    2.0586727299e+03   -8.2647104256e+01    3.7289869888e+01   -1.1291118182e+01   -5.1102678690e+01   -2.3017383070e+01    2.7640756872e+00   -1.1042154217e+01    1.0296874312e-01    2.0570000000e+03    7.3629250308e-01    9.9124513619e-01
       145   -4.5333959428e+01    2.0565451001e+03   -8.2804392245e+01    3.7470432817e+01   -1.1308621609e+01   -5.1102678690e+01   -2.3132288655e+01    2.7391967092e+00   -1.1055856882e+01    1.0296874312e-01    2.0620000000e+03    7.3879792902e-01    9.9023152649e-01
       146   -4.5377116133e+01    2.0604787983e+03   -8.2775240356e+01    3.7398124223e+01   -1.1379781629e+01   -5.1102678690e+01   -2.3065035349e+01    2.7722553122e+00   -1.1126012562e+01    1.0296874312e-01    2.0620000000e+03    7.3702415696e-01    9.9093719690e-01
       147   -4.5382396193e+01    2.0610611391e+03   -8.2586948936e+01    3.7204552743e+01   -1.1380880474e+01   -5.1102678690e+01   -2.2906998359e+01    2.8036085881e+00   -1.1127728556e+01    1.0296874312e-01    2.0580000000e+03    7.3703159997e-01    9.9020974782e-01
       148   -4.5395506076e+01    2.0622652032e+03   -8.2454143726e+01    3.7058637650e+01   -1.1335112820e+01   -5.1102678690e+01   -2.2815869514e+01    2.7995172976e+00   -1.1083089564e+01    1.0296874312e-01    2.0590000000e+03    7.3978226597e-01    9.9044885811e-01
       149   -4.5414111839e+01    2.0638597511e+03   -8.2624825869e+01    3.7210714030e+01   -1.1375822412e+01   -5.1102678690e+01   -2.2789868912e+01    2.6435441451e+00   -1.1130016430e+01    1.0296874312e-01    2.0570000000e+03    7.4040643603e-01    9.8998300146e-01
       150   -4.5391053537e+01    2.0617639083e+03   -8.2583239357e+01    3.7192185820e+01   -1.1347248309e+01   -5.1102678690e+01   -2.2866928394e+01    2.7336160359e+00   -1.1099041046e+01    1.0296874312e-01    2.0600000000e+03    7.3688954802e-01    9.9027710258e-01
       151   -4.5400992093e+01    2.0626852142e+03   -8.2691774708e+01    3.7290782615e+01   -1.1361430904e+01   -5.1102678690e+01   -2.2949390682e+01    2.7217255677e+00   -1.1120542689e+01    1.0296874312e-01    2.0560000000e+03    7.3773398809e-01    9.8997269417e-01
       152   -4.5413759267e+01    2.0640422481e+03   -8.2701103817e+01    3.7287344550e+01   -1.1345081182e+01   -5.1102678690e+01   -2.3094714233e+01    2.8413702878e+00   -1.1099661290e+01    1.0296874312e-01    2.0480000000e+03    7.3680379498e-01    9.9027237354e-01
       153   -4.5384261770e+01    2.0612325575e+03   -8.2613793323e+01    3.7229531553e+01   -1.1315810356e+01   -5.1102678690e+01   -2.3058536451e+01    2.8632321749e+00   -1.1067155656e+01    1.0296874312e-01    2.0440000000e+03    7.3387214099e-01    9.9046325684e-01
       154   -4.5375502629e+01    2.0605312373e+03   -8.2718694169e+01    3.7343191540e+01   -1.1298586774e+01   -5.1102678690e+01   -2.3119509494e+01    2.8020807893e+00   -1.1048264345e+01    1.0296874312e-01    2.0450000000e+03    7.3387129500e-01    9.9001651174e-01
       155   -4.5327005942e+01    2.0558258932e+03   -8.2785855021e+01    3.7458849079e+01   -1.1262320164e+01   -5.1102678690e+01   -2.3153367023e+01    2.7325108569e+00   -1.1015189897e+01    1.0296874312e-01    2.0430000000e+03    7.3384766595e-01    9.9099938875e-01
       156   -4.5377413767e+01    2.0605069486e+03   -8.2810061143e+01    3.7432647377e+01   -1.1283611029e+01   -5.1102678690e+01   -2.3134218177e+01    2.7104467532e+00   -1.1034346274e+01    1.0296874312e-01    2.0470000000e+03    7.3261304095e-01    9.9118942731e-01
       157   -4.5390612898e+01    2.0618826389e+03   -8.2837675821e+01    3.7447062922e+01   -1.1213376401e+01   -5.1102678690e+01   -2.3219366482e+01    2.6977457523e+00   -1.0960911996e+01    1.0296874312e-01    2.0460000000e+03    7.3620278609e-01    9.9128297509e-01
       158   -4.5418180478e+01    2.0643686986e+03   -8.2813156343e+01    3.7394975865e+01   -1.1245786613e+01   -5.1102678690e+01   -2.3247503351e+01    2.7828123122e+00   -1.1001356016e+01    1.0296874312e-01    2.0540000000e+03    7.3878771497e-01    9.9042338710e-01
       159   -4.5375463705e+01    2.0603032132e+03   -8.2594865794e+01    3.7219402090e+01   -1.1245621728e+01   -5.1102678690e+01   -2.3123821075e+01    2.8772556992e+00   -1.1001199278e+01    1.0296874312e-01    2.0500000000e+03    7.4002732302e-01    9.9003468841e-01
       160   -4.5352643315e+01    2.0582459616e+03   -8.2792513544e+01    3.7439870229e+01   -1.1260285293e+01   -5.1102678690e+01   -2.3190310530e+01    2.7607609686e+00   -1.1018298849e+01    1.0296874312e-01    2.0460000000e+03    7.3914896906e-01    9.9000000000e-01
       161   -4.5349652199e+01    2.0579994972e+03   -8.2873587871e+01    3.7523935673e+01   -1.1281951095e+01   -5.1102678690e+01   -2.3215341283e+01    2.7263831965e+00   -1.1037291342e+01    1.0296874312e-01    2.0480000000e+03    7.3602031905e-01    9.9037756598e-01
       162   -4.5342590791e+01    2.0573025233e+03   -8.2650924500e+01    3.7308333708e+01   -1.1248631315e+01   -5.1102678690e+01   -2.3121931133e+01    2.8223166391e+00   -1.1002631028e+01    1.0296874312e-01    2.0370000000e+03    7.3721954809e-01    9.8982238770e-01
       163   -4.5336553903e+01    2.0568396374e+03   -8.2622864439e+01    3.7286310536e+01   -1.1247312920e+01   -5.1102678690e+01   -2.3163751533e+01    2.8908787043e+00   -1.0995943413e+01    1.0296874312e-01    2.0340000000e+03    7.3164925200e-01    9.8996686303e-01
       164   -4.5373946095e+01    2.0602084637e+03   -8.2681577516e+01    3.7307631421e+01   -1.1304481709e+01   -5.1102678690e+01   -2.2901688888e+01    2.6272717714e+00   -1.1055130467e+01    1.0296874312e-01    2.0310000000e+03    7.3212303396e-01    9.9030543265e-01
       165   -4.5393459051e+01    2.0621550129e+03   -8.2478451789e+01    3.7084992739e+01   -1.1272389075e+01   -5.1102678690e+01   -2.2808663328e+01    2.7052793041e+00   -1.1022064951e+01    1.0296874312e-01    2.0250000000e+03    7.3061598896e-01    9.9019879370e-01
       166   -4.5368141550e+01    2.0597977507e+03   -8.2549796590e+01    3.7181655040e+01   -1.1287913666e+01   -5.1102678690e+01   -2.2991177938e+01    2.8319737033e+00   -1.1035015177e+01    1.0296874312e-01    2.0270000000e+03    7.2736193903e-01    9.9077160494e-01
       167   -4.5364113497e+01    2.0593044316e+03   -8.2449795040e+01    3.7085681542e+01   -1.1277980209e+01   -5.1102678690e+01   -2.2857343790e+01    2.7882076499e+00   -1.1028599382e+01    1.0296874312e-01    2.0280000000e+03    7.2867709794e-01    9.9007153429e-01
       168   -4.5368550843e+01    2.0597089860e+03   -8.2440403555e+01    3.7071852712e+01   -1.1334942864e+01   -5.1102678690e+01   -2.2807437799e+01    2.8046557986e+00   -1.1090264733e+01    1.0296874312e-01    2.0300000000e+03    7.2938446898e-01    9.9044625247e-01
       169   -4.5358813287e+01    2.0589253752e+03   -8.2438493551e+01    3.7079680263e+01   -1.1333602926e+01   -5.1102678690e+01   -2.2832763353e+01    2.8305514191e+00   -1.1089566432e+01    1.0296874312e-01    2.0270000000e+03    7.2713687702e-01    9.9060960591e-01
       170   -4.5379035322e+01    2.0608129143e+03   -8.2542362873e+01    3.7163327552e+01   -1.1303716175e+01   -5.1102678690e+01   -2.3107886184e+01    2.9719181761e+00   -1.1057369202e+01    1.0296874312e-01    2.0260000000e+03    7.2779867798e-01    9.9118154909e-01
       171   -4.5357760672e+01    2.0586878645e+03   -8.2516480177e+01    3.7158719505e+01   -1.1264143443e+01   -5.1102678690e+01   -2.2983231359e+01    2.8335733153e+00   -1.1018589746e+01    1.0296874312e-01    2.0310000000e+03    7.2868991795e-01    9.9060649062e-01
       172   -4.5387933778e+01    2.0616646262e+03   -8.2438435230e+01    3.7050501452e+01   -1.1220195631e+01   -5.1102678690e+01   -2.2936863469e+01    2.8213025612e+00   -1.0971674220e+01    1.0296874312e-01    2.0240000000e+03    7.2903880000e-01    9.9112198424e-01
       173   -4.5433452535e+01    2.0669106432e+03   -8.2496890573e+01    3.7063438038e+01   -1.1263113627e+01   -5.1102678690e+01   -2.2993946889e+01    2.8628486334e+00   -1.1015769299e+01    1.0296874312e-01    2.0220000000e+03    7.2670781799e-01    9.9007225791e-01
       174   -4.5381147664e+01    2.0609125108e+03   -8.2513353855e+01    3.7132206190e+01   -1.1314794590e+01   -5.1102678690e+01   -2.2945733268e+01    2.8498526929e+00   -1.1073278122e+01    1.0296874312e-01    2.0190000000e+03    7.2776168794e-01    9.9017062315e-01
       175   -4.5417705599e+01    2.0641768847e+03   -8.2560129819e+01    3.7142424220e+01   -1.1320223248e+01   -5.1102678690e+01   -2.2964497643e+01    2.8272697627e+00   -1.1080447034e+01    1.0296874312e-01    2.0110000000e+03    7.2482496593e-01    9.9080609212e-01
       176   -4.5426192043e+01    2.0650336295e+03   -8.2583311881e+01    3.7157119838e+01   -1.1293513297e+01   -5.1102678690e+01   -2.2952932485e+01    2.7658125911e+00   -1.1045624099e+01    1.0296874312e-01    2.0150000000e+03    7.2324126202e-01    9.9078505719e-01
       177   -4.5420743059e+01    2.0643659545e+03   -8.2569803706e+01    3.7149060647e+01   -1.1319725131e+01   -5.1102678690e+01   -2.2852417233e+01    2.7050173491e+00   -1.1075035804e+01    1.0296874312e-01    2.0200000000e+03    7.2259827598e-01    9.9071029777e-01
       178   -4.5422543170e+01    2.0646085909e+03   -8.2485330870e+01    3.7062787700e+01   -1.1262756231e+01   -5.1102678690e+01   -2.2939219021e+01    2.8193230727e+00   -1.1016943483e+01    1.0296874312e-01    2.0140000000e+03    7.2595527105e-01    9.9003712871e-01
       179   -4.5380714760e+01    2.0606712200e+03   -8.2589822845e+01    3.7209108085e+01   -1.1297036710e+01   -5.1102678690e+01   -2.2850901087e+01    2.6607936422e+00   -1.1052654551e+01    1.0296874312e-01    2.0240000000e+03    7.2169437201e-01    9.9039535750e-01
       180   -4.5394880862e+01    2.0620197034e+03   -8.2665373728e+01    3.7270492866e+01   -1.1274341482e+01   -5.1102678690e+01   -2.2885910377e+01    2.5975568211e+00   -1.1026265068e+01    1.0296874312e-01    2.0300000000e+03    7.2802433197e-01    9.9050457016e-01
       181   -4.5380356910e+01    2.0607984558e+03   -8.2790304484e+01    3.7409947573e+01   -1.1304474037e+01   -5.1102678690e+01   -2.3093741859e+01    2.7105901030e+00   -1.1055432178e+01    1.0296874312e-01    2.0360000000e+03    7.2863456409e-01    9.9091748768e-01
       182   -4.5355363642e+01    2.0583813627e+03   -8.2694226749e+01    3.7338863107e+01   -1.1224721845e+01   -5.1102678690e+01   -2.3236380488e+01    2.8695542745e+00   -1.0972663681e+01    1.0296874312e-01    2.0360000000e+03    7.3184449901e-01    9.9034565324e-01
       183   -4.5347024035e+01    2.0577076201e+03   -8.2556563706e+01    3.7209539671e+01   -1.1195829049e+01   -5.1102678690e+01   -2.3144550342e+01    2.8864943752e+00   -1.0946047587e+01    1.0296874312e-01    2.0320000000e+03    7.3116857291e-01    9.8985449411e-01
       184   -4.5356903949e+01    2.0588795414e+03   -8.2535476771e+01    3.7178572822e+01   -1.1243061387e+01   -5.1102678690e+01   -2.3095141135e+01    2.9054044421e+00   -1.0993745633e+01    1.0296874312e-01    2.0290000000e+03    7.2991243796e-01    9.8998831201e-01
       185   -4.5393236903e+01    2.0619196250e+03   -8.2377593733e+01    3.6984356830e+01   -1.1269452747e+01   -5.1102678690e+01   -2.3016703007e+01    3.0112407112e+00   -1.1013335550e+01    1.0296874312e-01    2.0380000000e+03    7.2641861695e-01    9.9057417447e-01
       186   -4.5360048036e+01    2.0591217902e+03   -8.2661802313e+01    3.7301754277e+01   -1.1269483656e+01   -5.1102678690e+01   -2.3128618984e+01    2.8389790168e+00   -1.1005899232e+01    1.0296874312e-01    2.0490000000e+03    7.3236010794e-01    9.9029379293e-01
       187   -4.5417694573e+01    2.0646849117e+03   -8.2760473401e+01    3.7342778828e+01   -1.1261306848e+01   -5.1102678690e+01   -2.3341899031e+01    2.9454111681e+00   -1.1001598576e+01    1.0296874312e-01    2.0490000000e+03    7.3612204299e-01    9.9023914104e-01
       188   -4.5391693918e+01    2.0620327598e+03   -8.2856024366e+01    3.7464330448e+01   -1.1257622229e+01   -5.1102678690e+01   -2.3281402709e+01    2.7856792630e+00   -1.0995218671e+01    1.0296874312e-01    2.0490000000e+03    7.3658619507e-01    9.9086444607e-01
       189   -4.5394538883e+01    2.0620987906e+03   -8.2727367762e+01    3.7332828879e+01   -1.1243830827e+01   -5.1102678690e+01   -2.3217153484e+01    2.8362952390e+00   -1.0977200044e+01    1.0296874312e-01    2.0510000000e+03    7.3649245803e-01    9.9022388970e-01
       190   -4.5410810405e+01    2.0640056290e+03   -8.2946368146e+01    3.7535557741e+01   -1.1267318646e+01   -5.1102678690e+01   -2.3284572831e+01    2.7082020203e+00   -1.0998829597e+01    1.0296874312e-01    2.0550000000e+03    7.3485147301e-01    9.9055338859e-01
       191   -4.5400115853e+01    2.0624890455e+03   -8.2754140873e+01    3.7354025020e+01   -1.1277272709e+01   -5.1102678690e+01   -2.3147268110e+01    2.7730786370e+00   -1.1013826610e+01    1.0296874312e-01    2.0480000000e+03    7.3863941908e-01    9.9072384428e-01
       192   -4.5360430147e+01    2.0588369636e+03   -8.2684689314e+01    3.7324259167e+01   -1.1339579217e+01   -5.1102678690e+01   -2.3166860667e+01    2.9244292597e+00   -1.1075984278e+01    1.0296874312e-01    2.0440000000e+03    7.3413184006e-01    9.9040222168e-01
       193   -4.5339382185e+01    2.0570352281e+03   -8.2621412654e+01    3.7282030469e+01   -1.1273359512e+01   -5.1102678690e+01   -2.3236766736e+01    2.9913922851e+00   -1.1012680457e+01    1.0296874312e-01    2.0500000000e+03    7.3242326605e-01    9.9076565558e-01
       194   -4.5369165401e+01    2.0596410672e+03   -8.2535338303e+01    3.7166172902e+01   -1.1295484619e+01   -5.1102678690e+01   -2.3080994081e+01    2.9438190866e+00   -1.1032990933e+01    1.0296874312e-01    2.0460000000e+03    7.3452406295e-01    9.9059451220e-01
       195   -4.5391843707e+01    2.0618664134e+03   -8.2556475906e+01    3.7164632199e+01   -1.1278485270e+01   -5.1102678690e+01   -2.3051027430e+01    2.8757154841e+00   -1.1021414740e+01    1.0296874312e-01    2.0470000000e+03    7.3454382701e-01    9.9051502933e-01
       196   -4.5404973528e+01    2.0630566179e+03   -8.2512603701e+01    3.7107630174e+01   -1.1283951853e+01   -5.1102678690e+01   -2.3133295647e+01    3.0073224895e+00   -1.1025291726e+01    1.0296874312e-01    2.0560000000e+03    7.3492425797e-01    9.8993954568e-01
       197   -4.5385891095e+01    2.0612491537e+03   -8.2652644593e+01    3.7266753498e+01   -1.1268026075e+01   -5.1102678690e+01   -2.3241111665e+01    2.9591718371e+00   -1.1001257611e+01    1.0296874312e-01    2.0610000000e+03    7.4034532998e-01    9.9010517996e-01
       198   -4.5380253211e+01    2.0609230653e+03   -8.2524517380e+01    3.7144264169e+01   -1.1269560767e+01   -5.1102678690e+01   -2.3248434483e+01    3.0961565607e+00   -1.1003379813e+01    1.0296874312e-01    2.0690000000e+03    7.3819581605e-01    9.9006853469e-01
       199   -4.5341778009e+01    2.0572790048e+03   -8.2852316482e+01    3.7510538474e+01   -1.1273781969e+01   -5.1102678690e+01   -2.3455040978e+01    2.9791851552e+00   -1.1009185417e+01    1.0296874312e-01    2.0660000000e+03    7.4298705102e-01    9.9033349444e-01
