# Index          LocalEnergy            Variance              Weight        NumOfWalkers      AvgSentWalkers         TrialEnergy             DiffEff      LivingFraction
         0   -4.5385988349e+01    1.5108521969e+00    2.0670000000e+03    2.0660000000e+03    0.0000000000e+00   -4.5383702026e+01    9.9339897118e-01    9.9370764763e-01
         1   -4.5364189501e+01    1.6633897484e+00    2.0467853884e+03    2.0660000000e+03    0.0000000000e+00   -4.6309445702e+01    9.9207089964e-01    9.8741529526e-01
         2   -4.5351951828e+01    1.5275640377e+00    2.0478632049e+03    2.0590000000e+03    0.0000000000e+00   -4.5899861588e+01    9.9356545598e-01    9.9417192812e-01
         3   -4.5321644905e+01    1.4023127185e+00    2.0476981163e+03    2.0520000000e+03    0.0000000000e+00   -4.5547073841e+01    9.9244991377e-01    9.9463937622e-01
         4   -4.5318338866e+01    1.4787276545e+00    2.0479362052e+03    2.0450000000e+03    0.0000000000e+00   -4.5175053136e+01    9.9351915978e-01    9.9706601467e-01
         5   -4.5321450552e+01    1.3305027626e+00    2.0481507302e+03    2.0500000000e+03    0.0000000000e+00   -4.5415947463e+01    9.9326180153e-01    9.9609756098e-01
         6   -4.5377704409e+01    1.3998867736e+00    2.0485564232e+03    2.0490000000e+03    0.0000000000e+00   -4.5370266760e+01    9.9363917637e-01    9.9658369937e-01
         7   -4.5410378297e+01    1.3725992371e+00    2.0483536371e+03    2.0520000000e+03    0.0000000000e+00   -4.5572826422e+01    9.9326330826e-01    9.9220272904e-01
         8   -4.5408535851e+01    1.3135802032e+00    2.0479713523e+03    2.0450000000e+03    0.0000000000e+00   -4.5263786529e+01    9.9327596559e-01    9.9706601467e-01
         9   -4.5364413571e+01    1.5027332674e+00    2.0475226620e+03    2.0470000000e+03    0.0000000000e+00   -4.5359695802e+01    9.9291648083e-01    9.9706888129e-01
        10   -4.5387494626e+01    1.2579447681e+00    2.0482825312e+03    2.0520000000e+03    0.0000000000e+00   -4.5559535584e+01    9.9233826096e-01    9.9317738791e-01
        11   -4.5411407010e+01    1.4296875086e+00    2.0482524796e+03    2.0440000000e+03    0.0000000000e+00   -4.5191991142e+01    9.9323403375e-01    9.9657534247e-01
        12   -4.5407465785e+01    1.4670643301e+00    2.0479248373e+03    2.0440000000e+03    0.0000000000e+00   -4.5215903526e+01    9.9292491311e-01    9.9706457926e-01
        13   -4.5384208179e+01    1.4638022295e+00    2.0477487402e+03    2.0470000000e+03    0.0000000000e+00   -4.5358625735e+01    9.9228007014e-01    9.9462628236e-01
        14   -4.5391976505e+01    1.5158548238e+00    2.0481019510e+03    2.0480000000e+03    0.0000000000e+00   -4.5384208179e+01    9.9303861945e-01    9.9462890625e-01
        15   -4.5395372997e+01    1.5278361331e+00    2.0480504145e+03    2.0480000000e+03    0.0000000000e+00   -4.5391976505e+01    9.9208664789e-01    9.9609375000e-01
        16   -4.5389004353e+01    1.4677800429e+00    2.0478410405e+03    2.0430000000e+03    0.0000000000e+00   -4.5150933863e+01    9.9312313090e-01    9.9657366618e-01
        17   -4.5403061587e+01    1.5410394573e+00    2.0481290541e+03    2.0460000000e+03    0.0000000000e+00   -4.5291300389e+01    9.9224745886e-01    9.9755620723e-01
        18   -4.5371219302e+01    1.3742694554e+00    2.0477183098e+03    2.0550000000e+03    0.0000000000e+00   -4.5744275664e+01    9.9286153513e-01    9.9562043796e-01
        19   -4.5417169761e+01    1.5136617151e+00    2.0484697730e+03    2.0510000000e+03    0.0000000000e+00   -4.5517596493e+01    9.9406404938e-01    9.9707459776e-01
        20   -4.5442868177e+01    1.5069927725e+00    2.0482609072e+03    2.0530000000e+03    0.0000000000e+00   -4.5661012847e+01    9.9319425309e-01    9.9269361909e-01
        21   -4.5376116182e+01    1.3207514028e+00    2.0472919979e+03    2.0420000000e+03    0.0000000000e+00   -4.5149469434e+01    9.9299631771e-01    9.9657198825e-01
        22   -4.5370488135e+01    1.2436562750e+00    2.0479533966e+03    2.0470000000e+03    0.0000000000e+00   -4.5327276132e+01    9.9378427304e-01    9.9560332193e-01
        23   -4.5366215806e+01    1.3512071349e+00    2.0479563330e+03    2.0470000000e+03    0.0000000000e+00   -4.5321648085e+01    9.9395501917e-01    9.9413776258e-01
        24   -4.5403785798e+01    1.4066613561e+00    2.0483582814e+03    2.0420000000e+03    0.0000000000e+00   -4.5072817062e+01    9.9335899442e-01    9.9608227228e-01
        25   -4.5382644299e+01    1.5075916600e+00    2.0477622795e+03    2.0440000000e+03    0.0000000000e+00   -4.5208282315e+01    9.9248981249e-01    9.9608610568e-01
        26   -4.5426940974e+01    1.5469192019e+00    2.0484951523e+03    2.0530000000e+03    0.0000000000e+00   -4.5626487385e+01    9.9401777265e-01    9.9318071115e-01
        27   -4.5404966674e+01    1.4757069702e+00    2.0477816333e+03    2.0470000000e+03    0.0000000000e+00   -4.5378100924e+01    9.9320092028e-01    9.9560332193e-01
        28   -4.5416194397e+01    2.0788552753e+00    2.0478185633e+03    2.0410000000e+03    0.0000000000e+00   -4.5062584339e+01    9.9333941070e-01    9.9657030867e-01
        29   -4.5373280168e+01    1.5111731176e+00    2.0473719368e+03    2.0430000000e+03    0.0000000000e+00   -4.5171755262e+01    9.9292868972e-01    9.9804209496e-01
        30   -4.5374023310e+01    1.3674569853e+00    2.0478688969e+03    2.0450000000e+03    0.0000000000e+00   -4.5226688400e+01    9.9294389083e-01    9.9804400978e-01
        31   -4.5367869086e+01    1.3693945983e+00    2.0478937926e+03    2.0500000000e+03    0.0000000000e+00   -4.5471631907e+01    9.9370415258e-01    9.9463414634e-01
        32   -4.5388541031e+01    1.2861447469e+00    2.0482118699e+03    2.0470000000e+03    0.0000000000e+00   -4.5319029037e+01    9.9349042870e-01    9.9511480215e-01
        33   -4.5365099842e+01    1.3601775673e+00    2.0477854708e+03    2.0470000000e+03    0.0000000000e+00   -4.5339700981e+01    9.9282923515e-01    9.9706888129e-01
        34   -4.5382181656e+01    1.5130930047e+00    2.0481705448e+03    2.0500000000e+03    0.0000000000e+00   -4.5462708439e+01    9.9239765608e-01    9.9365853659e-01
        35   -4.5367322222e+01    1.4670308911e+00    2.0478930967e+03    2.0490000000e+03    0.0000000000e+00   -4.5430997864e+01    9.9251619977e-01    9.9463152757e-01
        36   -4.5328817592e+01    1.3166777154e+00    2.0476313470e+03    2.0470000000e+03    0.0000000000e+00   -4.5318482172e+01    9.9274058194e-01    9.9462628236e-01
        37   -4.5332139966e+01    1.2485976014e+00    2.0480349301e+03    2.0460000000e+03    0.0000000000e+00   -4.5231113627e+01    9.9272031775e-01    9.9657869013e-01
        38   -4.5333996793e+01    1.2717316323e+00    2.0480066952e+03    2.0480000000e+03    0.0000000000e+00   -4.5332139966e+01    9.9326559851e-01    9.9755859375e-01
        39   -4.5333477540e+01    1.2610461995e+00    2.0479911750e+03    2.0510000000e+03    0.0000000000e+00   -4.5480373984e+01    9.9352235959e-01    9.9463676255e-01
        40   -4.5357438802e+01    1.3253838703e+00    2.0482123908e+03    2.0460000000e+03    0.0000000000e+00   -4.5235773575e+01    9.9341380085e-01    9.9657869013e-01
        41   -4.5332133017e+01    1.3911372107e+00    2.0502092092e+03    2.0500000000e+03    0.0000000000e+00   -4.5334453626e+01    9.9364476497e-01    9.9609756098e-01
        42   -4.5365760805e+01    1.5381602549e+00    2.0510380922e+03    2.0510000000e+03    0.0000000000e+00   -4.5346921943e+01    9.9283654289e-01    9.9609946368e-01
        43   -4.5325643783e+01    1.4746999817e+00    2.0550436752e+03    2.0550000000e+03    0.0000000000e+00   -4.5344428594e+01    9.9241620851e-01    9.9659367397e-01
        44   -4.5324531375e+01    1.6838311079e+00    2.0533491913e+03    2.0540000000e+03    0.0000000000e+00   -4.5350127945e+01    9.9321089756e-01    9.9318403116e-01
        45   -4.5321906650e+01    1.6339808912e+00    2.0485477718e+03    2.0490000000e+03    0.0000000000e+00   -4.5343378951e+01    9.9310072175e-01    9.9609565642e-01
        46   -4.5353958764e+01    1.3621146617e+00    2.0459201586e+03    2.0460000000e+03    0.0000000000e+00   -4.5338853847e+01    9.9279995018e-01    9.9560117302e-01
        47   -4.5340968606e+01    1.4141128995e+00    2.0482313806e+03    2.0480000000e+03    0.0000000000e+00   -4.5337270282e+01    9.9311508025e-01    9.9658203125e-01
        48   -4.5336327240e+01    1.2817204786e+00    2.0449617896e+03    2.0450000000e+03    0.0000000000e+00   -4.5337890424e+01    9.9357471836e-01    9.9657701711e-01
        49   -4.5352729853e+01    1.3461114820e+00    2.0451066025e+03    2.0450000000e+03    0.0000000000e+00   -4.5338069565e+01    9.9313980561e-01    9.9559902200e-01
        50   -4.5331162315e+01    1.2861822129e+00    2.0500794030e+03    2.0500000000e+03    0.0000000000e+00   -4.5340190744e+01    9.9347667656e-01    9.9804878049e-01
        51   -4.5357550633e+01    1.6712056906e+00    2.0559733910e+03    2.0560000000e+03    0.0000000000e+00   -4.5344341953e+01    9.9324478481e-01    9.9610894942e-01
        52   -4.5382786801e+01    1.3356763400e+00    2.0566472791e+03    2.0560000000e+03    0.0000000000e+00   -4.5343568536e+01    9.9317395882e-01    9.9805447471e-01
        53   -4.5410791151e+01    1.4214957087e+00    2.0609759325e+03    2.0600000000e+03    0.0000000000e+00   -4.5346887613e+01    9.9267336845e-01    9.9757281553e-01
        54   -4.5432138556e+01    1.6318538153e+00    2.0673777838e+03    2.0660000000e+03    0.0000000000e+00   -4.5352777534e+01    9.9302360522e-01    9.9612778316e-01
        55   -4.5417849403e+01    1.5072442952e+00    2.0773830474e+03    2.0760000000e+03    0.0000000000e+00   -4.5362057080e+01    9.9359654842e-01    9.9710982659e-01
        56   -4.5409085518e+01    1.5837120902e+00    2.0809533814e+03    2.0800000000e+03    0.0000000000e+00   -4.5369210805e+01    9.9421103664e-01    9.9711538462e-01
        57   -4.5416565428e+01    1.5436923680e+00    2.0818212687e+03    2.0810000000e+03    0.0000000000e+00   -4.5373464563e+01    9.9317736384e-01    9.9519461797e-01
        58   -4.5419626078e+01    1.6012073656e+00    2.0808245224e+03    2.0800000000e+03    0.0000000000e+00   -4.5375850898e+01    9.9288833607e-01    9.9519230769e-01
        59   -4.5395076892e+01    1.8800960243e+00    2.0816361754e+03    2.0810000000e+03    0.0000000000e+00   -4.5379290432e+01    9.9354040165e-01    9.9615569438e-01
        60   -4.5394203758e+01    1.5682448229e+00    2.0913540994e+03    2.0910000000e+03    0.0000000000e+00   -4.5386900329e+01    9.9329383824e-01    9.9569583931e-01
        61   -4.5428790248e+01    1.4943502383e+00    2.1004318956e+03    2.1000000000e+03    0.0000000000e+00   -4.5392574076e+01    9.9258702448e-01    9.9571428571e-01
        62   -4.5418388366e+01    1.6333166930e+00    2.1015693139e+03    2.1010000000e+03    0.0000000000e+00   -4.5394263941e+01    9.9274597141e-01    9.9809614469e-01
        63   -4.5431272073e+01    1.4425254818e+00    2.1054432076e+03    2.1050000000e+03    0.0000000000e+00   -4.5398777987e+01    9.9333908097e-01    9.9572446556e-01
        64   -4.5414117706e+01    1.3736031982e+00    2.1044459437e+03    2.1040000000e+03    0.0000000000e+00   -4.5400263737e+01    9.9357806330e-01    9.9809885932e-01
        65   -4.5394544551e+01    1.7546883225e+00    2.1088442982e+03    2.1090000000e+03    0.0000000000e+00   -4.5404956741e+01    9.9247038267e-01    9.9668089142e-01
        66   -4.5427412350e+01    1.6998343383e+00    2.1087909307e+03    2.1090000000e+03    0.0000000000e+00   -4.5406437939e+01    9.9395581080e-01    9.9525841631e-01
        67   -4.5374274552e+01    1.4495192406e+00    2.1107661428e+03    2.1110000000e+03    0.0000000000e+00   -4.5408032355e+01    9.9298860735e-01    9.9621032686e-01
        68   -4.5388006390e+01    1.5073851819e+00    2.1133740143e+03    2.1140000000e+03    0.0000000000e+00   -4.5411226690e+01    9.9351161249e-01    9.9479659413e-01
        69   -4.5382003522e+01    1.4777575037e+00    2.1094682900e+03    2.1100000000e+03    0.0000000000e+00   -4.5409152268e+01    9.9260735695e-01    9.9526066351e-01
        70   -4.5402117229e+01    1.4742423997e+00    2.1117275864e+03    2.1120000000e+03    0.0000000000e+00   -4.5410388965e+01    9.9346078619e-01    9.9526515152e-01
        71   -4.5404002163e+01    1.4139555623e+00    2.1098292619e+03    2.1100000000e+03    0.0000000000e+00   -4.5409518522e+01    9.9289629136e-01    9.9668246445e-01
        72   -4.5388130554e+01    1.5510826495e+00    2.1076772855e+03    2.1080000000e+03    0.0000000000e+00   -4.5409270922e+01    9.9236013559e-01    9.9525616698e-01
        73   -4.5388515328e+01    1.3821739179e+00    2.1085687380e+03    2.1090000000e+03    0.0000000000e+00   -4.5410460562e+01    9.9253679189e-01    9.9383594120e-01
        74   -4.5395423085e+01    1.4296417479e+00    2.0996611511e+03    2.1000000000e+03    0.0000000000e+00   -4.5406390481e+01    9.9214461209e-01    9.9619047619e-01
        75   -4.5345535741e+01    1.5372788135e+00    2.0972095095e+03    2.0980000000e+03    0.0000000000e+00   -4.5405643317e+01    9.9343306748e-01    9.9761677788e-01
        76   -4.5355275976e+01    1.4535259085e+00    2.1017473030e+03    2.1030000000e+03    0.0000000000e+00   -4.5408409831e+01    9.9317757959e-01    9.9667142178e-01
        77   -4.5331545596e+01    1.4133053514e+00    2.1016243774e+03    2.1030000000e+03    0.0000000000e+00   -4.5407426779e+01    9.9284857535e-01    9.9667142178e-01
        78   -4.5349440307e+01    1.3209243932e+00    2.1075940566e+03    2.1090000000e+03    0.0000000000e+00   -4.5409600794e+01    9.9261846220e-01    9.9288762447e-01
        79   -4.5375124945e+01    1.4277741279e+00    2.0981571787e+03    2.0990000000e+03    0.0000000000e+00   -4.5403599087e+01    9.9302883325e-01    9.9523582658e-01
        80   -4.5392059922e+01    1.5906229119e+00    2.0995978935e+03    2.1000000000e+03    0.0000000000e+00   -4.5403336355e+01    9.9311449657e-01    9.9571428571e-01
        81   -4.5409444642e+01    1.5136322052e+00    2.0989299393e+03    2.0990000000e+03    0.0000000000e+00   -4.5402783520e+01    9.9308609244e-01    9.9666507861e-01
        82   -4.5390812881e+01    1.4355070082e+00    2.1019131497e+03    2.1020000000e+03    0.0000000000e+00   -4.5404542079e+01    9.9325182894e-01    9.9333967650e-01
        83   -4.5395961846e+01    1.3692393888e+00    2.1008855384e+03    2.1010000000e+03    0.0000000000e+00   -4.5404785487e+01    9.9308295074e-01    9.9666825321e-01
        84   -4.5375728376e+01    1.4870785678e+00    2.1025491001e+03    2.1030000000e+03    0.0000000000e+00   -4.5406000078e+01    9.9317696170e-01    9.9524488825e-01
        85   -4.5365346003e+01    1.3671168055e+00    2.1002694103e+03    2.1010000000e+03    0.0000000000e+00   -4.5405414447e+01    9.9208863348e-01    9.9666825321e-01
        86   -4.5384121029e+01    1.5220195304e+00    2.0993350187e+03    2.1000000000e+03    0.0000000000e+00   -4.5404848449e+01    9.9403083743e-01    9.9523809524e-01
        87   -4.5368967027e+01    1.5420741518e+00    2.1033997707e+03    2.1040000000e+03    0.0000000000e+00   -4.5406444403e+01    9.9356425709e-01    9.9667300380e-01
        88   -4.5348715279e+01    1.3406937099e+00    2.1029951882e+03    2.1040000000e+03    0.0000000000e+00   -4.5406541345e+01    9.9355646608e-01    9.9619771863e-01
        89   -4.5351719072e+01    1.4786954314e+00    2.1018192736e+03    2.1030000000e+03    0.0000000000e+00   -4.5405849667e+01    9.9354983062e-01    9.9619591060e-01
        90   -4.5351853613e+01    1.7077047156e+00    2.0988619619e+03    2.1000000000e+03    0.0000000000e+00   -4.5403809451e+01    9.9348266339e-01    9.9761904762e-01
        91   -4.5402502372e+01    1.4856912412e+00    2.0983846044e+03    2.0990000000e+03    0.0000000000e+00   -4.5402803407e+01    9.9314398824e-01    9.9618866127e-01
        92   -4.5409596021e+01    1.6388859082e+00    2.0960149696e+03    2.0960000000e+03    0.0000000000e+00   -4.5400866354e+01    9.9321658577e-01    9.9809160305e-01
        93   -4.5382541852e+01    1.5626304583e+00    2.1027343765e+03    2.1030000000e+03    0.0000000000e+00   -4.5404668467e+01    9.9337984055e-01    9.9619591060e-01
        94   -4.5355780904e+01    1.5354026350e+00    2.1001706480e+03    2.1010000000e+03    0.0000000000e+00   -4.5404299006e+01    9.9298278414e-01    9.9333650643e-01
        95   -4.5332095891e+01    1.3316568700e+00    2.0947633298e+03    2.0960000000e+03    0.0000000000e+00   -4.5401985306e+01    9.9358900400e-01    9.9379770992e-01
        96   -4.5336547132e+01    1.2781353285e+00    2.0927160473e+03    2.0940000000e+03    0.0000000000e+00   -4.5400619271e+01    9.9267491955e-01    9.9522445081e-01
        97   -4.5335124163e+01    1.3072665640e+00    2.0876856902e+03    2.0890000000e+03    0.0000000000e+00   -4.5397416168e+01    9.9370079373e-01    9.9473432264e-01
        98   -4.5337632428e+01    1.3424490833e+00    2.0837855909e+03    2.0850000000e+03    0.0000000000e+00   -4.5394791829e+01    9.9337028042e-01    9.9328537170e-01
        99   -4.5355443994e+01    1.4478735153e+00    2.0771157529e+03    2.0780000000e+03    0.0000000000e+00   -4.5390721027e+01    9.9307560442e-01    9.9615014437e-01
       100   -4.5373392771e+01    1.4567711635e+00    2.0734590433e+03    2.0740000000e+03    0.0000000000e+00   -4.5388151804e+01    9.9291052959e-01    9.9614271938e-01
       101   -4.5377567870e+01    1.4791238299e+00    2.0707437636e+03    2.0710000000e+03    0.0000000000e+00   -4.5386374893e+01    9.9385373430e-01    9.9565427330e-01
       102   -4.5377058107e+01    1.3958782249e+00    2.0668156603e+03    2.0670000000e+03    0.0000000000e+00   -4.5384412329e+01    9.9300063750e-01    9.9419448476e-01
       103   -4.5405111348e+01    1.4165725933e+00    2.0642506368e+03    2.0640000000e+03    0.0000000000e+00   -4.5382997835e+01    9.9299346862e-01    9.9563953488e-01
       104   -4.5384552159e+01    1.4657606117e+00    2.0652277325e+03    2.0650000000e+03    0.0000000000e+00   -4.5383511001e+01    9.9320630752e-01    9.9806295400e-01
       105   -4.5349842248e+01    1.5288125473e+00    2.0725245117e+03    2.0730000000e+03    0.0000000000e+00   -4.5387837098e+01    9.9266970294e-01    9.9469368066e-01
       106   -4.5379312005e+01    1.4911828761e+00    2.0665574486e+03    2.0670000000e+03    0.0000000000e+00   -4.5385072609e+01    9.9347685850e-01    9.9758103532e-01
       107   -4.5378469006e+01    1.5740558565e+00    2.0658025703e+03    2.0660000000e+03    0.0000000000e+00   -4.5384200702e+01    9.9401963287e-01    9.9370764763e-01
       108   -4.5389002402e+01    1.6095268934e+00    2.0620670395e+03    2.0620000000e+03    0.0000000000e+00   -4.5382319511e+01    9.9401138011e-01    9.9757516974e-01
       109   -4.5373855051e+01    1.4410359471e+00    2.0649320239e+03    2.0650000000e+03    0.0000000000e+00   -4.5383816282e+01    9.9330116846e-01    9.9322033898e-01
       110   -4.5370443437e+01    1.7148044995e+00    2.0608081316e+03    2.0610000000e+03    0.0000000000e+00   -4.5382069538e+01    9.9258605855e-01    9.9563318777e-01
       111   -4.5374408342e+01    1.3243337528e+00    2.0588063321e+03    2.0590000000e+03    0.0000000000e+00   -4.5381072088e+01    9.9351345228e-01    9.9514327343e-01
       112   -4.5391924224e+01    1.4062522915e+00    2.0600848682e+03    2.0600000000e+03    0.0000000000e+00   -4.5381484421e+01    9.9308972961e-01    9.9660194175e-01
       113   -4.5366272383e+01    1.4226355832e+00    2.0599481705e+03    2.0600000000e+03    0.0000000000e+00   -4.5381467520e+01    9.9364627832e-01    9.9611650485e-01
       114   -4.5378324803e+01    1.6154199108e+00    2.0608064677e+03    2.0610000000e+03    0.0000000000e+00   -4.5382173096e+01    9.9337063916e-01    9.9369238234e-01
       115   -4.5367547392e+01    1.3910129749e+00    2.0588521506e+03    2.0590000000e+03    0.0000000000e+00   -4.5381074580e+01    9.9304216828e-01    9.9660029140e-01
       116   -4.5367164662e+01    1.4296886018e+00    2.0626732348e+03    2.0630000000e+03    0.0000000000e+00   -4.5383049688e+01    9.9349582744e-01    9.9709161415e-01
       117   -4.5406357515e+01    1.4409673571e+00    2.0680411161e+03    2.0680000000e+03    0.0000000000e+00   -4.5385363855e+01    9.9285552221e-01    9.9564796905e-01
       118   -4.5401296321e+01    1.4219600439e+00    2.0663980845e+03    2.0660000000e+03    0.0000000000e+00   -4.5384287539e+01    9.9377404446e-01    9.9757986447e-01
       119   -4.5369135278e+01    1.4677569276e+00    2.0669632796e+03    2.0670000000e+03    0.0000000000e+00   -4.5385161584e+01    9.9310987755e-01    9.9322689889e-01
       120   -4.5412351901e+01    1.4718800060e+00    2.0661848308e+03    2.0660000000e+03    0.0000000000e+00   -4.5384994790e+01    9.9323075569e-01    9.9515972894e-01
       121   -4.5411065955e+01    1.4812547556e+00    2.0695819396e+03    2.0690000000e+03    0.0000000000e+00   -4.5386358055e+01    9.9252293609e-01    9.9613339778e-01
       122   -4.5416540778e+01    1.5798264524e+00    2.0714411100e+03    2.0710000000e+03    0.0000000000e+00   -4.5387765647e+01    9.9346308049e-01    9.9565427330e-01
       123   -4.5421588994e+01    1.4451201031e+00    2.0675403886e+03    2.0670000000e+03    0.0000000000e+00   -4.5386247625e+01    9.9245843790e-01    9.9322689889e-01
       124   -4.5395841320e+01    1.4894365606e+00    2.0605674641e+03    2.0600000000e+03    0.0000000000e+00   -4.5383325895e+01    9.9348436217e-01    9.9708737864e-01
       125   -4.5364323665e+01    1.6151477786e+00    2.0618747949e+03    2.0620000000e+03    0.0000000000e+00   -4.5384815185e+01    9.9256478178e-01    9.9369544132e-01
       126   -4.5378569845e+01    1.4724592075e+00    2.0548071784e+03    2.0550000000e+03    0.0000000000e+00   -4.5381622075e+01    9.9452101425e-01    9.9610705596e-01
       127   -4.5396375636e+01    1.3768051585e+00    2.0501241092e+03    2.0500000000e+03    0.0000000000e+00   -4.5379026408e+01    9.9311128640e-01    9.9853658537e-01
       128   -4.5367980924e+01    1.4702151306e+00    2.0569341686e+03    2.0570000000e+03    0.0000000000e+00   -4.5382441129e+01    9.9301587632e-01    9.9659698590e-01
       129   -4.5393595334e+01    1.5469330922e+00    2.0569403513e+03    2.0570000000e+03    0.0000000000e+00   -4.5382646965e+01    9.9308952014e-01    9.9611084103e-01
       130   -4.5380784297e+01    1.7400518754e+00    2.0580841047e+03    2.0580000000e+03    0.0000000000e+00   -4.5383018757e+01    9.9351936885e-01    9.9514091351e-01
       131   -4.5426931261e+01    1.5481570245e+00    2.0574206031e+03    2.0570000000e+03    0.0000000000e+00   -4.5382702483e+01    9.9306727664e-01    9.9513855129e-01
       132   -4.5404783594e+01    1.4749711448e+00    2.0596787463e+03    2.0590000000e+03    0.0000000000e+00   -4.5383701113e+01    9.9346103499e-01    9.9465760078e-01
       133   -4.5404640502e+01    1.3694472416e+00    2.0574650737e+03    2.0570000000e+03    0.0000000000e+00   -4.5383251735e+01    9.9353395927e-01    9.9465240642e-01
       134   -4.5406237089e+01    1.4973881871e+00    2.0504916758e+03    2.0500000000e+03    0.0000000000e+00   -4.5380118628e+01    9.9333694587e-01    9.9707317073e-01
       135   -4.5397736743e+01    1.4359960852e+00    2.0524006493e+03    2.0520000000e+03    0.0000000000e+00   -4.5381362161e+01    9.9300973361e-01    9.9902534113e-01
       136   -4.5410768911e+01    1.4871856583e+00    2.0603334192e+03    2.0600000000e+03    0.0000000000e+00   -4.5385532656e+01    9.9283875414e-01    9.9271844660e-01
       137   -4.5432926362e+01    1.6629226334e+00    2.0547344591e+03    2.0540000000e+03    0.0000000000e+00   -4.5382801830e+01    9.9351376697e-01    9.9415774099e-01
       138   -4.5426325707e+01    1.4002465705e+00    2.0579012206e+03    2.0570000000e+03    0.0000000000e+00   -4.5384576558e+01    9.9362889284e-01    9.9708313077e-01
       139   -4.5438235217e+01    1.5340334365e+00    2.0609725742e+03    2.0600000000e+03    0.0000000000e+00   -4.5386566604e+01    9.9302026125e-01    9.9757281553e-01
       140   -4.5369681677e+01    1.3272295240e+00    2.0612761078e+03    2.0610000000e+03    0.0000000000e+00   -4.5387507937e+01    9.9258796393e-01    9.9660359049e-01
       141   -4.5397506062e+01    1.3380304579e+00    2.0628777320e+03    2.0630000000e+03    0.0000000000e+00   -4.5389042769e+01    9.9348165219e-01    9.9515269026e-01
       142   -4.5412946957e+01    1.3781062391e+00    2.0633851797e+03    2.0630000000e+03    0.0000000000e+00   -4.5388924499e+01    9.9404775302e-01    9.9515269026e-01
       143   -4.5403771987e+01    1.3927993762e+00    2.0584487711e+03    2.0580000000e+03    0.0000000000e+00   -4.5386652068e+01    9.9416057136e-01    9.9562682216e-01
       144   -4.5368540248e+01    1.6228880179e+00    2.0569215210e+03    2.0570000000e+03    0.0000000000e+00   -4.5386465713e+01    9.9324293500e-01    9.9708313077e-01
       145   -4.5385146485e+01    1.3090995615e+00    2.0566044396e+03    2.0570000000e+03    0.0000000000e+00   -4.5386672295e+01    9.9362704683e-01    9.9368011667e-01
       146   -4.5381717634e+01    1.4529523977e+00    2.0480276241e+03    2.0480000000e+03    0.0000000000e+00   -4.5382157702e+01    9.9297564259e-01    9.9462890625e-01
       147   -4.5373426459e+01    1.4640474837e+00    2.0409534861e+03    2.0410000000e+03    0.0000000000e+00   -4.5378761811e+01    9.9394762013e-01    9.9755022048e-01
       148   -4.5401500678e+01    1.3340870789e+00    2.0411152051e+03    2.0410000000e+03    0.0000000000e+00   -4.5378757478e+01    9.9312692547e-01    9.9804017638e-01
       149   -4.5401532856e+01    1.2841375178e+00    2.0404204072e+03    2.0400000000e+03    0.0000000000e+00   -4.5378187082e+01    9.9321536271e-01    9.9901960784e-01
       150   -4.5379735305e+01    1.3284487794e+00    2.0511450244e+03    2.0510000000e+03    0.0000000000e+00   -4.5383741114e+01    9.9324548729e-01    9.9902486592e-01
       151   -4.5377328583e+01    1.3390949966e+00    2.0607587393e+03    2.0610000000e+03    0.0000000000e+00   -4.5388778410e+01    9.9324726358e-01    9.9417758370e-01
       152   -4.5371399432e+01    1.3599940277e+00    2.0547955298e+03    2.0550000000e+03    0.0000000000e+00   -4.5385838710e+01    9.9264794157e-01    9.9270072993e-01
       153   -4.5358189244e+01    1.3562848087e+00    2.0466961413e+03    2.0470000000e+03    0.0000000000e+00   -4.5381893054e+01    9.9382826598e-01    9.9609184172e-01
       154   -4.5377498974e+01    1.3797756384e+00    2.0436991246e+03    2.0440000000e+03    0.0000000000e+00   -4.5380330086e+01    9.9324947676e-01    9.9657534247e-01
       155   -4.5372789450e+01    1.3010416958e+00    2.0439050944e+03    2.0440000000e+03    0.0000000000e+00   -4.5380120557e+01    9.9384572746e-01    9.9706457926e-01
       156   -4.5385605297e+01    1.4566450035e+00    2.0459385759e+03    2.0460000000e+03    0.0000000000e+00   -4.5381059099e+01    9.9313046531e-01    9.9706744868e-01
       157   -4.5363592554e+01    1.4441116931e+00    2.0438501264e+03    2.0440000000e+03    0.0000000000e+00   -4.5380002072e+01    9.9385162571e-01    9.9461839530e-01
       158   -4.5371928373e+01    1.3231682754e+00    2.0337852671e+03    2.0340000000e+03    0.0000000000e+00   -4.5375128614e+01    9.9318967337e-01    9.9754178958e-01
       159   -4.5323338951e+01    1.3770606361e+00    2.0354361431e+03    2.0360000000e+03    0.0000000000e+00   -4.5375956831e+01    9.9332085299e-01    9.9508840864e-01
       160   -4.5344639233e+01    1.2860321664e+00    2.0341561421e+03    2.0350000000e+03    0.0000000000e+00   -4.5375383009e+01    9.9383705074e-01    9.9557739558e-01
       161   -4.5340550305e+01    1.3669388110e+00    2.0323799535e+03    2.0330000000e+03    0.0000000000e+00   -4.5373916982e+01    9.9378354684e-01    9.9606492868e-01
       162   -4.5348594139e+01    1.5081031074e+00    2.0294250230e+03    2.0300000000e+03    0.0000000000e+00   -4.5372140003e+01    9.9418060961e-01    9.9704433498e-01
       163   -4.5356090313e+01    1.2999772994e+00    2.0275917135e+03    2.0280000000e+03    0.0000000000e+00   -4.5370825697e+01    9.9213337615e-01    9.9704142012e-01
       164   -4.5357569299e+01    1.5351842274e+00    2.0267317337e+03    2.0270000000e+03    0.0000000000e+00   -4.5370074050e+01    9.9364247232e-01    9.9802664036e-01
       165   -4.5377038300e+01    1.6242336291e+00    2.0277215731e+03    2.0280000000e+03    0.0000000000e+00   -4.5370372944e+01    9.9292688530e-01    9.9556213018e-01
       166   -4.5354155927e+01    1.4407556704e+00    2.0267479221e+03    2.0270000000e+03    0.0000000000e+00   -4.5369700223e+01    9.9334193034e-01    9.9457326098e-01
       167   -4.5371164206e+01    1.4790650227e+00    2.0218959655e+03    2.0220000000e+03    0.0000000000e+00   -4.5367207100e+01    9.9430172529e-01    9.9703264095e-01
       168   -4.5371923911e+01    1.4092552246e+00    2.0220347910e+03    2.0220000000e+03    0.0000000000e+00   -4.5367005321e+01    9.9298385565e-01    9.9208704253e-01
       169   -4.5374407994e+01    1.3896812880e+00    2.0132333939e+03    2.0130000000e+03    0.0000000000e+00   -4.5362477543e+01    9.9321534127e-01    9.9751614506e-01
       170   -4.5384507258e+01    1.4239967743e+00    2.0162928486e+03    2.0160000000e+03    0.0000000000e+00   -4.5363906815e+01    9.9299637475e-01    9.9652777778e-01
       171   -4.5340738415e+01    1.3929948647e+00    2.0189625827e+03    2.0190000000e+03    0.0000000000e+00   -4.5365353749e+01    9.9251815488e-01    9.9653293710e-01
       172   -4.5349169916e+01    1.4345397114e+00    2.0225752120e+03    2.0230000000e+03    0.0000000000e+00   -4.5367370029e+01    9.9205865106e-01    9.9258526940e-01
       173   -4.5371103063e+01    1.4640273369e+00    2.0190055694e+03    2.0190000000e+03    0.0000000000e+00   -4.5365098226e+01    9.9315057259e-01    9.9455175830e-01
       174   -4.5362498774e+01    1.5263070107e+00    2.0180740986e+03    2.0180000000e+03    0.0000000000e+00   -4.5364377512e+01    9.9385117340e-01    9.9256689792e-01
       175   -4.5377915937e+01    1.5392498097e+00    2.0172438115e+03    2.0170000000e+03    0.0000000000e+00   -4.5363822359e+01    9.9402330779e-01    9.9652949926e-01
       176   -4.5369716510e+01    1.4729453456e+00    2.0172176314e+03    2.0170000000e+03    0.0000000000e+00   -4.5363700476e+01    9.9240623023e-01    9.9603371344e-01
       177   -4.5363846843e+01    1.3335096712e+00    2.0170394210e+03    2.0170000000e+03    0.0000000000e+00   -4.5363692907e+01    9.9401722657e-01    9.9752107090e-01
       178   -4.5367001457e+01    1.5047794690e+00    2.0199665346e+03    2.0200000000e+03    0.0000000000e+00   -4.5365112284e+01    9.9304391358e-01    9.9702970297e-01
       179   -4.5384229172e+01    1.3720207627e+00    2.0251644643e+03    2.0250000000e+03    0.0000000000e+00   -4.5367476332e+01    9.9321865963e-01    9.9604938272e-01
       180   -4.5352931734e+01    1.4148319636e+00    2.0260273028e+03    2.0260000000e+03    0.0000000000e+00   -4.5367885973e+01    9.9353604717e-01    9.9753208292e-01
       181   -4.5344281971e+01    1.4415083803e+00    2.0305366055e+03    2.0310000000e+03    0.0000000000e+00   -4.5370390161e+01    9.9438247063e-01    9.9606105367e-01
       182   -4.5371021465e+01    1.3776170396e+00    2.0347512122e+03    2.0350000000e+03    0.0000000000e+00   -4.5372176051e+01    9.9304579598e-01    9.9459459459e-01
       183   -4.5387762317e+01    1.3815302833e+00    2.0302144535e+03    2.0300000000e+03    0.0000000000e+00   -4.5369476431e+01    9.9340152688e-01    9.9704433498e-01
       184   -4.5393152786e+01    1.2874063409e+00    2.0293928120e+03    2.0290000000e+03    0.0000000000e+00   -4.5368933123e+01    9.9367055400e-01    9.9408575653e-01
       185   -4.5372967481e+01    1.2362223299e+00    2.0283554188e+03    2.0280000000e+03    0.0000000000e+00   -4.5368505724e+01    9.9242222667e-01    9.9654832347e-01
       186   -4.5377948919e+01    1.5308813274e+00    2.0280597598e+03    2.0280000000e+03    0.0000000000e+00   -4.5368607323e+01    9.9342492641e-01    9.9556213018e-01
       187   -4.5390186213e+01    1.3985304933e+00    2.0272847389e+03    2.0270000000e+03    0.0000000000e+00   -4.5368077006e+01    9.9335925394e-01    9.9555994080e-01
       188   -4.5384100058e+01    1.3164754535e+00    2.0274229235e+03    2.0270000000e+03    0.0000000000e+00   -4.5368074068e+01    9.9315663410e-01    9.9605328071e-01
       189   -4.5380196981e+01    1.4804606716e+00    2.0272098333e+03    2.0270000000e+03    0.0000000000e+00   -4.5368153298e+01    9.9407773744e-01    9.9605328071e-01
       190   -4.5389002500e+01    1.3328478863e+00    2.0262640766e+03    2.0260000000e+03    0.0000000000e+00   -4.5367697436e+01    9.9354175899e-01    9.9605133268e-01
       191   -4.5370174700e+01    1.3520434506e+00    2.0242105980e+03    2.0240000000e+03    0.0000000000e+00   -4.5366721035e+01    9.9371310910e-01    9.9654150198e-01
       192   -4.5392208292e+01    1.4386989744e+00    2.0252692315e+03    2.0250000000e+03    0.0000000000e+00   -4.5367284020e+01    9.9322189016e-01    9.9506172840e-01
       193   -4.5371398011e+01    1.3752798519e+00    2.0243042123e+03    2.0240000000e+03    0.0000000000e+00   -4.5366735147e+01    9.9272702613e-01    9.9505928854e-01
       194   -4.5381172401e+01    1.4488051825e+00    2.0232417830e+03    2.0230000000e+03    0.0000000000e+00   -4.5366329819e+01    9.9356415666e-01    9.9456253089e-01
       195   -4.5387694459e+01    1.4526673043e+00    2.0214571827e+03    2.0210000000e+03    0.0000000000e+00   -4.5365294157e+01    9.9409322458e-01    9.9505195448e-01
       196   -4.5399388170e+01    1.5173195358e+00    2.0196294463e+03    2.0190000000e+03    0.0000000000e+00   -4.5364320770e+01    9.9299210932e-01    9.9752352650e-01
       197   -4.5408012547e+01    1.3858354040e+00    2.0297047353e+03    2.0290000000e+03    0.0000000000e+00   -4.5369319531e+01    9.9364417237e-01    9.9457861015e-01
       198   -4.5386191470e+01    1.5557698205e+00    2.0315322801e+03    2.0310000000e+03    0.0000000000e+00   -4.5370436070e+01    9.9290305266e-01    9.9655342196e-01
       199   -4.5361052312e+01    1.3545952749e+00    2.0310306015e+03    2.0310000000e+03    0.0000000000e+00   -4.5370619976e+01    9.9307804404e-01    9.9606105367e-01
       200   -4.5343691665e+01    1.5395604200e+00    2.0335993424e+03    2.0340000000e+03    0.0000000000e+00   -4.5372141216e+01    9.9310421350e-01    9.9557522124e-01
       201   -4.5373289345e+01    1.4088770321e+00    2.0386945071e+03    2.0390000000e+03    0.0000000000e+00   -4.5374484930e+01    9.9339468820e-01    9.9656694458e-01
       202   -4.5381576374e+01    1.4080252677e+00    2.0400467416e+03    2.0400000000e+03    0.0000000000e+00   -4.5374757978e+01    9.9374496222e-01    9.9803921569e-01
       203   -4.5343311727e+01    1.5162673292e+00    2.0426845425e+03    2.0430000000e+03    0.0000000000e+00   -4.5376194464e+01    9.9354376884e-01    9.9559471366e-01
       204   -4.5371197844e+01    1.6345333474e+00    2.0466210380e+03    2.0470000000e+03    0.0000000000e+00   -4.5378168367e+01    9.9249077712e-01    9.9560332193e-01
       205   -4.5369023236e+01    1.3807038714e+00    2.0468656393e+03    2.0470000000e+03    0.0000000000e+00   -4.5377954154e+01    9.9322727657e-01    9.9658036150e-01
       206   -4.5347565341e+01    1.3751518272e+00    2.0426221545e+03    2.0430000000e+03    0.0000000000e+00   -4.5375954521e+01    9.9323246387e-01    9.9706314244e-01
       207   -4.5356996999e+01    1.3541471869e+00    2.0464453234e+03    2.0470000000e+03    0.0000000000e+00   -4.5377854370e+01    9.9347183341e-01    9.9560332193e-01
       208   -4.5392247566e+01    1.3757148851e+00    2.0459493408e+03    2.0460000000e+03    0.0000000000e+00   -4.5377182531e+01    9.9423862050e-01    9.9706744868e-01
       209   -4.5399761114e+01    1.3910239135e+00    2.0533121338e+03    2.0530000000e+03    0.0000000000e+00   -4.5380472780e+01    9.9306281526e-01    9.9415489528e-01
       210   -4.5358579915e+01    1.5561497631e+00    2.0530379447e+03    2.0530000000e+03    0.0000000000e+00   -4.5380556387e+01    9.9337788036e-01    9.9659035558e-01
       211   -4.5377345181e+01    1.4397629570e+00    2.0536993895e+03    2.0540000000e+03    0.0000000000e+00   -4.5381169928e+01    9.9316287717e-01    9.9513145083e-01
       212   -4.5405479247e+01    1.6099142895e+00    2.0581748151e+03    2.0580000000e+03    0.0000000000e+00   -4.5383001125e+01    9.9334161169e-01    9.9368318756e-01
       213   -4.5377402502e+01    1.3716931734e+00    2.0502565637e+03    2.0500000000e+03    0.0000000000e+00   -4.5379101743e+01    9.9350108309e-01    9.9463414634e-01
       214   -4.5351775768e+01    1.3950758446e+00    2.0487330765e+03    2.0490000000e+03    0.0000000000e+00   -4.5378771024e+01    9.9256086825e-01    9.9560761347e-01
       215   -4.5372802658e+01    1.3432564420e+00    2.0466613580e+03    2.0470000000e+03    0.0000000000e+00   -4.5377789431e+01    9.9251369220e-01    9.9560332193e-01
       216   -4.5348555441e+01    1.2729631355e+00    2.0446941348e+03    2.0450000000e+03    0.0000000000e+00   -4.5376661334e+01    9.9318225961e-01    9.9559902200e-01
       217   -4.5342018645e+01    1.3146295050e+00    2.0453361206e+03    2.0460000000e+03    0.0000000000e+00   -4.5377120129e+01    9.9336336108e-01    9.9657869013e-01
       218   -4.5341221195e+01    1.4105278704e+00    2.0522265453e+03    2.0530000000e+03    0.0000000000e+00   -4.5380369635e+01    9.9346744863e-01    9.9512907940e-01
       219   -4.5350332749e+01    1.3772706553e+00    2.0493528838e+03    2.0500000000e+03    0.0000000000e+00   -4.5378706661e+01    9.9334489809e-01    9.9658536585e-01
       220   -4.5351710319e+01    1.4761486283e+00    2.0533834617e+03    2.0540000000e+03    0.0000000000e+00   -4.5380453150e+01    9.9304001364e-01    9.9610516066e-01
       221   -4.5363752446e+01    1.5754924022e+00    2.0485621101e+03    2.0490000000e+03    0.0000000000e+00   -4.5377865659e+01    9.9343861227e-01    9.9609565642e-01
       222   -4.5354739567e+01    1.5489990763e+00    2.0466081147e+03    2.0470000000e+03    0.0000000000e+00   -4.5376748068e+01    9.9321422242e-01    9.9804592086e-01
       223   -4.5323510273e+01    1.4017060715e+00    2.0541566695e+03    2.0550000000e+03    0.0000000000e+00   -4.5380574926e+01    9.9344794445e-01    9.9513381995e-01
       224   -4.5341719259e+01    1.6102264850e+00    2.0530528500e+03    2.0540000000e+03    0.0000000000e+00   -4.5379966324e+01    9.9332765797e-01    9.9659201558e-01
       225   -4.5356465932e+01    1.4919985863e+00    2.0603201649e+03    2.0610000000e+03    0.0000000000e+00   -4.5383079160e+01    9.9298282920e-01    9.9514798641e-01
       226   -4.5367755768e+01    1.5165469986e+00    2.0615727125e+03    2.0620000000e+03    0.0000000000e+00   -4.5383375898e+01    9.9375212184e-01    9.9369544132e-01
       227   -4.5341953684e+01    1.3237426842e+00    2.0525417575e+03    2.0530000000e+03    0.0000000000e+00   -4.5378894178e+01    9.9314498926e-01    9.9659035558e-01
       228   -4.5371689079e+01    1.2487895021e+00    2.0495543926e+03    2.0500000000e+03    0.0000000000e+00   -4.5377385557e+01    9.9299829749e-01    9.9756097561e-01
       229   -4.5421347502e+01    1.6125348955e+00    2.0582521054e+03    2.0580000000e+03    0.0000000000e+00   -4.5381098095e+01    9.9312766443e-01    9.9611273081e-01
       230   -4.5405635854e+01    1.4304790387e+00    2.0616370554e+03    2.0610000000e+03    0.0000000000e+00   -4.5382530875e+01    9.9223578548e-01    9.9660359049e-01
       231   -4.5376251179e+01    1.4215806582e+00    2.0611458466e+03    2.0610000000e+03    0.0000000000e+00   -4.5382767232e+01    9.9283420368e-01    9.9466278506e-01
       232   -4.5376152807e+01    1.3723319339e+00    2.0628963406e+03    2.0630000000e+03    0.0000000000e+00   -4.5383889228e+01    9.9344251902e-01    9.9660688318e-01
       233   -4.5337849955e+01    1.4289164783e+00    2.0654958392e+03    2.0660000000e+03    0.0000000000e+00   -4.5385340600e+01    9.9365777185e-01    9.9467570184e-01
       234   -4.5360867686e+01    1.4585228539e+00    2.0612681420e+03    2.0620000000e+03    0.0000000000e+00   -4.5383400362e+01    9.9295118357e-01    9.9612027158e-01
       235   -4.5377554234e+01    1.5555532040e+00    2.0626917765e+03    2.0630000000e+03    0.0000000000e+00   -4.5383686555e+01    9.9274462921e-01    9.9272903539e-01
       236   -4.5367404100e+01    1.4330338987e+00    2.0578481985e+03    2.0580000000e+03    0.0000000000e+00   -4.5381180768e+01    9.9431131488e-01    9.9222546161e-01
       237   -4.5350086699e+01    1.3846582622e+00    2.0486855189e+03    2.0490000000e+03    0.0000000000e+00   -4.5376804317e+01    9.9259730156e-01    9.9658369937e-01
       238   -4.5379101845e+01    1.3901536363e+00    2.0477150705e+03    2.0480000000e+03    0.0000000000e+00   -4.5376271144e+01    9.9316428714e-01    9.9609375000e-01
       239   -4.5394963389e+01    1.4126849199e+00    2.0492339007e+03    2.0490000000e+03    0.0000000000e+00   -4.5376627726e+01    9.9313035989e-01    9.9755978526e-01
       240   -4.5351119001e+01    1.3783701743e+00    2.0488850031e+03    2.0490000000e+03    0.0000000000e+00   -4.5376642538e+01    9.9282722923e-01    9.9560761347e-01
       241   -4.5371536059e+01    1.3380682026e+00    2.0457195199e+03    2.0460000000e+03    0.0000000000e+00   -4.5375270913e+01    9.9290620277e-01    9.9462365591e-01
       242   -4.5349176685e+01    1.3973825144e+00    2.0397876619e+03    2.0400000000e+03    0.0000000000e+00   -4.5372209653e+01    9.9287562539e-01    9.9754901961e-01
       243   -4.5363489650e+01    1.3521528995e+00    2.0486231114e+03    2.0490000000e+03    0.0000000000e+00   -4.5376589116e+01    9.9358540946e-01    9.9219131284e-01
       244   -4.5384406092e+01    1.3524690526e+00    2.0420780172e+03    2.0420000000e+03    0.0000000000e+00   -4.5373034984e+01    9.9258200327e-01    9.9657198825e-01
       245   -4.5387431521e+01    1.3290329827e+00    2.0422583976e+03    2.0420000000e+03    0.0000000000e+00   -4.5372974110e+01    9.9254031179e-01    9.9510284035e-01
       246   -4.5376754234e+01    1.4581356626e+00    2.0382112721e+03    2.0380000000e+03    0.0000000000e+00   -4.5371054577e+01    9.9299927824e-01    9.9460255152e-01
       247   -4.5385916460e+01    1.3099072654e+00    2.0322592901e+03    2.0320000000e+03    0.0000000000e+00   -4.5368161641e+01    9.9348394716e-01    9.9507874016e-01
       248   -4.5405842263e+01    1.3000532334e+00    2.0305753690e+03    2.0300000000e+03    0.0000000000e+00   -4.5367180508e+01    9.9249140567e-01    9.9359605911e-01
       249   -4.5422454140e+01    1.4427236133e+00    2.0289942566e+03    2.0280000000e+03    0.0000000000e+00   -4.5366242207e+01    9.9289653571e-01    9.9506903353e-01
       250   -4.5420884993e+01    1.5086399798e+00    2.0291184422e+03    2.0280000000e+03    0.0000000000e+00   -4.5366384047e+01    9.9362286877e-01    9.9654832347e-01
       251   -4.5395467484e+01    1.4932858929e+00    2.0357661680e+03    2.0350000000e+03    0.0000000000e+00   -4.5370049006e+01    9.9292923563e-01    9.9606879607e-01
       252   -4.5402527623e+01    1.5892605829e+00    2.0335612451e+03    2.0330000000e+03    0.0000000000e+00   -4.5369275477e+01    9.9402845588e-01    9.9311362518e-01
       253   -4.5394091176e+01    1.4369354961e+00    2.0306533021e+03    2.0300000000e+03    0.0000000000e+00   -4.5367887190e+01    9.9334611409e-01    9.9753694581e-01
       254   -4.5397842731e+01    1.3100512341e+00    2.0334821946e+03    2.0330000000e+03    0.0000000000e+00   -4.5369484550e+01    9.9350207147e-01    9.9508116085e-01
       255   -4.5353034000e+01    1.3478731810e+00    2.0341067913e+03    2.0340000000e+03    0.0000000000e+00   -4.5370056571e+01    9.9354674056e-01    9.9754178958e-01
       256   -4.5394166768e+01    1.5006397698e+00    2.0340214691e+03    2.0340000000e+03    0.0000000000e+00   -4.5370153454e+01    9.9292455652e-01    9.9606686332e-01
       257   -4.5391669529e+01    1.5146602455e+00    2.0354718371e+03    2.0350000000e+03    0.0000000000e+00   -4.5370534474e+01    9.9355796499e-01    9.9459459459e-01
       258   -4.5369807822e+01    1.3997983098e+00    2.0302409676e+03    2.0300000000e+03    0.0000000000e+00   -4.5368153643e+01    9.9251040589e-01    9.9507389163e-01
       259   -4.5353190617e+01    1.8457943941e+00    2.0258942161e+03    2.0260000000e+03    0.0000000000e+00   -4.5366248324e+01    9.9357739151e-01    9.9407699901e-01
       260   -4.5363406263e+01    1.3593806270e+00    2.0188928447e+03    2.0190000000e+03    0.0000000000e+00   -4.5362754345e+01    9.9409889406e-01    9.9554234770e-01
       261   -4.5370625626e+01    1.4704622234e+00    2.0181332129e+03    2.0180000000e+03    0.0000000000e+00   -4.5362151121e+01    9.9227936153e-01    9.9653121903e-01
       262   -4.5359690872e+01    1.4326850444e+00    2.0190408038e+03    2.0190000000e+03    0.0000000000e+00   -4.5362585721e+01    9.9392167231e-01    9.9801882120e-01
       263   -4.5349635123e+01    1.6583984211e+00    2.0237492165e+03    2.0240000000e+03    0.0000000000e+00   -4.5365031234e+01    9.9214052689e-01    9.9654150198e-01
       264   -4.5343730309e+01    1.3278686602e+00    2.0225921764e+03    2.0230000000e+03    0.0000000000e+00   -4.5364460575e+01    9.9359004318e-01    9.9505684627e-01
       265   -4.5371101471e+01    1.5802120044e+00    2.0168780739e+03    2.0170000000e+03    0.0000000000e+00   -4.5361369797e+01    9.9305900529e-01    9.9553792762e-01
       266   -4.5329429223e+01    1.3484628100e+00    2.0187580080e+03    2.0190000000e+03    0.0000000000e+00   -4.5362215338e+01    9.9229902265e-01    9.9702823180e-01
       267   -4.5359556932e+01    1.3928845472e+00    2.0185844950e+03    2.0190000000e+03    0.0000000000e+00   -4.5362191659e+01    9.9374925859e-01    9.9900941060e-01
       268   -4.5346777964e+01    1.4984886088e+00    2.0257003438e+03    2.0260000000e+03    0.0000000000e+00   -4.5365446480e+01    9.9416618845e-01    9.9703849951e-01
       269   -4.5370334126e+01    1.4044794639e+00    2.0288365881e+03    2.0290000000e+03    0.0000000000e+00   -4.5366853254e+01    9.9318987690e-01    9.9359290291e-01
       270   -4.5393718705e+01    1.3553206349e+00    2.0233611621e+03    2.0230000000e+03    0.0000000000e+00   -4.5363763943e+01    9.9263679787e-01    9.9505684627e-01
       271   -4.5411962456e+01    1.3702089071e+00    2.0208100810e+03    2.0200000000e+03    0.0000000000e+00   -4.5362255169e+01    9.9384056552e-01    9.9504950495e-01
       272   -4.5380645613e+01    1.5762598446e+00    2.0187021203e+03    2.0180000000e+03    0.0000000000e+00   -4.5361340861e+01    9.9350463254e-01    9.9653121903e-01
       273   -4.5379312345e+01    1.5541994779e+00    2.0193548556e+03    2.0190000000e+03    0.0000000000e+00   -4.5361990205e+01    9.9212077005e-01    9.9752352650e-01
       274   -4.5367183466e+01    1.4002377423e+00    2.0321804670e+03    2.0320000000e+03    0.0000000000e+00   -4.5368427173e+01    9.9238289750e-01    9.9704724409e-01
       275   -4.5387864364e+01    1.3298431110e+00    2.0391725135e+03    2.0390000000e+03    0.0000000000e+00   -4.5371879080e+01    9.9373000328e-01    9.9705738107e-01
       276   -4.5418984705e+01    1.4696703784e+00    2.0495874639e+03    2.0490000000e+03    0.0000000000e+00   -4.5376732899e+01    9.9384038485e-01    9.9707174231e-01
       277   -4.5387508005e+01    1.3854280454e+00    2.0514814542e+03    2.0510000000e+03    0.0000000000e+00   -4.5377757537e+01    9.9314920730e-01    9.9463676255e-01
       278   -4.5387788291e+01    2.5215563520e+00    2.0440174122e+03    2.0440000000e+03    0.0000000000e+00   -4.5374518103e+01    9.9370718773e-01    9.9755381605e-01
       279   -4.5416765592e+01    1.3878687015e+00    2.0532501988e+03    2.0530000000e+03    0.0000000000e+00   -4.5378957740e+01    9.9223264498e-01    9.9707744764e-01
       280   -4.5400968595e+01    1.7136883298e+00    2.0525075686e+03    2.0520000000e+03    0.0000000000e+00   -4.5378517484e+01    9.9394010202e-01    9.9512670565e-01
       281   -4.5387128748e+01    1.3606474942e+00    2.0482301476e+03    2.0480000000e+03    0.0000000000e+00   -4.5376733066e+01    9.9343883034e-01    9.9560546875e-01
       282   -4.5372372809e+01    1.2690223148e+00    2.0470778613e+03    2.0470000000e+03    0.0000000000e+00   -4.5376344812e+01    9.9293275019e-01    9.9658036150e-01
       283   -4.5360052161e+01    1.3897012617e+00    2.0487501185e+03    2.0490000000e+03    0.0000000000e+00   -4.5377363743e+01    9.9291446490e-01    9.9609565642e-01
       284   -4.5365673069e+01    1.3828363673e+00    2.0456977765e+03    2.0460000000e+03    0.0000000000e+00   -4.5375880087e+01    9.9352111532e-01    9.9560117302e-01
       285   -4.5357100825e+01    1.3890557114e+00    2.0437252491e+03    2.0440000000e+03    0.0000000000e+00   -4.5374833500e+01    9.9308943685e-01    9.9706457926e-01
       286   -4.5364726504e+01    1.3438403214e+00    2.0436947147e+03    2.0440000000e+03    0.0000000000e+00   -4.5374788316e+01    9.9274004361e-01    9.9755381605e-01
       287   -4.5334182955e+01    1.3829688996e+00    2.0444518487e+03    2.0450000000e+03    0.0000000000e+00   -4.5375197908e+01    9.9248041224e-01    9.9266503667e-01
       288   -4.5349628831e+01    1.3289273472e+00    2.0374307117e+03    2.0380000000e+03    0.0000000000e+00   -4.5371720919e+01    9.9276268258e-01    9.9705593719e-01
       289   -4.5375256887e+01    1.8045333114e+00    2.0366713898e+03    2.0370000000e+03    0.0000000000e+00   -4.5371059709e+01    9.9393749554e-01    9.9214531173e-01
       290   -4.5355515883e+01    1.4646879643e+00    2.0248616803e+03    2.0250000000e+03    0.0000000000e+00   -4.5365044007e+01    9.9252292778e-01    9.9654320988e-01
       291   -4.5374093131e+01    1.4428162276e+00    2.0249784906e+03    2.0250000000e+03    0.0000000000e+00   -4.5365039699e+01    9.9359726463e-01    9.9506172840e-01
       292   -4.5346844734e+01    1.4541758571e+00    2.0219339209e+03    2.0220000000e+03    0.0000000000e+00   -4.5363474509e+01    9.9329002606e-01    9.9505440158e-01
       293   -4.5349695410e+01    1.3335625305e+00    2.0206946112e+03    2.0210000000e+03    0.0000000000e+00   -4.5362971297e+01    9.9333620579e-01    9.9752597724e-01
       294   -4.5315157329e+01    1.3384687356e+00    2.0203273690e+03    2.0210000000e+03    0.0000000000e+00   -4.5362855558e+01    9.9329298841e-01    9.9604156358e-01
       295   -4.5327177178e+01    1.2165783224e+00    2.0171740909e+03    2.0180000000e+03    0.0000000000e+00   -4.5361266389e+01    9.9323867733e-01    9.9752229931e-01
       296   -4.5342549496e+01    1.3589658342e+00    2.0184161356e+03    2.0190000000e+03    0.0000000000e+00   -4.5361524049e+01    9.9343722720e-01    9.9653293710e-01
       297   -4.5365626602e+01    1.2308815358e+00    2.0208482955e+03    2.0210000000e+03    0.0000000000e+00   -4.5362325011e+01    9.9284922762e-01    9.9851558634e-01
       298   -4.5371666277e+01    1.3139476642e+00    2.0310480700e+03    2.0310000000e+03    0.0000000000e+00   -4.5367132767e+01    9.9316908953e-01    9.9606105367e-01
       299   -4.5362999049e+01    1.3768591562e+00    2.0300261727e+03    2.0300000000e+03    0.0000000000e+00   -4.5366602279e+01    9.9263945454e-01    9.9458128079e-01
       300   -4.5347825871e+01    1.3567944509e+00    2.0288398588e+03    2.0290000000e+03    0.0000000000e+00   -4.5366095070e+01    9.9378359046e-01    9.9802858551e-01
       301   -4.5347403909e+01    1.6082487828e+00    2.0345211902e+03    2.0350000000e+03    0.0000000000e+00   -4.5369000255e+01    9.9292751578e-01    9.9459459459e-01
       302   -4.5388615181e+01    1.6736652036e+00    2.0369966416e+03    2.0370000000e+03    0.0000000000e+00   -4.5369877450e+01    9.9305488418e-01    9.9705449190e-01
       303   -4.5370836105e+01    1.6222383734e+00    2.0381616914e+03    2.0380000000e+03    0.0000000000e+00   -4.5370262319e+01    9.9345535710e-01    9.9411187439e-01
       304   -4.5370208402e+01    1.4490320568e+00    2.0350869093e+03    2.0350000000e+03    0.0000000000e+00   -4.5368840181e+01    9.9300921471e-01    9.9705159705e-01
       305   -4.5372116032e+01    1.4612082008e+00    2.0389875829e+03    2.0390000000e+03    0.0000000000e+00   -4.5370787356e+01    9.9317272307e-01    9.9558607160e-01
       306   -4.5358256045e+01    1.4428581753e+00    2.0369056222e+03    2.0370000000e+03    0.0000000000e+00   -4.5369787267e+01    9.9259151777e-01    9.9656357388e-01
       307   -4.5349977242e+01    1.7306668191e+00    2.0356359808e+03    2.0360000000e+03    0.0000000000e+00   -4.5369284780e+01    9.9249818304e-01    9.9459724951e-01
       308   -4.5357279455e+01    1.4522905591e+00    2.0287565734e+03    2.0290000000e+03    0.0000000000e+00   -4.5365777663e+01    9.9350147858e-01    9.9556431740e-01
       309   -4.5356131470e+01    1.4026331634e+00    2.0297590465e+03    2.0300000000e+03    0.0000000000e+00   -4.5366177008e+01    9.9293456123e-01    9.9655172414e-01
       310   -4.5362743027e+01    1.5924216342e+00    2.0378062439e+03    2.0380000000e+03    0.0000000000e+00   -4.5370044500e+01    9.9327847318e-01    9.9509322866e-01
       311   -4.5344433875e+01    1.3936295170e+00    2.0356861532e+03    2.0360000000e+03    0.0000000000e+00   -4.5368993262e+01    9.9307567372e-01    9.9705304519e-01
       312   -4.5345827766e+01    1.6095539386e+00    2.0374987051e+03    2.0380000000e+03    0.0000000000e+00   -4.5369930514e+01    9.9278033887e-01    9.9460255152e-01
       313   -4.5359916466e+01    2.2446203237e+00    2.0384751353e+03    2.0390000000e+03    0.0000000000e+00   -4.5370309747e+01    9.9387688860e-01    9.9656694458e-01
       314   -4.5359738651e+01    1.4392539027e+00    2.0425587046e+03    2.0430000000e+03    0.0000000000e+00   -4.5372164148e+01    9.9389707525e-01    9.9559471366e-01
       315   -4.5377803090e+01    1.3965653712e+00    2.0409185401e+03    2.0410000000e+03    0.0000000000e+00   -4.5371131290e+01    9.9351777327e-01    9.9461048506e-01
       316   -4.5367929617e+01    1.4124098999e+00    2.0341069444e+03    2.0340000000e+03    0.0000000000e+00   -4.5367642021e+01    9.9308577642e-01    9.9803343166e-01
       317   -4.5367889721e+01    1.3446673287e+00    2.0339522312e+03    2.0340000000e+03    0.0000000000e+00   -4.5367653940e+01    9.9358709250e-01    9.9360865290e-01
       318   -4.5353896385e+01    1.3039344462e+00    2.0299548717e+03    2.0300000000e+03    0.0000000000e+00   -4.5365661753e+01    9.9380667259e-01    9.9704433498e-01
       319   -4.5371742261e+01    1.3779322014e+00    2.0389160795e+03    2.0390000000e+03    0.0000000000e+00   -4.5370061796e+01    9.9343317294e-01    9.9803825405e-01
       320   -4.5422401514e+01    4.4269401800e+00    2.0450354617e+03    2.0450000000e+03    0.0000000000e+00   -4.5372926631e+01    9.9361220912e-01    9.9706601467e-01
       321   -4.5402035604e+01    1.5165562836e+00    2.0483118978e+03    2.0480000000e+03    0.0000000000e+00   -4.5374383117e+01    9.9210689270e-01    9.9707031250e-01
       322   -4.5419453775e+01    1.4682280605e+00    2.0506641423e+03    2.0500000000e+03    0.0000000000e+00   -4.5375529481e+01    9.9333837862e-01    9.9658536585e-01
       323   -4.5390980856e+01    1.4978248621e+00    2.0555912013e+03    2.0550000000e+03    0.0000000000e+00   -4.5378062646e+01    9.9270041054e-01    9.9513381995e-01
       324   -4.5380177415e+01    1.5077363953e+00    2.0602147198e+03    2.0600000000e+03    0.0000000000e+00   -4.5380650539e+01    9.9349220481e-01    9.9271844660e-01
       325   -4.5402609786e+01    1.5949947704e+00    2.0583350107e+03    2.0580000000e+03    0.0000000000e+00   -4.5379735939e+01    9.9350282590e-01    9.9659863946e-01
       326   -4.5413854679e+01    1.6319177536e+00    2.0595320462e+03    2.0590000000e+03    0.0000000000e+00   -4.5380240305e+01    9.9344745475e-01    9.9514327343e-01
       327   -4.5399791560e+01    1.5304509901e+00    2.0605434575e+03    2.0600000000e+03    0.0000000000e+00   -4.5380822467e+01    9.9218664950e-01    9.9805825243e-01
       328   -4.5370586853e+01    1.4456429837e+00    2.0619905063e+03    2.0620000000e+03    0.0000000000e+00   -4.5381927850e+01    9.9204157458e-01    9.9757516974e-01
       329   -4.5366661606e+01    1.5140876803e+00    2.0646477663e+03    2.0650000000e+03    0.0000000000e+00   -4.5383467076e+01    9.9301855181e-01    9.9467312349e-01
       330   -4.5375907055e+01    1.4212123086e+00    2.0628348129e+03    2.0630000000e+03    0.0000000000e+00   -4.5382482175e+01    9.9314415397e-01    9.9369849733e-01
       331   -4.5385387306e+01    1.5433217881e+00    2.0580107691e+03    2.0580000000e+03    0.0000000000e+00   -4.5380026289e+01    9.9328326595e-01    9.9902818270e-01
       332   -4.5416388535e+01    1.5107989643e+00    2.0673130689e+03    2.0670000000e+03    0.0000000000e+00   -4.5384392507e+01    9.9318185824e-01    9.9806482825e-01
       333   -4.5406905470e+01    1.5198190289e+00    2.0704959678e+03    2.0700000000e+03    0.0000000000e+00   -4.5385877746e+01    9.9297780190e-01    9.9565217391e-01
       334   -4.5394044982e+01    1.5274391177e+00    2.0762596701e+03    2.0760000000e+03    0.0000000000e+00   -4.5388912225e+01    9.9473712311e-01    9.9421965318e-01
       335   -4.5410336521e+01    1.7191192019e+00    2.0762068922e+03    2.0760000000e+03    0.0000000000e+00   -4.5389019251e+01    9.9334193897e-01    9.9710982659e-01
       336   -4.5354234215e+01    1.4813181094e+00    2.0766902544e+03    2.0770000000e+03    0.0000000000e+00   -4.5389563685e+01    9.9359501171e-01    9.9566682715e-01
       337   -4.5372298729e+01    1.4022911318e+00    2.0784627482e+03    2.0790000000e+03    0.0000000000e+00   -4.5390643434e+01    9.9289817185e-01    9.9951899952e-01
       338   -4.5390202908e+01    1.4300430622e+00    2.0827030075e+03    2.0830000000e+03    0.0000000000e+00   -4.5392493823e+01    9.9327897386e-01    9.9519923188e-01
       339   -4.5362615147e+01    1.4886106256e+00    2.0866967624e+03    2.0870000000e+03    0.0000000000e+00   -4.5394401420e+01    9.9312161250e-01    9.9520843316e-01
       340   -4.5376860931e+01    1.3831451214e+00    2.0884489939e+03    2.0890000000e+03    0.0000000000e+00   -4.5395408159e+01    9.9269699150e-01    9.9712781235e-01
       341   -4.5410865001e+01    1.3673974873e+00    2.0918978178e+03    2.0920000000e+03    0.0000000000e+00   -4.5396800129e+01    9.9355508545e-01    9.9426386233e-01
       342   -4.5397791033e+01    1.5140910719e+00    2.0872069735e+03    2.0870000000e+03    0.0000000000e+00   -4.5394411574e+01    9.9297306039e-01    9.9568758984e-01
       343   -4.5392997885e+01    1.4773248705e+00    2.0899967469e+03    2.0900000000e+03    0.0000000000e+00   -4.5395964571e+01    9.9318733630e-01    9.9569377990e-01
       344   -4.5401422715e+01    1.4559895996e+00    2.0869957462e+03    2.0870000000e+03    0.0000000000e+00   -4.5394600919e+01    9.9313832333e-01    9.9760421658e-01
       345   -4.5392103599e+01    1.4311862836e+00    2.0919764433e+03    2.0920000000e+03    0.0000000000e+00   -4.5397050430e+01    9.9348272395e-01    9.9521988528e-01
       346   -4.5393707594e+01    1.4611621120e+00    2.0889391295e+03    2.0890000000e+03    0.0000000000e+00   -4.5395699122e+01    9.9261890715e-01    9.9569171853e-01
       347   -4.5361614770e+01    1.4321257406e+00    2.0846458651e+03    2.0850000000e+03    0.0000000000e+00   -4.5393835348e+01    9.9250774257e-01    9.9616306954e-01
       348   -4.5368632901e+01    1.4109027443e+00    2.0823806812e+03    2.0830000000e+03    0.0000000000e+00   -4.5392933374e+01    9.9365698843e-01    9.9567930869e-01
       349   -4.5364232807e+01    1.4652586501e+00    2.0824661292e+03    2.0830000000e+03    0.0000000000e+00   -4.5392886859e+01    9.9303055228e-01    9.9615938550e-01
       350   -4.5357501347e+01    1.4896055275e+00    2.0853592831e+03    2.0860000000e+03    0.0000000000e+00   -4.5394302478e+01    9.9376151927e-01    9.9664429530e-01
       351   -4.5358573735e+01    1.5224512639e+00    2.0872246820e+03    2.0880000000e+03    0.0000000000e+00   -4.5395223219e+01    9.9348803195e-01    9.9329501916e-01
       352   -4.5339031422e+01    1.3867500741e+00    2.0801069016e+03    2.0810000000e+03    0.0000000000e+00   -4.5391806189e+01    9.9407897362e-01    9.9711677078e-01
       353   -4.5369374788e+01    1.5551215506e+00    2.0772043622e+03    2.0780000000e+03    0.0000000000e+00   -4.5390308430e+01    9.9349120372e-01    9.9711260828e-01
       354   -4.5385012929e+01    1.4586042190e+00    2.0807131845e+03    2.0810000000e+03    0.0000000000e+00   -4.5391634095e+01    9.9337234094e-01    9.9231138876e-01
       355   -4.5368836916e+01    1.4096007802e+00    2.0778139224e+03    2.0780000000e+03    0.0000000000e+00   -4.5390171522e+01    9.9233902700e-01    9.9470644851e-01
       356   -4.5384720037e+01    1.4000040606e+00    2.0707580254e+03    2.0710000000e+03    0.0000000000e+00   -4.5386826906e+01    9.9324064893e-01    9.9613713182e-01
       357   -4.5388397120e+01    1.3979074698e+00    2.0699621739e+03    2.0700000000e+03    0.0000000000e+00   -4.5386322410e+01    9.9365101089e-01    9.9565217391e-01
       358   -4.5420462008e+01    1.3509474201e+00    2.0683980925e+03    2.0680000000e+03    0.0000000000e+00   -4.5385384321e+01    9.9242079878e-01    9.9709864603e-01
       359   -4.5397205907e+01    1.4483560611e+00    2.0744269539e+03    2.0740000000e+03    0.0000000000e+00   -4.5388321383e+01    9.9347669455e-01    9.9662487946e-01
       360   -4.5387836057e+01    1.4657091487e+00    2.0710695704e+03    2.0710000000e+03    0.0000000000e+00   -4.5387013719e+01    9.9397434887e-01    9.9420569773e-01
       361   -4.5385414734e+01    1.3826445874e+00    2.0680224247e+03    2.0680000000e+03    0.0000000000e+00   -4.5385630635e+01    9.9374509997e-01    9.9516441006e-01
       362   -4.5356884478e+01    1.4540475282e+00    2.0637143301e+03    2.0640000000e+03    0.0000000000e+00   -4.5383731556e+01    9.9290334213e-01    9.9612403101e-01
       363   -4.5366238475e+01    1.4938727074e+00    2.0655257028e+03    2.0660000000e+03    0.0000000000e+00   -4.5384729384e+01    9.9304167876e-01    9.9564375605e-01
       364   -4.5392675819e+01    1.3249071690e+00    2.0699575825e+03    2.0700000000e+03    0.0000000000e+00   -4.5386604687e+01    9.9278361219e-01    9.9565217391e-01
       365   -4.5384772180e+01    1.6025618983e+00    2.0690354033e+03    2.0690000000e+03    0.0000000000e+00   -4.5386091690e+01    9.9284670341e-01    9.9758337361e-01
       366   -4.5400996083e+01    1.4634888828e+00    2.0730903880e+03    2.0730000000e+03    0.0000000000e+00   -4.5388074615e+01    9.9311442795e-01    9.9565846599e-01
       367   -4.5397393791e+01    1.4534307586e+00    2.0732346233e+03    2.0730000000e+03    0.0000000000e+00   -4.5388101620e+01    9.9299502857e-01    9.9517607332e-01
       368   -4.5399052911e+01    1.3750129780e+00    2.0782389002e+03    2.0780000000e+03    0.0000000000e+00   -4.5390586983e+01    9.9319868051e-01    9.9615014437e-01
       369   -4.5402274585e+01    1.4135174959e+00    2.0792268311e+03    2.0790000000e+03    0.0000000000e+00   -4.5391132990e+01    9.9319130725e-01    9.9470899471e-01
       370   -4.5407836279e+01    1.4005340610e+00    2.0813484609e+03    2.0810000000e+03    0.0000000000e+00   -4.5392164053e+01    9.9399211063e-01    9.9759730899e-01
       371   -4.5422779131e+01    1.4061423312e+00    2.0834223621e+03    2.0830000000e+03    0.0000000000e+00   -4.5393203506e+01    9.9310484198e-01    9.9567930869e-01
       372   -4.5411853248e+01    1.5224549450e+00    2.0825127296e+03    2.0820000000e+03    0.0000000000e+00   -4.5392818429e+01    9.9313391668e-01    9.9663784822e-01
       373   -4.5392984832e+01    1.4276153655e+00    2.0791949793e+03    2.0790000000e+03    0.0000000000e+00   -4.5391515885e+01    9.9348343156e-01    9.9567099567e-01
       374   -4.5394729119e+01    1.4474562660e+00    2.0780601405e+03    2.0780000000e+03    0.0000000000e+00   -4.5391140639e+01    9.9375238663e-01    9.9566891242e-01
       375   -4.5386823410e+01    1.4574766114e+00    2.0760021192e+03    2.0760000000e+03    0.0000000000e+00   -4.5390226627e+01    9.9399209801e-01    9.9373795761e-01
       376   -4.5356009410e+01    1.4856045050e+00    2.0726858132e+03    2.0730000000e+03    0.0000000000e+00   -4.5388834309e+01    9.9339281967e-01    9.9662325133e-01
       377   -4.5376824748e+01    1.5196195491e+00    2.0764529314e+03    2.0770000000e+03    0.0000000000e+00   -4.5390792057e+01    9.9304615268e-01    9.9325950891e-01
       378   -4.5394805803e+01    1.5441623753e+00    2.0749561299e+03    2.0750000000e+03    0.0000000000e+00   -4.5389767359e+01    9.9351059073e-01    9.9807228916e-01
       379   -4.5363691835e+01    1.3482804595e+00    2.0756853692e+03    2.0760000000e+03    0.0000000000e+00   -4.5390249627e+01    9.9323179595e-01    9.9421965318e-01
       380   -4.5392489286e+01    1.4394227699e+00    2.0688653177e+03    2.0690000000e+03    0.0000000000e+00   -4.5386925400e+01    9.9298252346e-01    9.9710004833e-01
       381   -4.5353446488e+01    1.3183792420e+00    2.0736733091e+03    2.0740000000e+03    0.0000000000e+00   -4.5389300895e+01    9.9257559721e-01    9.9517839923e-01
       382   -4.5348820490e+01    1.3446408699e+00    2.0672419537e+03    2.0680000000e+03    0.0000000000e+00   -4.5386449951e+01    9.9279928296e-01    9.9516441006e-01
       383   -4.5362360475e+01    1.4065625682e+00    2.0623887618e+03    2.0630000000e+03    0.0000000000e+00   -4.5383961342e+01    9.9239091200e-01    9.9757634513e-01
       384   -4.5334490655e+01    1.4635285267e+00    2.0681975030e+03    2.0690000000e+03    0.0000000000e+00   -4.5386784567e+01    9.9298569580e-01    9.9420009667e-01
       385   -4.5371924409e+01    1.3881035968e+00    2.0633863734e+03    2.0640000000e+03    0.0000000000e+00   -4.5384323791e+01    9.9344315029e-01    9.9660852713e-01
       386   -4.5400458341e+01    1.4634071063e+00    2.0600221108e+03    2.0600000000e+03    0.0000000000e+00   -4.5382262392e+01    9.9283436346e-01    9.9466019417e-01
       387   -4.5360217944e+01    2.3948207428e+00    2.0579702448e+03    2.0580000000e+03    0.0000000000e+00   -4.5381278090e+01    9.9342413817e-01    9.9708454810e-01
       388   -4.5358438623e+01    1.4653481705e+00    2.0574284153e+03    2.0580000000e+03    0.0000000000e+00   -4.5381347203e+01    9.9326989123e-01    9.9757045675e-01
       389   -4.5378698280e+01    1.5104709975e+00    2.0596873527e+03    2.0600000000e+03    0.0000000000e+00   -4.5382271963e+01    9.9296758409e-01    9.9514563107e-01
       390   -4.5387854880e+01    1.3487080937e+00    2.0620438501e+03    2.0620000000e+03    0.0000000000e+00   -4.5383190963e+01    9.9322225569e-01    9.9660523763e-01
       391   -4.5360389895e+01    1.2724658386e+00    2.0637795121e+03    2.0640000000e+03    0.0000000000e+00   -4.5384167034e+01    9.9343924706e-01    9.9612403101e-01
       392   -4.5349031325e+01    1.2974496382e+00    2.0683566731e+03    2.0690000000e+03    0.0000000000e+00   -4.5386619171e+01    9.9301717613e-01    9.9613339778e-01
       393   -4.5372003345e+01    1.3168491587e+00    2.0664672748e+03    2.0670000000e+03    0.0000000000e+00   -4.5385606649e+01    9.9320387188e-01    9.9371069182e-01
       394   -4.5375577583e+01    1.2431656994e+00    2.0628608971e+03    2.0630000000e+03    0.0000000000e+00   -4.5383592368e+01    9.9400353212e-01    9.9563742123e-01
       395   -4.5354854670e+01    1.3664972391e+00    2.0586296024e+03    2.0590000000e+03    0.0000000000e+00   -4.5381639473e+01    9.9357167044e-01    9.9611461875e-01
       396   -4.5367138908e+01    1.2917575536e+00    2.0625778117e+03    2.0630000000e+03    0.0000000000e+00   -4.5383578299e+01    9.9296954644e-01    9.9418322831e-01
       397   -4.5361442221e+01    1.3696273021e+00    2.0576606063e+03    2.0580000000e+03    0.0000000000e+00   -4.5381091685e+01    9.9275493006e-01    9.9902818270e-01
       398   -4.5355853284e+01    1.4879362366e+00    2.0694077864e+03    2.0700000000e+03    0.0000000000e+00   -4.5386880287e+01    9.9440820427e-01    9.9661835749e-01
       399   -4.5340872741e+01    1.4418787365e+00    2.0731969130e+03    2.0740000000e+03    0.0000000000e+00   -4.5388769694e+01    9.9381694347e-01    9.9566055931e-01

