#   index    LocalEnergy         LocalEnergy_sq      LocalPotential      Kinetic             ElecElec            IonIon              LocalECP            NonLocalECP         MPC                 KEcorr              BlockWeight         BlockCPU            AcceptRatio         
         0   -4.5371863646e+01    2.0601911690e+03   -8.2739617726e+01    3.7367754081e+01   -1.1255022151e+01   -5.1102678690e+01   -2.3395652619e+01    3.0137357340e+00   -1.0992664917e+01    1.0296874312e-01    4.1250000000e+03    1.4789953950e+00    9.9567400774e-01
         1   -4.5335271719e+01    2.0567434684e+03   -8.2736715902e+01    3.7401444183e+01   -1.1217156852e+01   -5.1102678690e+01   -2.3292434261e+01    2.8755539010e+00   -1.0954734188e+01    1.0296874312e-01    4.0970000000e+03    1.4738095450e+00    9.9570512041e-01
         2   -4.5324116510e+01    2.0555726220e+03   -8.2657758352e+01    3.7333641841e+01   -1.1280458604e+01   -5.1102678690e+01   -2.3138470766e+01    2.8638497082e+00   -1.1017834818e+01    1.0296874312e-01    4.0990000000e+03    1.4614807890e+00    9.9601648352e-01
         3   -4.5394173760e+01    2.0620093903e+03   -8.2525587407e+01    3.7131413647e+01   -1.1272893296e+01   -5.1102678690e+01   -2.2980049701e+01    2.8300342802e+00   -1.1013431315e+01    1.0296874312e-01    4.0970000000e+03    1.4648414830e+00    9.9606041209e-01
         4   -4.5386290995e+01    2.0613477639e+03   -8.2476046737e+01    3.7089755742e+01   -1.1236878038e+01   -5.1102678690e+01   -2.2944828340e+01    2.8083383317e+00   -1.0976474540e+01    1.0296874312e-01    4.0990000000e+03    1.4672040070e+00    9.9594483138e-01
         5   -4.5401201269e+01    2.0625990759e+03   -8.2679896041e+01    3.7278694771e+01   -1.1220744109e+01   -5.1102678690e+01   -2.3101895908e+01    2.7454226663e+00   -1.0959936366e+01    1.0296874312e-01    4.0880000000e+03    1.4693250629e+00    9.9581146240e-01
         6   -4.5396630237e+01    2.0623207515e+03   -8.2722031072e+01    3.7325400835e+01   -1.1203855898e+01   -5.1102678690e+01   -2.3319815430e+01    2.9043189464e+00   -1.0941689148e+01    1.0296874312e-01    4.0950000000e+03    1.4690655540e+00    9.9570703984e-01
         7   -4.5391508063e+01    2.0619041344e+03   -8.2700881644e+01    3.7309373581e+01   -1.1251798441e+01   -5.1102678690e+01   -2.3274234604e+01    2.9278300911e+00   -1.0990416468e+01    1.0296874312e-01    4.0910000000e+03    1.4758078710e+00    9.9577331543e-01
         8   -4.5395557469e+01    2.0622596623e+03   -8.2679992709e+01    3.7284435240e+01   -1.1254355043e+01   -5.1102678690e+01   -2.3227605973e+01    2.9046469984e+00   -1.0992194943e+01    1.0296874312e-01    4.1010000000e+03    1.4740221531e+00    9.9571258254e-01
         9   -4.5391687695e+01    2.0618503061e+03   -8.2655853126e+01    3.7264165431e+01   -1.1204176428e+01   -5.1102678690e+01   -2.3181851310e+01    2.8328533017e+00   -1.0944601944e+01    1.0296874312e-01    4.1040000000e+03    1.4791166730e+00    9.9598910132e-01
        10   -4.5410631937e+01    2.0635495265e+03   -8.2716700891e+01    3.7306068954e+01   -1.1216215201e+01   -5.1102678690e+01   -2.3190185490e+01    2.7923784908e+00   -1.0958302011e+01    1.0296874312e-01    4.0890000000e+03    1.4661644470e+00    9.9587148962e-01
        11   -4.5369764513e+01    2.0597131073e+03   -8.2747378026e+01    3.7377613513e+01   -1.1245762661e+01   -5.1102678690e+01   -2.3174297095e+01    2.7753604209e+00   -1.0987683575e+01    1.0296874312e-01    4.0890000000e+03    1.4719080051e+00    9.9630556913e-01
        12   -4.5394116221e+01    2.0620852016e+03   -8.2708133660e+01    3.7314017439e+01   -1.1274890559e+01   -5.1102678690e+01   -2.2998782532e+01    2.6682181217e+00   -1.1017562565e+01    1.0296874312e-01    4.0970000000e+03    1.4640195400e+00    9.9593887665e-01
        13   -4.5413860676e+01    2.0639285531e+03   -8.2715204747e+01    3.7301344071e+01   -1.1319908303e+01   -5.1102678690e+01   -2.3035093970e+01    2.7424762167e+00   -1.1060540572e+01    1.0296874312e-01    4.0880000000e+03    1.4663653540e+00    9.9616615854e-01
        14   -4.5394878981e+01    2.0625334322e+03   -8.2679599005e+01    3.7284720025e+01   -1.1340652194e+01   -5.1102678690e+01   -2.3066909654e+01    2.8306415327e+00   -1.1082068837e+01    1.0296874312e-01    4.0880000000e+03    1.4612297739e+00    9.9604401322e-01
        15   -4.5368456084e+01    2.0596567329e+03   -8.2564858102e+01    3.7196402018e+01   -1.1335229503e+01   -5.1102678690e+01   -2.3012390764e+01    2.8854408546e+00   -1.1075893265e+01    1.0296874312e-01    4.0970000000e+03    1.4719035920e+00    9.9606227106e-01
        16   -4.5377771277e+01    2.0604654745e+03   -8.2594054737e+01    3.7216283460e+01   -1.1277610036e+01   -5.1102678690e+01   -2.3062294998e+01    2.8485289872e+00   -1.1012906697e+01    1.0296874312e-01    4.0970000000e+03    1.4673121821e+00    9.9609947484e-01
        17   -4.5377824441e+01    2.0606263399e+03   -8.2532932502e+01    3.7155108061e+01   -1.1238629651e+01   -5.1102678690e+01   -2.2961399030e+01    2.7697748692e+00   -1.0974567339e+01    1.0296874312e-01    4.0960000000e+03    1.4658180820e+00    9.9576878507e-01
        18   -4.5330585717e+01    2.0561351976e+03   -8.2689593601e+01    3.7359007885e+01   -1.1275177578e+01   -5.1102678690e+01   -2.2982807593e+01    2.6710702605e+00   -1.1008478665e+01    1.0296874312e-01    4.0940000000e+03    1.4679784490e+00    9.9592291718e-01
        19   -4.5331742197e+01    2.0562357849e+03   -8.2551157539e+01    3.7219415342e+01   -1.1264085969e+01   -5.1102678690e+01   -2.2879245845e+01    2.6948529657e+00   -1.0998537864e+01    1.0296874312e-01    4.0970000000e+03    1.4760071520e+00    9.9614235179e-01
        20   -4.5344844269e+01    2.0575085181e+03   -8.2404976406e+01    3.7060132137e+01   -1.1252055286e+01   -5.1102678690e+01   -2.2881578087e+01    2.8313356580e+00   -1.0983104942e+01    1.0296874312e-01    4.1010000000e+03    1.4735069560e+00    9.9609375000e-01
        21   -4.5343247810e+01    2.0575187223e+03   -8.2404990346e+01    3.7061742536e+01   -1.1212352851e+01   -5.1102678690e+01   -2.2901687163e+01    2.8117283585e+00   -1.0942541980e+01    1.0296874312e-01    4.1090000000e+03    1.4798810950e+00    9.9593582562e-01
        22   -4.5321095077e+01    2.0556652006e+03   -8.2381160509e+01    3.7060065433e+01   -1.1183776812e+01   -5.1102678690e+01   -2.2943211731e+01    2.8485067240e+00   -1.0918535553e+01    1.0296874312e-01    4.0950000000e+03    1.4714286390e+00    9.9576529369e-01
        23   -4.5345935158e+01    2.0576299705e+03   -8.2467208012e+01    3.7121272853e+01   -1.1251974205e+01   -5.1102678690e+01   -2.2787654648e+01    2.6750995317e+00   -1.0987865755e+01    1.0296874312e-01    4.0930000000e+03    1.4699028010e+00    9.9574071812e-01
        24   -4.5345448562e+01    2.0575307486e+03   -8.2456038995e+01    3.7110590433e+01   -1.1254123133e+01   -5.1102678690e+01   -2.2726045273e+01    2.6268081009e+00   -1.0990080420e+01    1.0296874312e-01    4.0950000000e+03    1.4753892500e+00    9.9605745721e-01
        25   -4.5348595188e+01    2.0578195367e+03   -8.2293065883e+01    3.6944470696e+01   -1.1246951241e+01   -5.1102678690e+01   -2.2704391218e+01    2.7609552667e+00   -1.0987250591e+01    1.0296874312e-01    4.1120000000e+03    1.4752134010e+00    9.9590538237e-01
        26   -4.5393386238e+01    2.0619375881e+03   -8.2480882597e+01    3.7087496360e+01   -1.1250325237e+01   -5.1102678690e+01   -2.2833128629e+01    2.7052499594e+00   -1.0990621141e+01    1.0296874312e-01    4.1260000000e+03    1.4825275150e+00    9.9599125364e-01
        27   -4.5431047369e+01    2.0655089200e+03   -8.2531295695e+01    3.7100248327e+01   -1.1264264620e+01   -5.1102678690e+01   -2.2863764613e+01    2.6994122279e+00   -1.1007106380e+01    1.0296874312e-01    4.1560000000e+03    1.4936737160e+00    9.9593342588e-01
        28   -4.5411557337e+01    2.0637777698e+03   -8.2608740117e+01    3.7197182780e+01   -1.1237570819e+01   -5.1102678690e+01   -2.2938922480e+01    2.6704318729e+00   -1.0982387684e+01    1.0296874312e-01    4.1610000000e+03    1.5063978930e+00    9.9607215814e-01
        29   -4.5421352701e+01    2.0647459567e+03   -8.2681636844e+01    3.7260284143e+01   -1.1182700219e+01   -5.1102678690e+01   -2.3007677804e+01    2.6114198700e+00   -1.0928715742e+01    1.0296874312e-01    4.1720000000e+03    1.5001654329e+00    9.9589191300e-01
        30   -4.5413298572e+01    2.0638871907e+03   -8.2587050361e+01    3.7173751789e+01   -1.1219486587e+01   -5.1102678690e+01   -2.2913741409e+01    2.6488563251e+00   -1.0969288998e+01    1.0296874312e-01    4.2010000000e+03    1.5135280190e+00    9.9586912431e-01
        31   -4.5420614031e+01    2.0645610328e+03   -8.2620482814e+01    3.7199868783e+01   -1.1264218163e+01   -5.1102678690e+01   -2.2872335078e+01    2.6187491176e+00   -1.1009135602e+01    1.0296874312e-01    4.2090000000e+03    1.5147869170e+00    9.9599530433e-01
        32   -4.5403002844e+01    2.0630093824e+03   -8.2644136711e+01    3.7241133867e+01   -1.1269140344e+01   -5.1102678690e+01   -2.2916412067e+01    2.6440943905e+00   -1.1013824990e+01    1.0296874312e-01    4.2180000000e+03    1.5110068120e+00    9.9575718016e-01
        33   -4.5403251625e+01    2.0630299260e+03   -8.2699565208e+01    3.7296313582e+01   -1.1253777254e+01   -5.1102678690e+01   -2.2943781497e+01    2.6006722338e+00   -1.1000566317e+01    1.0296874312e-01    4.2250000000e+03    1.5158492330e+00    9.9597896919e-01
        34   -4.5389007473e+01    2.0616760982e+03   -8.2564244508e+01    3.7175237036e+01   -1.1262614862e+01   -5.1102678690e+01   -2.2812129629e+01    2.6131786736e+00   -1.1011217740e+01    1.0296874312e-01    4.2220000000e+03    1.5164680911e+00    9.9597537879e-01
        35   -4.5399277495e+01    2.0625249008e+03   -8.2603120737e+01    3.7203843241e+01   -1.1253064088e+01   -5.1102678690e+01   -2.2798420178e+01    2.5510422195e+00   -1.1000901560e+01    1.0296874312e-01    4.2180000000e+03    1.5242353580e+00    9.9604748934e-01
        36   -4.5387867075e+01    2.0615298633e+03   -8.2576382166e+01    3.7188515090e+01   -1.1244337707e+01   -5.1102678690e+01   -2.2849705338e+01    2.6203395692e+00   -1.0991235699e+01    1.0296874312e-01    4.2090000000e+03    1.5155449820e+00    9.9557594261e-01
        37   -4.5365739767e+01    2.0595305742e+03   -8.2680226142e+01    3.7314486375e+01   -1.1221816654e+01   -5.1102678690e+01   -2.2992197189e+01    2.6364663916e+00   -1.0965750291e+01    1.0296874312e-01    4.2010000000e+03    1.5109402899e+00    9.9576435207e-01
        38   -4.5343314437e+01    2.0574564276e+03   -8.2657810473e+01    3.7314496036e+01   -1.1251867411e+01   -5.1102678690e+01   -2.2952129243e+01    2.6488648717e+00   -1.0995347815e+01    1.0296874312e-01    4.2120000000e+03    1.5108893490e+00    9.9602502378e-01
        39   -4.5363930549e+01    2.0592661030e+03   -8.2724441468e+01    3.7360510918e+01   -1.1302294000e+01   -5.1102678690e+01   -2.2986615260e+01    2.6671464823e+00   -1.1047482551e+01    1.0296874312e-01    4.1990000000e+03    1.5211456510e+00    9.9590809173e-01
        40   -4.5399490434e+01    2.0626570547e+03   -8.2633346332e+01    3.7233855898e+01   -1.1340339948e+01   -5.1102678690e+01   -2.2932873421e+01    2.7425457272e+00   -1.1087849659e+01    1.0296874312e-01    4.2010000000e+03    1.5093045799e+00    9.9590676352e-01
        41   -4.5398009291e+01    2.0623457021e+03   -8.2665227205e+01    3.7267217914e+01   -1.1331131778e+01   -5.1102678690e+01   -2.3000263190e+01    2.7688464534e+00   -1.1075323000e+01    1.0296874312e-01    4.2040000000e+03    1.5185240040e+00    9.9592552938e-01
        42   -4.5368652645e+01    2.0597420257e+03   -8.2530025926e+01    3.7161373281e+01   -1.1328169535e+01   -5.1102678690e+01   -2.2970426978e+01    2.8712492773e+00   -1.1072222692e+01    1.0296874312e-01    4.2010000000e+03    1.5134101720e+00    9.9585959800e-01
        43   -4.5377069878e+01    2.0606148707e+03   -8.2689422628e+01    3.7312352750e+01   -1.1337296114e+01   -5.1102678690e+01   -2.3027012932e+01    2.7775651082e+00   -1.1082044900e+01    1.0296874312e-01    4.2080000000e+03    1.5135344600e+00    9.9625356803e-01
        44   -4.5347219643e+01    2.0577730936e+03   -8.2632822677e+01    3.7285603034e+01   -1.1327418696e+01   -5.1102678690e+01   -2.2993020106e+01    2.7902948161e+00   -1.1073418115e+01    1.0296874312e-01    4.2030000000e+03    1.5150321771e+00    9.9610024958e-01
        45   -4.5371728978e+01    2.0602137981e+03   -8.2653851492e+01    3.7282122514e+01   -1.1389245154e+01   -5.1102678690e+01   -2.3007670594e+01    2.8457429472e+00   -1.1136324325e+01    1.0296874312e-01    4.1950000000e+03    1.5204220171e+00    9.9595141700e-01
        46   -4.5391983363e+01    2.0620222769e+03   -8.2511525314e+01    3.7119541951e+01   -1.1408644678e+01   -5.1102678690e+01   -2.2968485164e+01    2.9682832183e+00   -1.1154023394e+01    1.0296874312e-01    4.2040000000e+03    1.5106860730e+00    9.9615235770e-01
        47   -4.5348048291e+01    2.0578645206e+03   -8.2431834651e+01    3.7083786361e+01   -1.1406233559e+01   -5.1102678690e+01   -2.2802643341e+01    2.8797209399e+00   -1.1151116843e+01    1.0296874312e-01    4.1900000000e+03    1.5090292430e+00    9.9589736717e-01
        48   -4.5333874673e+01    2.0564509049e+03   -8.2470841753e+01    3.7136967080e+01   -1.1392216091e+01   -5.1102678690e+01   -2.2755843940e+01    2.7798969679e+00   -1.1136058824e+01    1.0296874312e-01    4.1740000000e+03    1.5046512700e+00    9.9604799187e-01
        49   -4.5345454599e+01    2.0576114963e+03   -8.2414246695e+01    3.7068792096e+01   -1.1392750841e+01   -5.1102678690e+01   -2.2752724874e+01    2.8339077102e+00   -1.1134406550e+01    1.0296874312e-01    4.1520000000e+03    1.5007351851e+00    9.9597645928e-01
        50   -4.5371940408e+01    2.0600869458e+03   -8.2360339553e+01    3.6988399145e+01   -1.1466555948e+01   -5.1102678690e+01   -2.2597103930e+01    2.8059990161e+00   -1.1206595044e+01    1.0296874312e-01    4.1380000000e+03    1.4908165910e+00    9.9583835947e-01
        51   -4.5395083238e+01    2.0621214916e+03   -8.2222516689e+01    3.6827433451e+01   -1.1453487113e+01   -5.1102678690e+01   -2.2622547037e+01    2.9561961517e+00   -1.1193092995e+01    1.0296874312e-01    4.1290000000e+03    1.4832489509e+00    9.9593016219e-01
        52   -4.5363719687e+01    2.0593562203e+03   -8.2312642186e+01    3.6948922499e+01   -1.1419591867e+01   -5.1102678690e+01   -2.2761061867e+01    2.9706902379e+00   -1.1160980131e+01    1.0296874312e-01    4.1400000000e+03    1.4836979890e+00    9.9566517641e-01
        53   -4.5376617708e+01    2.0605539583e+03   -8.2471412488e+01    3.7094794780e+01   -1.1407153835e+01   -5.1102678690e+01   -2.2803076531e+01    2.8414965689e+00   -1.1149056684e+01    1.0296874312e-01    4.1280000000e+03    1.4809271019e+00    9.9603798693e-01
        54   -4.5381118517e+01    2.0609945306e+03   -8.2540786099e+01    3.7159667582e+01   -1.1381786809e+01   -5.1102678690e+01   -2.2935482428e+01    2.8791618289e+00   -1.1129910869e+01    1.0296874312e-01    4.1260000000e+03    1.4742573010e+00    9.9604737097e-01
        55   -4.5373664967e+01    2.0602971350e+03   -8.2473581587e+01    3.7099916621e+01   -1.1345400581e+01   -5.1102678690e+01   -2.2856365561e+01    2.8308632452e+00   -1.1093733120e+01    1.0296874312e-01    4.1190000000e+03    1.4798208500e+00    9.9582069175e-01
        56   -4.5379605043e+01    2.0607275973e+03   -8.2598730225e+01    3.7219125182e+01   -1.1386243632e+01   -5.1102678690e+01   -2.2844688970e+01    2.7348810678e+00   -1.1135624777e+01    1.0296874312e-01    4.1210000000e+03    1.4796746790e+00    9.9601790049e-01
        57   -4.5373339312e+01    2.0602498806e+03   -8.2549905337e+01    3.7176566026e+01   -1.1387585677e+01   -5.1102678690e+01   -2.2897972187e+01    2.8383312171e+00   -1.1132449598e+01    1.0296874312e-01    4.1220000000e+03    1.4762169330e+00    9.9583586165e-01
        58   -4.5387199798e+01    2.0614385583e+03   -8.2497342438e+01    3.7110142640e+01   -1.1391336192e+01   -5.1102678690e+01   -2.2800320934e+01    2.7969933781e+00   -1.1131624046e+01    1.0296874312e-01    4.1340000000e+03    1.4802561649e+00    9.9574860809e-01
        59   -4.5386680445e+01    2.0614010407e+03   -8.2562838098e+01    3.7176157653e+01   -1.1395453011e+01   -5.1102678690e+01   -2.2788327178e+01    2.7236207811e+00   -1.1134022416e+01    1.0296874312e-01    4.1330000000e+03    1.4823544901e+00    9.9605310912e-01
        60   -4.5414157654e+01    2.0639296097e+03   -8.2695984427e+01    3.7281826773e+01   -1.1388234412e+01   -5.1102678690e+01   -2.3062937724e+01    2.8578663996e+00   -1.1128323855e+01    1.0296874312e-01    4.1400000000e+03    1.4827971670e+00    9.9567714631e-01
        61   -4.5420145047e+01    2.0645012069e+03   -8.2695352352e+01    3.7275207305e+01   -1.1358748183e+01   -5.1102678690e+01   -2.3119631295e+01    2.8857058170e+00   -1.1095359829e+01    1.0296874312e-01    4.1270000000e+03    1.4862242610e+00    9.9605032624e-01
        62   -4.5379414743e+01    2.0608401741e+03   -8.2574247436e+01    3.7194832693e+01   -1.1321717825e+01   -5.1102678690e+01   -2.3018502794e+01    2.8686518742e+00   -1.1060419976e+01    1.0296874312e-01    4.1170000000e+03    1.4770718140e+00    9.9583030082e-01
        63   -4.5382168918e+01    2.0609594354e+03   -8.2574825532e+01    3.7192656614e+01   -1.1309671839e+01   -5.1102678690e+01   -2.2984679913e+01    2.8222049110e+00   -1.1049931210e+01    1.0296874312e-01    4.1070000000e+03    1.4624303040e+00    9.9630024361e-01
        64   -4.5379993316e+01    2.0608559843e+03   -8.2673129751e+01    3.7293136435e+01   -1.1303496437e+01   -5.1102678690e+01   -2.3028813632e+01    2.7618590087e+00   -1.1048503913e+01    1.0296874312e-01    4.1150000000e+03    1.4701739000e+00    9.9596651677e-01
        65   -4.5403992471e+01    2.0631652549e+03   -8.2705208350e+01    3.7301215879e+01   -1.1270469916e+01   -5.1102678690e+01   -2.3041823766e+01    2.7097640220e+00   -1.1015543840e+01    1.0296874312e-01    4.1160000000e+03    1.4757906391e+00    9.9595990279e-01
        66   -4.5404869876e+01    2.0630223080e+03   -8.2483800447e+01    3.7078930571e+01   -1.1277337228e+01   -5.1102678690e+01   -2.3113969826e+01    3.0101852970e+00   -1.1022395473e+01    1.0296874312e-01    4.1070000000e+03    1.4811683091e+00    9.9599884597e-01
        67   -4.5398548735e+01    2.0625063344e+03   -8.2666701321e+01    3.7268152587e+01   -1.1323760590e+01   -5.1102678690e+01   -2.3162715059e+01    2.9224530181e+00   -1.1069985480e+01    1.0296874312e-01    4.1120000000e+03    1.4675231790e+00    9.9595471721e-01
        68   -4.5429291501e+01    2.0654003157e+03   -8.2750697217e+01    3.7321405716e+01   -1.1329974177e+01   -5.1102678690e+01   -2.3142608540e+01    2.8245641896e+00   -1.1076454038e+01    1.0296874312e-01    4.1110000000e+03    1.4888855140e+00    9.9581459650e-01
        69   -4.5431004386e+01    2.0654531516e+03   -8.2680424325e+01    3.7249419939e+01   -1.1304324953e+01   -5.1102678690e+01   -2.3067196730e+01    2.7937760483e+00   -1.1048976179e+01    1.0296874312e-01    4.1210000000e+03    1.4830105320e+00    9.9593150352e-01
        70   -4.5385613327e+01    2.0611923415e+03   -8.2791202101e+01    3.7405588774e+01   -1.1319314680e+01   -5.1102678690e+01   -2.3063881374e+01    2.6946726438e+00   -1.1064085627e+01    1.0296874312e-01    4.1260000000e+03    1.4862451430e+00    9.9583990058e-01
        71   -4.5410519420e+01    2.0634896571e+03   -8.2814322639e+01    3.7403803219e+01   -1.1311982756e+01   -5.1102678690e+01   -2.3105107810e+01    2.7054466179e+00   -1.1057464450e+01    1.0296874312e-01    4.1150000000e+03    1.4782572449e+00    9.9617811211e-01
        72   -4.5374719005e+01    2.0603220810e+03   -8.2861946589e+01    3.7487227584e+01   -1.1291818400e+01   -5.1102678690e+01   -2.3142713618e+01    2.6752641203e+00   -1.1033992362e+01    1.0296874312e-01    4.1050000000e+03    1.4737342290e+00    9.9596651677e-01
        73   -4.5373328030e+01    2.0601802489e+03   -8.2649836808e+01    3.7276508779e+01   -1.1347944127e+01   -5.1102678690e+01   -2.2932459870e+01    2.7332458790e+00   -1.1087893119e+01    1.0296874312e-01    4.0820000000e+03    1.4601556570e+00    9.9605649303e-01
        74   -4.5399156884e+01    2.0623896239e+03   -8.2514966059e+01    3.7115809175e+01   -1.1348843866e+01   -5.1102678690e+01   -2.2774780530e+01    2.7113370275e+00   -1.1090155214e+01    1.0296874312e-01    4.0910000000e+03    1.4614685230e+00    9.9601047537e-01
        75   -4.5378504741e+01    2.0605331839e+03   -8.2524847185e+01    3.7146342443e+01   -1.1337369121e+01   -5.1102678690e+01   -2.2826994140e+01    2.7421947666e+00   -1.1076029408e+01    1.0296874312e-01    4.1160000000e+03    1.4788652960e+00    9.9592655642e-01
        76   -4.5364646754e+01    2.0593027743e+03   -8.2634376137e+01    3.7269729382e+01   -1.1343639386e+01   -5.1102678690e+01   -2.2902366796e+01    2.7143087355e+00   -1.1081043766e+01    1.0296874312e-01    4.0910000000e+03    1.4840192751e+00    9.9583282545e-01
        77   -4.5374390607e+01    2.0601698258e+03   -8.2582079511e+01    3.7207688904e+01   -1.1283397792e+01   -5.1102678690e+01   -2.2900943533e+01    2.7049405042e+00   -1.1020730840e+01    1.0296874312e-01    4.0900000000e+03    1.4817507870e+00    9.9605552838e-01
        78   -4.5369213850e+01    2.0598014197e+03   -8.2679824456e+01    3.7310610606e+01   -1.1391130296e+01   -5.1102678690e+01   -2.2904395723e+01    2.7183802538e+00   -1.1130155664e+01    1.0296874312e-01    4.0780000000e+03    1.4702751020e+00    9.9608801956e-01
        79   -4.5347617481e+01    2.0577716565e+03   -8.2719257156e+01    3.7371639675e+01   -1.1437049602e+01   -5.1102678690e+01   -2.2941354082e+01    2.7618252187e+00   -1.1174594167e+01    1.0296874312e-01    4.0710000000e+03    1.4566504210e+00    9.9593058968e-01
        80   -4.5342544428e+01    2.0572633508e+03   -8.2695462564e+01    3.7352918136e+01   -1.1402818192e+01   -5.1102678690e+01   -2.2919676442e+01    2.7297107610e+00   -1.1144089123e+01    1.0296874312e-01    4.0630000000e+03    1.4578725750e+00    9.9609759095e-01
        81   -4.5350575392e+01    2.0580479338e+03   -8.2680366794e+01    3.7329791402e+01   -1.1349382831e+01   -5.1102678690e+01   -2.2880227132e+01    2.6519218601e+00   -1.1091978504e+01    1.0296874312e-01    4.0550000000e+03    1.4520269909e+00    9.9582614588e-01
        82   -4.5361897141e+01    2.0592805818e+03   -8.2797640139e+01    3.7435742998e+01   -1.1347249877e+01   -5.1102678690e+01   -2.3030407110e+01    2.6826955390e+00   -1.1091778352e+01    1.0296874312e-01    4.0550000000e+03    1.4622587840e+00    9.9602342787e-01
        83   -4.5359199500e+01    2.0589081920e+03   -8.2740175831e+01    3.7380976331e+01   -1.1318482860e+01   -5.1102678690e+01   -2.3154612252e+01    2.8355979716e+00   -1.1061540137e+01    1.0296874312e-01    4.0440000000e+03    1.4507092279e+00    9.9612558656e-01
        84   -4.5373236446e+01    2.0601308656e+03   -8.2772015471e+01    3.7398779025e+01   -1.1342073241e+01   -5.1102678690e+01   -2.3126631975e+01    2.7993684356e+00   -1.1081492466e+01    1.0296874312e-01    4.0290000000e+03    1.4423722480e+00    9.9570167286e-01
        85   -4.5364741018e+01    2.0593805219e+03   -8.2774444050e+01    3.7409703032e+01   -1.1305649402e+01   -5.1102678690e+01   -2.3025949130e+01    2.6598331724e+00   -1.1044003698e+01    1.0296874312e-01    4.0420000000e+03    1.4412690359e+00    9.9550805452e-01
        86   -4.5366775545e+01    2.0595877493e+03   -8.2718575883e+01    3.7351800338e+01   -1.1316401576e+01   -5.1102678690e+01   -2.2994056652e+01    2.6945610353e+00   -1.1049622663e+01    1.0296874312e-01    4.0370000000e+03    1.4452649379e+00    9.9583281791e-01
        87   -4.5376607028e+01    2.0605974740e+03   -8.2725855734e+01    3.7349248706e+01   -1.1312978207e+01   -5.1102678690e+01   -2.2918127739e+01    2.6079289019e+00   -1.1049542187e+01    1.0296874312e-01    4.0340000000e+03    1.4398399331e+00    9.9632125155e-01
        88   -4.5363967304e+01    2.0592998897e+03   -8.2744229464e+01    3.7380262160e+01   -1.1322691116e+01   -5.1102678690e+01   -2.2926030527e+01    2.6071708699e+00   -1.1058753510e+01    1.0296874312e-01    4.0370000000e+03    1.4481549080e+00    9.9585554041e-01
        89   -4.5376714512e+01    2.0604707264e+03   -8.2611153797e+01    3.7234439285e+01   -1.1268407073e+01   -5.1102678690e+01   -2.2978949407e+01    2.7388813733e+00   -1.0999931620e+01    1.0296874312e-01    4.0510000000e+03    1.4468296180e+00    9.9601359703e-01
        90   -4.5349582114e+01    2.0580118603e+03   -8.2523161496e+01    3.7173579382e+01   -1.1281641708e+01   -5.1102678690e+01   -2.2960855976e+01    2.8220148782e+00   -1.1017149142e+01    1.0296874312e-01    4.0660000000e+03    1.4559778421e+00    9.9627957851e-01
        91   -4.5377973937e+01    2.0605360006e+03   -8.2449634358e+01    3.7071660420e+01   -1.1260229193e+01   -5.1102678690e+01   -2.2991860816e+01    2.9051343418e+00   -1.0999657629e+01    1.0296874312e-01    4.0590000000e+03    1.4519626350e+00    9.9583333333e-01
        92   -4.5384520318e+01    2.0610081525e+03   -8.2380098722e+01    3.6995578404e+01   -1.1223659217e+01   -5.1102678690e+01   -2.2973601755e+01    2.9198409408e+00   -1.0964271530e+01    1.0296874312e-01    4.0560000000e+03    1.4590187831e+00    9.9590984718e-01
        93   -4.5386235144e+01    2.0613719424e+03   -8.2300461306e+01    3.6914226161e+01   -1.1228368622e+01   -5.1102678690e+01   -2.2922728308e+01    2.9533143151e+00   -1.0969807261e+01    1.0296874312e-01    4.0540000000e+03    1.4512280909e+00    9.9610819975e-01
        94   -4.5380477546e+01    2.0607719876e+03   -8.2317806008e+01    3.6937328462e+01   -1.1219274388e+01   -5.1102678690e+01   -2.2955292605e+01    2.9594396743e+00   -1.0962628687e+01    1.0296874312e-01    4.0530000000e+03    1.4501144689e+00    9.9596848791e-01
        95   -4.5376888172e+01    2.0603987080e+03   -8.2583938048e+01    3.7207049877e+01   -1.1196766143e+01   -5.1102678690e+01   -2.3224888251e+01    2.9403950355e+00   -1.0939967515e+01    1.0296874312e-01    4.0490000000e+03    1.4492898290e+00    9.9614197531e-01
        96   -4.5384002564e+01    2.0611259295e+03   -8.2662195456e+01    3.7278192893e+01   -1.1177267081e+01   -5.1102678690e+01   -2.3289367296e+01    2.9071176119e+00   -1.0920344614e+01    1.0296874312e-01    4.0470000000e+03    1.4513110220e+00    9.9600981724e-01
        97   -4.5390245861e+01    2.0617486682e+03   -8.2778818988e+01    3.7388573127e+01   -1.1241517363e+01   -5.1102678690e+01   -2.3323107692e+01    2.8884847575e+00   -1.0985215433e+01    1.0296874312e-01    4.0400000000e+03    1.4567020030e+00    9.9627534619e-01
        98   -4.5404046198e+01    2.0629762671e+03   -8.2843753480e+01    3.7439707283e+01   -1.1259139132e+01   -5.1102678690e+01   -2.3397634204e+01    2.9156985464e+00   -1.1002150002e+01    1.0296874312e-01    4.0600000000e+03    1.4515670961e+00    9.9593163291e-01
        99   -4.5372046592e+01    2.0600784505e+03   -8.2892760468e+01    3.7520713876e+01   -1.1256557509e+01   -5.1102678690e+01   -2.3306314786e+01    2.7727905172e+00   -1.0998813473e+01    1.0296874312e-01    4.0650000000e+03    1.4592298629e+00    9.9588410881e-01
       100   -4.5358863313e+01    2.0589023789e+03   -8.2947664688e+01    3.7588801374e+01   -1.1269843314e+01   -5.1102678690e+01   -2.3285500889e+01    2.7103582064e+00   -1.1013182567e+01    1.0296874312e-01    4.0790000000e+03    1.4595566200e+00    9.9588755217e-01
       101   -4.5363163537e+01    2.0592917428e+03   -8.3001443042e+01    3.7638279505e+01   -1.1306370199e+01   -5.1102678690e+01   -2.3222342042e+01    2.6299478894e+00   -1.1055778133e+01    1.0296874312e-01    4.0900000000e+03    1.4631137530e+00    9.9617315699e-01
       102   -4.5370053386e+01    2.0599498242e+03   -8.2883536907e+01    3.7513483521e+01   -1.1240881729e+01   -5.1102678690e+01   -2.3304708535e+01    2.7647320476e+00   -1.0989284579e+01    1.0296874312e-01    4.0900000000e+03    1.4663575960e+00    9.9563385442e-01
       103   -4.5350652489e+01    2.0580386249e+03   -8.2868193382e+01    3.7517540893e+01   -1.1261910350e+01   -5.1102678690e+01   -2.3352720918e+01    2.8491165762e+00   -1.1009876200e+01    1.0296874312e-01    4.0930000000e+03    1.4657724940e+00    9.9610330073e-01
       104   -4.5399243535e+01    2.0624781173e+03   -8.2935830313e+01    3.7536586778e+01   -1.1258093668e+01   -5.1102678690e+01   -2.3378714317e+01    2.8036563614e+00   -1.1006907172e+01    1.0296874312e-01    4.1060000000e+03    1.4688535560e+00    9.9592126128e-01
       105   -4.5367760449e+01    2.0597406288e+03   -8.2728609690e+01    3.7360849241e+01   -1.1267413052e+01   -5.1102678690e+01   -2.3291171728e+01    2.9326537807e+00   -1.1017572200e+01    1.0296874312e-01    4.1120000000e+03    1.4733495970e+00    9.9578463599e-01
       106   -4.5393787740e+01    2.0620680771e+03   -8.2791173076e+01    3.7397385336e+01   -1.1274904413e+01   -5.1102678690e+01   -2.3160728655e+01    2.7471386816e+00   -1.1028732408e+01    1.0296874312e-01    4.0990000000e+03    1.4718429070e+00    9.9621926728e-01
       107   -4.5361860661e+01    2.0590849233e+03   -8.2797037745e+01    3.7435177084e+01   -1.1321634131e+01   -5.1102678690e+01   -2.2981297049e+01    2.6085721257e+00   -1.1075388114e+01    1.0296874312e-01    4.0920000000e+03    1.4681278790e+00    9.9572753906e-01
       108   -4.5345390853e+01    2.0575111254e+03   -8.2870856362e+01    3.7525465508e+01   -1.1318752461e+01   -5.1102678690e+01   -2.3166655174e+01    2.7172299633e+00   -1.1071597160e+01    1.0296874312e-01    4.0990000000e+03    1.4641269611e+00    9.9596675629e-01
       109   -4.5346223073e+01    2.0576647751e+03   -8.2828654169e+01    3.7482431096e+01   -1.1297174336e+01   -5.1102678690e+01   -2.3210478642e+01    2.7816774992e+00   -1.1050876976e+01    1.0296874312e-01    4.1040000000e+03    1.4734145660e+00    9.9603186693e-01
       110   -4.5354646712e+01    2.0585758123e+03   -8.2893547258e+01    3.7538900546e+01   -1.1306509599e+01   -5.1102678690e+01   -2.3330363605e+01    2.8460046360e+00   -1.1056296954e+01    1.0296874312e-01    4.0960000000e+03    1.4759228810e+00    9.9607756520e-01
       111   -4.5340237885e+01    2.0572123161e+03   -8.2793376988e+01    3.7453139103e+01   -1.1310170937e+01   -5.1102678690e+01   -2.3227196045e+01    2.8466686844e+00   -1.1058076890e+01    1.0296874312e-01    4.1090000000e+03    1.4827325880e+00    9.9592424427e-01
       112   -4.5350123532e+01    2.0581942777e+03   -8.2872559663e+01    3.7522436131e+01   -1.1318831834e+01   -5.1102678690e+01   -2.3184316793e+01    2.7332676550e+00   -1.1065456898e+01    1.0296874312e-01    4.1230000000e+03    1.4891776290e+00    9.9597509113e-01
       113   -4.5354735995e+01    2.0584815997e+03   -8.2794243087e+01    3.7439507092e+01   -1.1291290031e+01   -5.1102678690e+01   -2.3111786505e+01    2.7115121387e+00   -1.1040545609e+01    1.0296874312e-01    4.1030000000e+03    1.4837926310e+00    9.9605103281e-01
       114   -4.5397686725e+01    2.0623827515e+03   -8.2795161613e+01    3.7397474888e+01   -1.1281424269e+01   -5.1102678690e+01   -2.3089455566e+01    2.6783969122e+00   -1.1029493893e+01    1.0296874312e-01    4.1190000000e+03    1.4850902380e+00    9.9603669669e-01
       115   -4.5392467048e+01    2.0618925515e+03   -8.2789414688e+01    3.7396947640e+01   -1.1325170087e+01   -5.1102678690e+01   -2.3108409920e+01    2.7468440084e+00   -1.1077111804e+01    1.0296874312e-01    4.1240000000e+03    1.4989417969e+00    9.9562560650e-01
       116   -4.5359139281e+01    2.0588649954e+03   -8.2776332423e+01    3.7417193142e+01   -1.1316461574e+01   -5.1102678690e+01   -2.3001269695e+01    2.6440775360e+00   -1.1070441636e+01    1.0296874312e-01    4.1280000000e+03    1.5080746129e+00    9.9615524340e-01
       117   -4.5369883183e+01    2.0599320790e+03   -8.2731774799e+01    3.7361891616e+01   -1.1259509994e+01   -5.1102678690e+01   -2.2993180463e+01    2.6235943495e+00   -1.1011597115e+01    1.0296874312e-01    4.1210000000e+03    1.5067241210e+00    9.9587878788e-01
       118   -4.5358998110e+01    2.0588332590e+03   -8.2519626822e+01    3.7160628711e+01   -1.1303179699e+01   -5.1102678690e+01   -2.2799773910e+01    2.6860054774e+00   -1.1050214744e+01    1.0296874312e-01    4.0970000000e+03    1.4905925490e+00    9.9621834673e-01
       119   -4.5386033618e+01    2.0613004052e+03   -8.2540277530e+01    3.7154243912e+01   -1.1267969943e+01   -5.1102678690e+01   -2.2754440726e+01    2.5848118290e+00   -1.1015205516e+01    1.0296874312e-01    4.0980000000e+03    1.4837127140e+00    9.9603368318e-01
       120   -4.5362902718e+01    2.0591355981e+03   -8.2630423435e+01    3.7267520717e+01   -1.1310704672e+01   -5.1102678690e+01   -2.2860524819e+01    2.6434847462e+00   -1.1058392734e+01    1.0296874312e-01    4.0860000000e+03    1.4902393740e+00    9.9574938950e-01
       121   -4.5360946337e+01    2.0589897645e+03   -8.2665790373e+01    3.7304844036e+01   -1.1327010491e+01   -5.1102678690e+01   -2.2918583367e+01    2.6824821749e+00   -1.1073455476e+01    1.0296874312e-01    4.0910000000e+03    1.4758741281e+00    9.9591128638e-01
       122   -4.5385253584e+01    2.0611557860e+03   -8.2685543393e+01    3.7300289809e+01   -1.1311215125e+01   -5.1102678690e+01   -2.2913402025e+01    2.6417524478e+00   -1.1054884480e+01    1.0296874312e-01    4.0800000000e+03    1.4652732291e+00    9.9571498531e-01
       123   -4.5380664615e+01    2.0607796471e+03   -8.2674148321e+01    3.7293483706e+01   -1.1314683381e+01   -5.1102678690e+01   -2.2913991677e+01    2.6572054276e+00   -1.1055436939e+01    1.0296874312e-01    4.0620000000e+03    1.4538127100e+00    9.9593826781e-01
       124   -4.5416094267e+01    2.0639838345e+03   -8.2469094149e+01    3.7052999882e+01   -1.1351465304e+01   -5.1102678690e+01   -2.2745962454e+01    2.7310122996e+00   -1.1092782906e+01    1.0296874312e-01    4.0560000000e+03    1.4500372719e+00    9.9565672745e-01
       125   -4.5406140345e+01    2.0632067179e+03   -8.2499322820e+01    3.7093182475e+01   -1.1361112189e+01   -5.1102678690e+01   -2.2821146477e+01    2.7856145366e+00   -1.1103653944e+01    1.0296874312e-01    4.0680000000e+03    1.4543046419e+00    9.9601587497e-01
       126   -4.5397339033e+01    2.0624258778e+03   -8.2621487452e+01    3.7224148419e+01   -1.1344562597e+01   -5.1102678690e+01   -2.2958790573e+01    2.7845444086e+00   -1.1087921001e+01    1.0296874312e-01    4.0630000000e+03    1.4618875199e+00    9.9610047994e-01
       127   -4.5373200022e+01    2.0600522527e+03   -8.2528850467e+01    3.7155650445e+01   -1.1322930801e+01   -5.1102678690e+01   -2.2783901353e+01    2.6806603783e+00   -1.1069885242e+01    1.0296874312e-01    4.0680000000e+03    1.4746042710e+00    9.9617346939e-01
       128   -4.5393115717e+01    2.0620459490e+03   -8.2483343928e+01    3.7090228210e+01   -1.1309267808e+01   -5.1102678690e+01   -2.2784739672e+01    2.7133422431e+00   -1.1055840113e+01    1.0296874312e-01    4.0650000000e+03    1.4713203721e+00    9.9605246989e-01
       129   -4.5360046912e+01    2.0591719386e+03   -8.2424380758e+01    3.7064333847e+01   -1.1232844423e+01   -5.1102678690e+01   -2.2740571554e+01    2.6517139087e+00   -1.0978141282e+01    1.0296874312e-01    4.0450000000e+03    1.4641085870e+00    9.9597818047e-01
       130   -4.5368330660e+01    2.0597080818e+03   -8.2554071357e+01    3.7185740697e+01   -1.1271126891e+01   -5.1102678690e+01   -2.2810361681e+01    2.6300959059e+00   -1.1016169123e+01    1.0296874312e-01    4.0370000000e+03    1.4433314580e+00    9.9607536537e-01
       131   -4.5349901201e+01    2.0581615396e+03   -8.2480970511e+01    3.7131069311e+01   -1.1246225015e+01   -5.1102678690e+01   -2.2770901132e+01    2.6388343255e+00   -1.0989054858e+01    1.0296874312e-01    4.0470000000e+03    1.4551249120e+00    9.9596524858e-01
       132   -4.5355207270e+01    2.0585364019e+03   -8.2381913815e+01    3.7026706545e+01   -1.1254615092e+01   -5.1102678690e+01   -2.2719852271e+01    2.6952322387e+00   -1.1001057854e+01    1.0296874312e-01    4.0360000000e+03    1.4570410360e+00    9.9604733911e-01
       133   -4.5339041108e+01    2.0570000947e+03   -8.2362735026e+01    3.7023693917e+01   -1.1241870413e+01   -5.1102678690e+01   -2.2629437249e+01    2.6112513276e+00   -1.0985922765e+01    1.0296874312e-01    4.0450000000e+03    1.4685290389e+00    9.9589834076e-01
       134   -4.5358258153e+01    2.0588297592e+03   -8.2294676590e+01    3.6936418437e+01   -1.1296770028e+01   -5.1102678690e+01   -2.2568123055e+01    2.6728951828e+00   -1.1036759519e+01    1.0296874312e-01    4.0520000000e+03    1.4716959720e+00    9.9606966708e-01
       135   -4.5402960051e+01    2.0627900555e+03   -8.2170661475e+01    3.6767701423e+01   -1.1293786614e+01   -5.1102678690e+01   -2.2603849063e+01    2.8296528928e+00   -1.1032263050e+01    1.0296874312e-01    4.0380000000e+03    1.4523893910e+00    9.9596524858e-01
       136   -4.5383659895e+01    2.0612134177e+03   -8.1939614740e+01    3.6555954845e+01   -1.1250859498e+01   -5.1102678690e+01   -2.2387550076e+01    2.8014735244e+00   -1.0989373615e+01    1.0296874312e-01    4.0510000000e+03    1.4480760020e+00    9.9582765668e-01
       137   -4.5382597428e+01    2.0609646684e+03   -8.2067756983e+01    3.6685159555e+01   -1.1299134608e+01   -5.1102678690e+01   -2.2377063971e+01    2.7111202864e+00   -1.1040616060e+01    1.0296874312e-01    4.0880000000e+03    1.4784528140e+00    9.9586250307e-01
       138   -4.5402129963e+01    2.0627567037e+03   -8.2116293224e+01    3.6714163261e+01   -1.1311255002e+01   -5.1102678690e+01   -2.2428486036e+01    2.7261265046e+00   -1.1050366234e+01    1.0296874312e-01    4.0950000000e+03    1.4933962821e+00    9.9595274390e-01
       139   -4.5401585660e+01    2.0632582808e+03   -8.1989000602e+01    3.6587414942e+01   -1.1275157889e+01   -5.1102678690e+01   -2.2450627719e+01    2.8394636965e+00   -1.1019219562e+01    1.0296874312e-01    4.1050000000e+03    1.4864975670e+00    9.9584299487e-01
       140   -4.5392437842e+01    2.0620048555e+03   -8.2092488890e+01    3.6700051048e+01   -1.1249282452e+01   -5.1102678690e+01   -2.2606743240e+01    2.8662154923e+00   -1.0992931440e+01    1.0296874312e-01    4.0950000000e+03    1.4880325920e+00    9.9592987805e-01
       141   -4.5363360697e+01    2.0591668586e+03   -8.2309348909e+01    3.6945988212e+01   -1.1245744801e+01   -5.1102678690e+01   -2.2643464668e+01    2.6825392508e+00   -1.0986237808e+01    1.0296874312e-01    4.0950000000e+03    1.4802675671e+00    9.9581909180e-01
       142   -4.5360095211e+01    2.0589186960e+03   -8.2208130269e+01    3.6848035058e+01   -1.1295591128e+01   -5.1102678690e+01   -2.2675314977e+01    2.8654545264e+00   -1.1033550376e+01    1.0296874312e-01    4.0880000000e+03    1.4796099049e+00    9.9594284841e-01
       143   -4.5349879854e+01    2.0579720506e+03   -8.2232466605e+01    3.6882586751e+01   -1.1300389528e+01   -5.1102678690e+01   -2.2859367328e+01    3.0299689401e+00   -1.1038507887e+01    1.0296874312e-01    4.0830000000e+03    1.4800620801e+00    9.9580429200e-01
       144   -4.5360108333e+01    2.0591100243e+03   -8.2269784919e+01    3.6909676586e+01   -1.1289408759e+01   -5.1102678690e+01   -2.2836377787e+01    2.9586803167e+00   -1.1027876080e+01    1.0296874312e-01    4.0620000000e+03    1.4636344759e+00    9.9605828221e-01
       145   -4.5363681606e+01    2.0593103797e+03   -8.2224281316e+01    3.6860599710e+01   -1.1282492880e+01   -5.1102678690e+01   -2.2789973924e+01    2.9508641783e+00   -1.1022371641e+01    1.0296874312e-01    4.0470000000e+03    1.4454121529e+00    9.9588734568e-01
       146   -4.5344540213e+01    2.0575136025e+03   -8.2238934604e+01    3.6894394391e+01   -1.1333200031e+01   -5.1102678690e+01   -2.2728104693e+01    2.9250488107e+00   -1.1068193924e+01    1.0296874312e-01    4.0420000000e+03    1.4411009939e+00    9.9594206035e-01
       147   -4.5317618724e+01    2.0549613037e+03   -8.2256025145e+01    3.6938406422e+01   -1.1315942927e+01   -5.1102678690e+01   -2.2625965320e+01    2.7885617919e+00   -1.1049609607e+01    1.0296874312e-01    4.0370000000e+03    1.4479784319e+00    9.9609278287e-01
       148   -4.5355579108e+01    2.0584220998e+03   -8.2282019753e+01    3.6926440645e+01   -1.1317626833e+01   -5.1102678690e+01   -2.2678433723e+01    2.8167194938e+00   -1.1052695974e+01    1.0296874312e-01    4.0520000000e+03    1.4402264690e+00    9.9609375000e-01
       149   -4.5370683524e+01    2.0598448589e+03   -8.2315920956e+01    3.6945237432e+01   -1.1308160121e+01   -5.1102678690e+01   -2.2617767530e+01    2.7126853855e+00   -1.1041919098e+01    1.0296874312e-01    4.0590000000e+03    1.4568572249e+00    9.9603699828e-01
       150   -4.5351290908e+01    2.0582585412e+03   -8.2445478909e+01    3.7094188001e+01   -1.1273325341e+01   -5.1102678690e+01   -2.2641418483e+01    2.5719436049e+00   -1.1003884332e+01    1.0296874312e-01    4.0720000000e+03    1.4656278230e+00    9.9613988681e-01
       151   -4.5382247775e+01    2.0611955591e+03   -8.2550131470e+01    3.7167883695e+01   -1.1269466439e+01   -5.1102678690e+01   -2.2748343348e+01    2.5703570074e+00   -1.1001890150e+01    1.0296874312e-01    4.0730000000e+03    1.4771281350e+00    9.9591257669e-01
       152   -4.5370103919e+01    2.0598982578e+03   -8.2442506680e+01    3.7072402760e+01   -1.1224334274e+01   -5.1102678690e+01   -2.2785065176e+01    2.6695714606e+00   -1.0959069304e+01    1.0296874312e-01    4.0760000000e+03    1.4718748670e+00    9.9594225577e-01
       153   -4.5353994315e+01    2.0585508241e+03   -8.2395975374e+01    3.7041981059e+01   -1.1224962793e+01   -5.1102678690e+01   -2.2788404125e+01    2.7200702345e+00   -1.0958251735e+01    1.0296874312e-01    4.0650000000e+03    1.4788140560e+00    9.9560367051e-01
       154   -4.5355363694e+01    2.0585621138e+03   -8.2359686254e+01    3.7004322560e+01   -1.1259459323e+01   -5.1102678690e+01   -2.2641036553e+01    2.6434883123e+00   -1.0995322127e+01    1.0296874312e-01    4.0680000000e+03    1.4746365669e+00    9.9601964770e-01
       155   -4.5354267369e+01    2.0585079944e+03   -8.2252383430e+01    3.6898116061e+01   -1.1177521887e+01   -5.1102678690e+01   -2.2683851002e+01    2.7116681493e+00   -1.0915315539e+01    1.0296874312e-01    4.0740000000e+03    1.4681920799e+00    9.9593458517e-01
       156   -4.5355227634e+01    2.0590095137e+03   -8.2390130140e+01    3.7034902507e+01   -1.1231307031e+01   -5.1102678690e+01   -2.2785495276e+01    2.7293508576e+00   -1.0967038185e+01    1.0296874312e-01    4.0820000000e+03    1.4800399030e+00    9.9597590140e-01
       157   -4.5367162736e+01    2.0595909949e+03   -8.2497724431e+01    3.7130561695e+01   -1.1252562871e+01   -5.1102678690e+01   -2.2754257326e+01    2.6117744556e+00   -1.0992263100e+01    1.0296874312e-01    4.0750000000e+03    1.4739517269e+00    9.9624296033e-01
       158   -4.5367689924e+01    2.0596041000e+03   -8.2410556563e+01    3.7042866639e+01   -1.1256504251e+01   -5.1102678690e+01   -2.2623713100e+01    2.5723394783e+00   -1.0999233104e+01    1.0296874312e-01    4.0640000000e+03    1.4614724660e+00    9.9603613569e-01
       159   -4.5364528497e+01    2.0593011908e+03   -8.2363861033e+01    3.6999332536e+01   -1.1266710049e+01   -5.1102678690e+01   -2.2605678298e+01    2.6112060049e+00   -1.1006886217e+01    1.0296874312e-01    4.0840000000e+03    1.4686399550e+00    9.9617535021e-01
       160   -4.5407404367e+01    2.0647941067e+03   -8.2241108142e+01    3.6833703776e+01   -1.1276039466e+01   -5.1102678690e+01   -2.2542506592e+01    2.6801166061e+00   -1.1018808685e+01    1.0296874312e-01    4.0980000000e+03    1.4820904160e+00    9.9589237723e-01
       161   -4.5412589772e+01    2.0638024515e+03   -8.2328839320e+01    3.6916249549e+01   -1.1257266115e+01   -5.1102678690e+01   -2.2652611177e+01    2.6837166621e+00   -1.1000298604e+01    1.0296874312e-01    4.1150000000e+03    1.4856034189e+00    9.9596528624e-01
       162   -4.5394299097e+01    2.0621891303e+03   -8.2316318000e+01    3.6922018904e+01   -1.1239881815e+01   -5.1102678690e+01   -2.2716373923e+01    2.7426164284e+00   -1.0980114847e+01    1.0296874312e-01    4.1170000000e+03    1.4977462420e+00    9.9594766877e-01
       163   -4.5403428291e+01    2.0630478788e+03   -8.2441736703e+01    3.7038308412e+01   -1.1278510873e+01   -5.1102678690e+01   -2.2737791018e+01    2.6772438784e+00   -1.1014523373e+01    1.0296874312e-01    4.1220000000e+03    1.4893965680e+00    9.9577415635e-01
       164   -4.5369475908e+01    2.0598362920e+03   -8.2413922845e+01    3.7044446937e+01   -1.1365711565e+01   -5.1102678690e+01   -2.2594681620e+01    2.6491490303e+00   -1.1104586360e+01    1.0296874312e-01    4.1280000000e+03    1.4938415780e+00    9.9571419918e-01
       165   -4.5379386835e+01    2.0607841754e+03   -8.2653474459e+01    3.7274087624e+01   -1.1409412807e+01   -5.1102678690e+01   -2.2735747398e+01    2.5943644359e+00   -1.1153961432e+01    1.0296874312e-01    4.1250000000e+03    1.4863100930e+00    9.9596578500e-01
       166   -4.5411072965e+01    2.0636678175e+03   -8.2525978881e+01    3.7114905917e+01   -1.1364495496e+01   -5.1102678690e+01   -2.2783013918e+01    2.7242092226e+00   -1.1109829253e+01    1.0296874312e-01    4.1460000000e+03    1.4921727920e+00    9.9598894126e-01
       167   -4.5403731562e+01    2.0631077672e+03   -8.2511035359e+01    3.7107303797e+01   -1.1325599070e+01   -5.1102678690e+01   -2.2863262491e+01    2.7805048926e+00   -1.1066592257e+01    1.0296874312e-01    4.1530000000e+03    1.5039695770e+00    9.9618406792e-01
       168   -4.5361399654e+01    2.0591148935e+03   -8.2593631318e+01    3.7232231663e+01   -1.1316767569e+01   -5.1102678690e+01   -2.2930963270e+01    2.7567782115e+00   -1.1053844148e+01    1.0296874312e-01    4.1620000000e+03    1.5038432629e+00    9.9606743263e-01
       169   -4.5378797652e+01    2.0607053769e+03   -8.2806404143e+01    3.7427606492e+01   -1.1337586504e+01   -5.1102678690e+01   -2.3071389227e+01    2.7052502781e+00   -1.1076933703e+01    1.0296874312e-01    4.1760000000e+03    1.5119967511e+00    9.9599820144e-01
       170   -4.5392105819e+01    2.0618207727e+03   -8.2746959856e+01    3.7354854037e+01   -1.1304341405e+01   -5.1102678690e+01   -2.3107210262e+01    2.7672705008e+00   -1.1042051373e+01    1.0296874312e-01    4.1790000000e+03    1.5136001250e+00    9.9579197560e-01
       171   -4.5392912839e+01    2.0620129058e+03   -8.2781034178e+01    3.7388121339e+01   -1.1251459172e+01   -5.1102678690e+01   -2.3184439181e+01    2.7575428658e+00   -1.0990377741e+01    1.0296874312e-01    4.1770000000e+03    1.5145686320e+00    9.9584031602e-01
       172   -4.5395787520e+01    2.0622162913e+03   -8.2546925543e+01    3.7151138022e+01   -1.1212898006e+01   -5.1102678690e+01   -2.3116005402e+01    2.8846565550e+00   -1.0951192671e+01    1.0296874312e-01    4.1810000000e+03    1.5171537050e+00    9.9602925341e-01
       173   -4.5374551744e+01    2.0602922967e+03   -8.2631888115e+01    3.7257336371e+01   -1.1261303930e+01   -5.1102678690e+01   -2.3135438439e+01    2.8675329454e+00   -1.0999737073e+01    1.0296874312e-01    4.1680000000e+03    1.5117286070e+00    9.9573251078e-01
       174   -4.5369645147e+01    2.0598545856e+03   -8.2436247015e+01    3.7066601868e+01   -1.1260194071e+01   -5.1102678690e+01   -2.2964912277e+01    2.8915380230e+00   -1.0996062946e+01    1.0296874312e-01    4.1690000000e+03    1.5079222770e+00    9.9591934710e-01
       175   -4.5357480217e+01    2.0588070387e+03   -8.2557035136e+01    3.7199554919e+01   -1.1281004868e+01   -5.1102678690e+01   -2.3020718040e+01    2.8473664625e+00   -1.1016812161e+01    1.0296874312e-01    4.1690000000e+03    1.5056612249e+00    9.9620418064e-01
       176   -4.5352382570e+01    2.0583145450e+03   -8.2483019244e+01    3.7130636675e+01   -1.1288298040e+01   -5.1102678690e+01   -2.2924845954e+01    2.8328034404e+00   -1.1024584117e+01    1.0296874312e-01    4.1590000000e+03    1.4891379280e+00    9.9620551815e-01
       177   -4.5379358276e+01    2.0607215208e+03   -8.2409403449e+01    3.7030045173e+01   -1.1347334415e+01   -5.1102678690e+01   -2.2949726833e+01    2.9903364895e+00   -1.1086074692e+01    1.0296874312e-01    4.1490000000e+03    1.4946477800e+00    9.9578474393e-01
       178   -4.5384749712e+01    2.0611758106e+03   -8.2348705693e+01    3.6963955982e+01   -1.1351696677e+01   -5.1102678690e+01   -2.2939484436e+01    3.0451541108e+00   -1.1090661990e+01    1.0296874312e-01    4.1380000000e+03    1.4850525040e+00    9.9606828061e-01
       179   -4.5407061568e+01    2.0632033598e+03   -8.2341291550e+01    3.6934229982e+01   -1.1365970287e+01   -5.1102678690e+01   -2.2756466723e+01    2.8838241505e+00   -1.1100201337e+01    1.0296874312e-01    4.1450000000e+03    1.4849425609e+00    9.9579762192e-01
       180   -4.5385354062e+01    2.0612536050e+03   -8.2370261981e+01    3.6984907919e+01   -1.1376653270e+01   -5.1102678690e+01   -2.2794359938e+01    2.9034299182e+00   -1.1109139239e+01    1.0296874312e-01    4.1320000000e+03    1.4921181590e+00    9.9624003382e-01
       181   -4.5366539537e+01    2.0595937381e+03   -8.2341266904e+01    3.6974727367e+01   -1.1390444600e+01   -5.1102678690e+01   -2.2863923961e+01    3.0157803477e+00   -1.1122330318e+01    1.0296874312e-01    4.1360000000e+03    1.4807776470e+00    9.9587621065e-01
       182   -4.5387564860e+01    2.0614930521e+03   -8.2428934270e+01    3.7041369410e+01   -1.1353655298e+01   -5.1102678690e+01   -2.2906693793e+01    2.9340935115e+00   -1.1087899438e+01    1.0296874312e-01    4.1420000000e+03    1.4890594840e+00    9.9570397439e-01
       183   -4.5403306735e+01    2.0629227544e+03   -8.2374175293e+01    3.6970868558e+01   -1.1357675580e+01   -5.1102678690e+01   -2.2782759134e+01    2.8689381118e+00   -1.1091512343e+01    1.0296874312e-01    4.1510000000e+03    1.4983167320e+00    9.9585443801e-01
       184   -4.5406062764e+01    2.0631234418e+03   -8.2146748005e+01    3.6740685241e+01   -1.1378622658e+01   -5.1102678690e+01   -2.2533694495e+01    2.8682478386e+00   -1.1112294005e+01    1.0296874312e-01    4.1600000000e+03    1.5059321690e+00    9.9595561703e-01
       185   -4.5414068805e+01    2.0638370299e+03   -8.2186979633e+01    3.6772910827e+01   -1.1354972198e+01   -5.1102678690e+01   -2.2628127050e+01    2.8987983058e+00   -1.1093567504e+01    1.0296874312e-01    4.1650000000e+03    1.5051820769e+00    9.9615003602e-01
       186   -4.5401030933e+01    2.0627399050e+03   -8.2238642439e+01    3.6837611506e+01   -1.1356737602e+01   -5.1102678690e+01   -2.2533362285e+01    2.7541361386e+00   -1.1096211160e+01    1.0296874312e-01    4.1570000000e+03    1.5050159020e+00    9.9606464792e-01
       187   -4.5392546783e+01    2.0619289400e+03   -8.2403421897e+01    3.7010875113e+01   -1.1371670215e+01   -5.1102678690e+01   -2.2677567812e+01    2.7484948216e+00   -1.1110438127e+01    1.0296874312e-01    4.1490000000e+03    1.4984497559e+00    9.9631379393e-01
       188   -4.5368731952e+01    2.0598196755e+03   -8.2347582951e+01    3.6978850999e+01   -1.1349798181e+01   -5.1102678690e+01   -2.2698207628e+01    2.8031015486e+00   -1.1089259352e+01    1.0296874312e-01    4.1520000000e+03    1.4899558889e+00    9.9596385542e-01
       189   -4.5377112476e+01    2.0605366019e+03   -8.2342629338e+01    3.6965516862e+01   -1.1379990313e+01   -5.1102678690e+01   -2.2688538414e+01    2.8285780796e+00   -1.1119572661e+01    1.0296874312e-01    4.1450000000e+03    1.4950499790e+00    9.9597235606e-01
       190   -4.5371711804e+01    2.0599755868e+03   -8.2322268571e+01    3.6950556767e+01   -1.1340425924e+01   -5.1102678690e+01   -2.2723112460e+01    2.8439485030e+00   -1.1080915952e+01    1.0296874312e-01    4.1420000000e+03    1.4902654000e+00    9.9586652184e-01
       191   -4.5353587191e+01    2.0583150727e+03   -8.2391408913e+01    3.7037821721e+01   -1.1366433750e+01   -5.1102678690e+01   -2.2708886457e+01    2.7865899848e+00   -1.1108502932e+01    1.0296874312e-01    4.1320000000e+03    1.4801722759e+00    9.9571078431e-01
       192   -4.5351538064e+01    2.0581856639e+03   -8.2584117901e+01    3.7232579837e+01   -1.1373529439e+01   -5.1102678690e+01   -2.2799011202e+01    2.6911014307e+00   -1.1114544504e+01    1.0296874312e-01    4.1240000000e+03    1.4769538139e+00    9.9602286475e-01
       193   -4.5373767665e+01    2.0608487565e+03   -8.2411274979e+01    3.7037507314e+01   -1.1383325749e+01   -5.1102678690e+01   -2.2670839041e+01    2.7455685017e+00   -1.1121901747e+01    1.0296874312e-01    4.1160000000e+03    1.4714881559e+00    9.9594766877e-01
       194   -4.5368900042e+01    2.0598213647e+03   -8.2408753656e+01    3.7039853613e+01   -1.1371312026e+01   -5.1102678690e+01   -2.2573300634e+01    2.6385376949e+00   -1.1107981285e+01    1.0296874312e-01    4.1220000000e+03    1.4653513270e+00    9.9587178242e-01
       195   -4.5373959618e+01    2.0600996995e+03   -8.2334076743e+01    3.6960117125e+01   -1.1340718746e+01   -5.1102678690e+01   -2.2613093132e+01    2.7224138251e+00   -1.1077955081e+01    1.0296874312e-01    4.1330000000e+03    1.4803602380e+00    9.9599339554e-01
       196   -4.5362620285e+01    2.0590644029e+03   -8.2253345161e+01    3.6890724876e+01   -1.1357072975e+01   -5.1102678690e+01   -2.2596259582e+01    2.8026660860e+00   -1.1095442991e+01    1.0296874312e-01    4.1300000000e+03    1.4843741790e+00    9.9588974855e-01
       197   -4.5365561362e+01    2.0593375256e+03   -8.2289009852e+01    3.6923448491e+01   -1.1332689035e+01   -5.1102678690e+01   -2.2700024920e+01    2.8463827929e+00   -1.1068693721e+01    1.0296874312e-01    4.1220000000e+03    1.4783403710e+00    9.9627001456e-01
       198   -4.5364160052e+01    2.0592296119e+03   -8.2358358389e+01    3.6994198337e+01   -1.1284572480e+01   -5.1102678690e+01   -2.2874128975e+01    2.9030217561e+00   -1.1023133471e+01    1.0296874312e-01    4.1280000000e+03    1.4809203140e+00    9.9561696190e-01
       199   -4.5352947094e+01    2.0583759908e+03   -8.2558458310e+01    3.7205511216e+01   -1.1332858308e+01   -5.1102678690e+01   -2.2942863720e+01    2.8199424085e+00   -1.1069752281e+01    1.0296874312e-01    4.1530000000e+03    1.4991572830e+00    9.9641047297e-01
