                     0              0.361576                 -0.25
               0.00337              0.360734             -0.249637
               0.00674              0.359894             -0.249274
               0.01011              0.359054              -0.24891
               0.01348              0.358216             -0.248547
               0.01685              0.357379             -0.248184
               0.02022              0.356543             -0.247821
               0.02359              0.355709             -0.247457
               0.02696              0.354875             -0.247094
               0.03033              0.354043             -0.246731
                0.0337              0.353212             -0.246367
               0.03707              0.352383             -0.246004
               0.04044              0.351554              -0.24564
               0.04381              0.350727             -0.245277
               0.04718              0.349901             -0.244913
               0.05055              0.349076              -0.24455
               0.05392              0.348253             -0.244186
               0.05729              0.347431             -0.243823
               0.06066               0.34661             -0.243459
               0.06403               0.34579             -0.243096
                0.0674              0.344971             -0.242732
               0.07077              0.344154             -0.242368
               0.07414              0.343337             -0.242005
               0.07751              0.342523             -0.241641
               0.08088              0.341709             -0.241277
               0.08425              0.340896             -0.240913
               0.08762              0.340085             -0.240549
               0.09099              0.339275             -0.240186
               0.09436              0.338466             -0.239822
               0.09773              0.337659             -0.239458
                0.1011              0.336852             -0.239094
               0.10447              0.336047              -0.23873
               0.10784              0.335243             -0.238366
               0.11121              0.334441             -0.238002
               0.11458              0.333639             -0.237638
               0.11795              0.332839             -0.237274
               0.12132               0.33204              -0.23691
               0.12469              0.331242             -0.236546
               0.12806              0.330446             -0.236181
               0.13143               0.32965             -0.235817
                0.1348              0.328856             -0.235453
               0.13817              0.328063             -0.235089
               0.14154              0.327272             -0.234724
               0.14491              0.326481              -0.23436
               0.14828              0.325692             -0.233996
               0.15165              0.324904             -0.233632
               0.15502              0.324117             -0.233267
               0.15839              0.323332             -0.232903
               0.16176              0.322548             -0.232538
               0.16513              0.321765             -0.232174
                0.1685              0.320983             -0.231809
               0.17187              0.320202             -0.231445
               0.17524              0.319423              -0.23108
               0.17861              0.318645             -0.230716
               0.18198              0.317868             -0.230351
               0.18535              0.317092             -0.229987
               0.18872              0.316318             -0.229622
               0.19209              0.315545             -0.229257
               0.19546              0.314773             -0.228893
               0.19883              0.314002             -0.228528
                0.2022              0.313232             -0.228163
               0.20557              0.312464             -0.227798
               0.20894              0.311697             -0.227434
               0.21231              0.310931             -0.227069
               0.21568              0.310166             -0.226704
               0.21905              0.309403             -0.226339
               0.22242              0.308641             -0.225974
               0.22579               0.30788             -0.225609
               0.22916               0.30712             -0.225244
               0.23253              0.306362             -0.224879
                0.2359              0.305605             -0.224514
               0.23927              0.304849             -0.224149
               0.24264              0.304094             -0.223784
               0.24601               0.30334             -0.223419
               0.24938              0.302588             -0.223054
               0.25275              0.301837             -0.222689
               0.25612              0.301087             -0.222323
               0.25949              0.300338             -0.221958
               0.26286              0.299591             -0.221593
               0.26623              0.298845             -0.221228
                0.2696                0.2981             -0.220862
               0.27297              0.297356             -0.220497
               0.27634              0.296614             -0.220132
               0.27971              0.295873             -0.219766
               0.28308              0.295133             -0.219401
               0.28645              0.294394             -0.219035
               0.28982              0.293656              -0.21867
               0.29319               0.29292             -0.218304
               0.29656              0.292185             -0.217939
               0.29993              0.291451             -0.217573
                0.3033              0.290719             -0.217208
               0.30667              0.289987             -0.216842
               0.31004              0.289257             -0.216477
               0.31341              0.288528             -0.216111
               0.31678                0.2878             -0.215745
               0.32015              0.287074              -0.21538
               0.32352              0.286349             -0.215014
               0.32689              0.285625             -0.214648
               0.33026              0.284902             -0.214282
               0.33363              0.284181             -0.213916
                 0.337               0.28346             -0.213551
               0.34037              0.282741             -0.213185
               0.34374              0.282023             -0.212819
               0.34711              0.281307             -0.212453
               0.35048              0.280591             -0.212087
               0.35385              0.279877             -0.211721
               0.35722              0.279164             -0.211355
               0.36059              0.278453             -0.210989
               0.36396              0.277742             -0.210623
               0.36733              0.277033             -0.210257
                0.3707              0.276325             -0.209891
               0.37407              0.275619             -0.209525
               0.37744              0.274913             -0.209158
               0.38081              0.274209             -0.208792
               0.38418              0.273506             -0.208426
               0.38755              0.272804              -0.20806
               0.39092              0.272103             -0.207693
               0.39429              0.271404             -0.207327
               0.39766              0.270706             -0.206961
               0.40103              0.270009             -0.206594
                0.4044              0.269314             -0.206228
               0.40777              0.268619             -0.205862
               0.41114              0.267926             -0.205495
               0.41451              0.267234             -0.205129
               0.41788              0.266544             -0.204762
               0.42125              0.265854             -0.204396
               0.42462              0.265166              -0.20403
               0.42799              0.264479             -0.203665
               0.43136              0.263793               -0.2033
               0.43473              0.263109             -0.202937
                0.4381              0.262425             -0.202575
               0.44147              0.261743             -0.202213
               0.44484              0.261063             -0.201853
               0.44821              0.260383             -0.201493
               0.45158              0.259704             -0.201134
               0.45495              0.259027             -0.200777
               0.45832              0.258351              -0.20042
               0.46169              0.257676             -0.200064
               0.46506              0.257003             -0.199709
               0.46843               0.25633             -0.199355
                0.4718              0.255659             -0.199002
               0.47517              0.254989              -0.19865
               0.47854               0.25432             -0.198299
               0.48191              0.253653             -0.197948
               0.48528              0.252986             -0.197599
               0.48865              0.252321             -0.197251
               0.49202              0.251657             -0.196903
               0.49539              0.250994             -0.196557
               0.49876              0.250332             -0.196211
               0.50213              0.249671             -0.195866
                0.5055              0.249012             -0.195522
               0.50887              0.248353              -0.19518
               0.51224              0.247696             -0.194838
               0.51561               0.24704             -0.194497
               0.51898              0.246385             -0.194157
               0.52235              0.245732             -0.193817
               0.52572              0.245079             -0.193479
               0.52909              0.244427             -0.193142
               0.53246              0.243777             -0.192806
               0.53583              0.243128              -0.19247
                0.5392               0.24248             -0.192136
               0.54257              0.241833             -0.191802
               0.54594              0.241187             -0.191469
               0.54931              0.240542             -0.191138
               0.55268              0.239899             -0.190807
               0.55605              0.239256             -0.190477
               0.55942              0.238615             -0.190148
               0.56279              0.237975              -0.18982
               0.56616              0.237336             -0.189493
               0.56953              0.236698             -0.189167
                0.5729              0.236061             -0.188842
               0.57627              0.235425             -0.188517
               0.57964               0.23479             -0.188194
               0.58301              0.234156             -0.187872
               0.58638              0.233524              -0.18755
               0.58975              0.232892              -0.18723
               0.59312              0.232262              -0.18691
               0.59649              0.231633             -0.186591
               0.59986              0.231004             -0.186273
               0.60323              0.230377             -0.185957
                0.6066              0.229751             -0.185641
               0.60997              0.229126             -0.185326
               0.61334              0.228502             -0.185012
               0.61671              0.227879             -0.184698
               0.62008              0.227257             -0.184386
               0.62345              0.226636             -0.184075
               0.62682              0.226016             -0.183765
               0.63019              0.225398             -0.183455
               0.63356               0.22478             -0.183147
               0.63693              0.224163             -0.182839
                0.6403              0.223547             -0.182532
               0.64367              0.222933             -0.182227
               0.64704              0.222319             -0.181922
               0.65041              0.221707             -0.181618
               0.65378              0.221095             -0.181315
               0.65715              0.220485             -0.181013
               0.66052              0.219875             -0.180712
               0.66389              0.219267             -0.180412
               0.66726              0.218659             -0.180113
               0.67063              0.218053             -0.179814
                 0.674              0.217447             -0.179517
               0.67737              0.216843             -0.179221
               0.68074              0.216239             -0.178925
               0.68411              0.215637             -0.178631
               0.68748              0.215035             -0.178337
               0.69085              0.214435             -0.178044
               0.69422              0.213835             -0.177752
               0.69759              0.213237             -0.177462
               0.70096              0.212639             -0.177172
               0.70433              0.212043             -0.176883
                0.7077              0.211447             -0.176595
               0.71107              0.210852             -0.176307
               0.71444              0.210259             -0.176021
               0.71781              0.209666             -0.175736
               0.72118              0.209074             -0.175452
               0.72455              0.208483             -0.175168
               0.72792              0.207894             -0.174886
               0.73129              0.207305             -0.174604
               0.73466              0.206717             -0.174324
               0.73803               0.20613             -0.174044
                0.7414              0.205544             -0.173765
               0.74477              0.204959             -0.173487
               0.74814              0.204374              -0.17321
               0.75151              0.203791             -0.172934
               0.75488              0.203209             -0.172659
               0.75825              0.202627             -0.172385
               0.76162              0.202047             -0.172112
               0.76499              0.201467              -0.17184
               0.76836              0.200889             -0.171568
               0.77173              0.200311             -0.171298
                0.7751              0.199734             -0.171028
               0.77847              0.199158              -0.17076
               0.78184              0.198583             -0.170492
               0.78521              0.198009             -0.170225
               0.78858              0.197436              -0.16996
               0.79195              0.196864             -0.169695
               0.79532              0.196292             -0.169431
               0.79869              0.195722             -0.169168
               0.80206              0.195152             -0.168906
               0.80543              0.194583             -0.168645
                0.8088              0.194015             -0.168384
               0.81217              0.193448             -0.168125
               0.81554              0.192882             -0.167867
               0.81891              0.192317             -0.167609
               0.82228              0.191752             -0.167353
               0.82565              0.191189             -0.167097
               0.82902              0.190626             -0.166843
               0.83239              0.190064             -0.166589
               0.83576              0.189503             -0.166336
               0.83913              0.188943             -0.166084
                0.8425              0.188384             -0.165833
               0.84587              0.187826             -0.165583
               0.84924              0.187268             -0.165332
               0.85261              0.186711              -0.16508
               0.85598              0.186155             -0.164828
               0.85935                0.1856             -0.164576
               0.86272              0.185046             -0.164323
               0.86609              0.184493              -0.16407
               0.86946               0.18394             -0.163816
               0.87283              0.183389             -0.163562
                0.8762              0.182838             -0.163308
               0.87957              0.182288             -0.163053
               0.88294              0.181739             -0.162798
               0.88631              0.181191             -0.162542
               0.88968              0.180643             -0.162286
               0.89305              0.180097              -0.16203
               0.89642              0.179551             -0.161773
               0.89979              0.179007             -0.161516
               0.90316              0.178463             -0.161258
               0.90653               0.17792                -0.161
                0.9099              0.177378             -0.160741
               0.91327              0.176836             -0.160482
               0.91664              0.176296             -0.160223
               0.92001              0.175756             -0.159963
               0.92338              0.175218             -0.159703
               0.92675               0.17468             -0.159443
               0.93012              0.174143             -0.159182
               0.93349              0.173607              -0.15892
               0.93686              0.173072             -0.158658
               0.94023              0.172538             -0.158396
                0.9436              0.172004             -0.158133
               0.94697              0.171472              -0.15787
               0.95034               0.17094             -0.157607
               0.95371               0.17041             -0.157343
               0.95708               0.16988             -0.157079
               0.96045              0.169351             -0.156814
               0.96382              0.168823             -0.156549
               0.96719              0.168296             -0.156283
               0.97056               0.16777             -0.156017
               0.97393              0.167244             -0.155751
                0.9773               0.16672             -0.155484
               0.98067              0.166196             -0.155217
               0.98404              0.165674             -0.154949
               0.98741              0.165152             -0.154681
               0.99078              0.164631             -0.154413
               0.99415              0.164111             -0.154144
               0.99752              0.163592             -0.153875
               1.00089              0.163074             -0.153605
               1.00426              0.162557             -0.153335
               1.00763              0.162041             -0.153064
                 1.011              0.161525             -0.152793
               1.01437              0.161011             -0.152522
               1.01774              0.160497              -0.15225
               1.02111              0.159985             -0.151978
               1.02448              0.159473             -0.151706
               1.02785              0.158962             -0.151433
               1.03122              0.158452             -0.151159
               1.03459              0.157943             -0.150885
               1.03796              0.157435             -0.150611
               1.04133              0.156928             -0.150337
                1.0447              0.156422             -0.150061
               1.04807              0.155917             -0.149786
               1.05144              0.155412              -0.14951
               1.05481              0.154909             -0.149234
               1.05818              0.154407             -0.148957
               1.06155              0.153905              -0.14868
               1.06492              0.153404             -0.148402
               1.06829              0.152905             -0.148124
               1.07166              0.152406             -0.147846
               1.07503              0.151908             -0.147567
                1.0784              0.151412             -0.147288
               1.08177              0.150916             -0.147009
               1.08514              0.150421             -0.146729
               1.08851              0.149927             -0.146448
               1.09188              0.149434             -0.146167
               1.09525              0.148941             -0.145886
               1.09862               0.14845             -0.145604
               1.10199               0.14796             -0.145322
               1.10536              0.147471              -0.14504
               1.10873              0.146983             -0.144757
                1.1121              0.146495             -0.144473
               1.11547              0.146009              -0.14419
               1.11884              0.145523             -0.143906
               1.12221              0.145039             -0.143621
               1.12558              0.144555             -0.143336
               1.12895              0.144073             -0.143051
               1.13232              0.143591             -0.142765
               1.13569              0.143111             -0.142479
               1.13906              0.142631             -0.142192
               1.14243              0.142152             -0.141905
                1.1458              0.141674             -0.141617
               1.14917              0.141198              -0.14133
               1.15254              0.140722             -0.141041
               1.15591              0.140247             -0.140753
               1.15928              0.139773             -0.140463
               1.16265                0.1393             -0.140174
               1.16602              0.138828             -0.139884
               1.16939              0.138358             -0.139594
               1.17276              0.137888             -0.139303
               1.17613              0.137419             -0.139012
                1.1795              0.136951              -0.13872
               1.18287              0.136484             -0.138428
               1.18624              0.136018             -0.138136
               1.18961              0.135553             -0.137843
               1.19298              0.135089              -0.13755
               1.19635              0.134626             -0.137256
               1.19972              0.134163             -0.136962
               1.20309              0.133702             -0.136667
               1.20646              0.133242             -0.136372
               1.20983              0.132783             -0.136077
                1.2132              0.132325             -0.135781
               1.21657              0.131868             -0.135485
               1.21994              0.131412             -0.135189
               1.22331              0.130957             -0.134892
               1.22668              0.130503             -0.134594
               1.23005               0.13005             -0.134297
               1.23342              0.129598             -0.133998
               1.23679              0.129147               -0.1337
               1.24016              0.128697             -0.133401
               1.24353              0.128248             -0.133101
                1.2469              0.127799             -0.132801
               1.25027              0.127352             -0.132501
               1.25364              0.126906               -0.1322
               1.25701              0.126461             -0.131899
               1.26038              0.126017             -0.131598
               1.26375              0.125574             -0.131296
               1.26712              0.125132             -0.130994
               1.27049              0.124692             -0.130693
               1.27386              0.124252             -0.130393
               1.27723              0.123813             -0.130093
                1.2806              0.123375             -0.129794
               1.28397              0.122938             -0.129496
               1.28734              0.122502             -0.129198
               1.29071              0.122067             -0.128901
               1.29408              0.121633             -0.128605
               1.29745                0.1212              -0.12831
               1.30082              0.120768             -0.128015
               1.30419              0.120337             -0.127721
               1.30756              0.119908             -0.127428
               1.31093              0.119479             -0.127136
                1.3143              0.119051             -0.126844
               1.31767              0.118624             -0.126553
               1.32104              0.118198             -0.126262
               1.32441              0.117773             -0.125973
               1.32778              0.117349             -0.125684
               1.33115              0.116926             -0.125396
               1.33452              0.116503             -0.125108
               1.33789              0.116082             -0.124821
               1.34126              0.115662             -0.124535
               1.34463              0.115243              -0.12425
                 1.348              0.114825             -0.123965
               1.35137              0.114407             -0.123681
               1.35474              0.113991             -0.123398
               1.35811              0.113576             -0.123115
               1.36148              0.113161             -0.122833
               1.36485              0.112748             -0.122552
               1.36822              0.112335             -0.122272
               1.37159              0.111924             -0.121992
               1.37496              0.111513             -0.121713
               1.37833              0.111103             -0.121435
                1.3817              0.110695             -0.121157
               1.38507              0.110287             -0.120881
               1.38844               0.10988             -0.120605
               1.39181              0.109474             -0.120329
               1.39518              0.109069             -0.120054
               1.39855              0.108665              -0.11978
               1.40192              0.108261             -0.119507
               1.40529              0.107859             -0.119235
               1.40866              0.107458             -0.118963
               1.41203              0.107057             -0.118692
                1.4154              0.106658             -0.118421
               1.41877              0.106259             -0.118151
               1.42214              0.105862             -0.117882
               1.42551              0.105465             -0.117614
               1.42888              0.105069             -0.117347
               1.43225              0.104674              -0.11708
               1.43562               0.10428             -0.116814
               1.43899              0.103886             -0.116548
               1.44236              0.103494             -0.116283
               1.44573              0.103103             -0.116019
                1.4491              0.102712             -0.115756
               1.45247              0.102323             -0.115494
               1.45584              0.101934             -0.115232
               1.45921              0.101546             -0.114971
               1.46258              0.101159              -0.11471
               1.46595              0.100773              -0.11445
               1.46932              0.100387             -0.114191
               1.47269              0.100003             -0.113933
               1.47606             0.0996195             -0.113675
               1.47943             0.0992369             -0.113419
                1.4828             0.0988551             -0.113162
               1.48617             0.0984742             -0.112907
               1.48954             0.0980941             -0.112652
               1.49291             0.0977149             -0.112398
               1.49628             0.0973365             -0.112145
               1.49965              0.096959             -0.111892
               1.50302             0.0965824              -0.11164
               1.50639             0.0962066             -0.111389
               1.50976             0.0958316             -0.111139
               1.51313             0.0954575             -0.110889
                1.5165             0.0950842              -0.11064
               1.51987             0.0947118             -0.110392
               1.52324             0.0943402             -0.110144
               1.52661             0.0939694             -0.109897
               1.52998             0.0935995             -0.109651
               1.53335             0.0932304             -0.109405
               1.53672             0.0928621             -0.109161
               1.54009             0.0924946             -0.108917
               1.54346              0.092128             -0.108673
               1.54683             0.0917622             -0.108431
                1.5502             0.0913972             -0.108189
               1.55357              0.091033             -0.107948
               1.55694             0.0906696             -0.107707
               1.56031              0.090307             -0.107467
               1.56368             0.0899453             -0.107228
               1.56705             0.0895843              -0.10699
               1.57042             0.0892242             -0.106752
               1.57379             0.0888648             -0.106515
               1.57716             0.0885062             -0.106279
               1.58053             0.0881485             -0.106044
                1.5839             0.0877915             -0.105809
               1.58727             0.0874353             -0.105575
               1.59064             0.0870799             -0.105341
               1.59401             0.0867253             -0.105109
               1.59738             0.0863715             -0.104877
               1.60075             0.0860185             -0.104646
               1.60412             0.0856662             -0.104415
               1.60749             0.0853147             -0.104185
               1.61086              0.084964             -0.103956
               1.61423              0.084614             -0.103728
                1.6176             0.0842648               -0.1035
               1.62097             0.0839164             -0.103273
               1.62434             0.0835688             -0.103047
               1.62771             0.0832219             -0.102822
               1.63108             0.0828758             -0.102597
               1.63445             0.0825304             -0.102373
               1.63782             0.0821858             -0.102149
               1.64119             0.0818419             -0.101927
               1.64456             0.0814988             -0.101705
               1.64793             0.0811564             -0.101483
                1.6513             0.0808148             -0.101263
               1.65467             0.0804739             -0.101043
               1.65804             0.0801338             -0.100824
               1.66141             0.0797944             -0.100606
               1.66478             0.0794557             -0.100388
               1.66815             0.0791177             -0.100171
               1.67152             0.0787805            -0.0999547
               1.67489              0.078444            -0.0997391
               1.67826             0.0781083            -0.0995243
               1.68163             0.0777732            -0.0993102
                 1.685             0.0774389            -0.0990968
               1.68837             0.0771053            -0.0988835
               1.69174             0.0767725            -0.0986696
               1.69511             0.0764403            -0.0984551
               1.69848             0.0761089            -0.0982401
               1.70185             0.0757782            -0.0980246
               1.70522             0.0754482            -0.0978084
               1.70859             0.0751189            -0.0975917
               1.71196             0.0747904            -0.0973745
               1.71533             0.0744626            -0.0971567
                1.7187             0.0741356            -0.0969383
               1.72207             0.0738093            -0.0967193
               1.72544             0.0734837            -0.0964999
               1.72881             0.0731589            -0.0962798
               1.73218             0.0728348            -0.0960592
               1.73555             0.0725114             -0.095838
               1.73892             0.0721888            -0.0956162
               1.74229              0.071867            -0.0953939
               1.74566             0.0715459            -0.0951711
               1.74903             0.0712255            -0.0949477
                1.7524             0.0709059            -0.0947237
               1.75577             0.0705871            -0.0944991
               1.75914              0.070269             -0.094274
               1.76251             0.0699517            -0.0940483
               1.76588             0.0696351            -0.0938221
               1.76925             0.0693193            -0.0935953
               1.77262             0.0690043             -0.093368
               1.77599               0.06869              -0.09314
               1.77936             0.0683765            -0.0929116
               1.78273             0.0680638            -0.0926825
                1.7861             0.0677518            -0.0924529
               1.78947             0.0674407            -0.0922228
               1.79284             0.0671303            -0.0919921
               1.79621             0.0668206            -0.0917608
               1.79958             0.0665118            -0.0915289
               1.80295             0.0662037            -0.0912965
               1.80632             0.0658965            -0.0910636
               1.80969               0.06559              -0.09083
               1.81306             0.0652843            -0.0905959
               1.81643             0.0649793            -0.0903613
                1.8198             0.0646752            -0.0901261
               1.82317             0.0643719            -0.0898903
               1.82654             0.0640694             -0.089654
               1.82991             0.0637676            -0.0894171
               1.83328             0.0634667            -0.0891796
               1.83665             0.0631666            -0.0889416
               1.84002             0.0628672            -0.0887031
               1.84339             0.0625687            -0.0884639
               1.84676              0.062271            -0.0882242
               1.85013             0.0619741             -0.087984
                1.8535              0.061678            -0.0877431
               1.85687             0.0613827            -0.0875018
               1.86024             0.0610882            -0.0872598
               1.86361             0.0607946            -0.0870173
               1.86698             0.0605017            -0.0867742
               1.87035             0.0602097            -0.0865306
               1.87372             0.0599185            -0.0862864
               1.87709             0.0596281            -0.0860417
               1.88046             0.0593386            -0.0857964
               1.88383             0.0590499            -0.0855505
                1.8872              0.058762            -0.0853041
               1.89057             0.0584749            -0.0850571
               1.89394             0.0581887            -0.0848095
               1.89731             0.0579033            -0.0845614
               1.90068             0.0576187            -0.0843127
               1.90405              0.057335            -0.0840635
               1.90742             0.0570522            -0.0838137
               1.91079             0.0567701            -0.0835633
               1.91416             0.0564889            -0.0833124
               1.91753             0.0562086            -0.0830609
                1.9209             0.0559291            -0.0828089
               1.92427             0.0556505            -0.0825563
               1.92764             0.0553727            -0.0823031
               1.93101             0.0550957            -0.0820494
               1.93438             0.0548197            -0.0817951
               1.93775             0.0545444            -0.0815403
               1.94112             0.0542701            -0.0812848
               1.94449             0.0539966            -0.0810289
               1.94786             0.0537239            -0.0807723
               1.95123             0.0534522            -0.0805152
                1.9546             0.0531813            -0.0802576
               1.95797             0.0529112            -0.0799994
               1.96134             0.0526421            -0.0797406
               1.96471             0.0523738            -0.0794813
               1.96808             0.0521064            -0.0792214
               1.97145             0.0518398            -0.0789609
               1.97482             0.0515742            -0.0786999
               1.97819             0.0513094            -0.0784383
               1.98156             0.0510455            -0.0781762
               1.98493             0.0507825            -0.0779135
                1.9883             0.0505204            -0.0776502
               1.99167             0.0502591            -0.0773864
               1.99504             0.0499988             -0.077122
               1.99841             0.0497393             -0.076857
               2.00178             0.0494808            -0.0765915
               2.00515             0.0492231            -0.0763254
               2.00852             0.0489663            -0.0760588
               2.01189             0.0487105            -0.0757916
               2.01526             0.0484555            -0.0755239
               2.01863             0.0482014            -0.0752556
                 2.022             0.0479483            -0.0749867
               2.02537              0.047696            -0.0747172
               2.02874             0.0474447            -0.0744472
               2.03211             0.0471943            -0.0741767
               2.03548             0.0469447            -0.0739056
               2.03885             0.0466961            -0.0736339
               2.04222             0.0464484            -0.0733616
               2.04559             0.0462017            -0.0730888
               2.04896             0.0459558            -0.0728155
               2.05233             0.0457109            -0.0725415
                2.0557             0.0454669             -0.072267
               2.05907             0.0452238             -0.071992
               2.06244             0.0449817            -0.0717164
               2.06581             0.0447405            -0.0714402
               2.06918             0.0445002            -0.0711635
               2.07255             0.0442608            -0.0708862
               2.07592             0.0440224            -0.0706083
               2.07929             0.0437849            -0.0703299
               2.08266             0.0435484            -0.0700509
               2.08603             0.0433128            -0.0697714
                2.0894             0.0430781            -0.0694913
               2.09277             0.0428444            -0.0692106
               2.09614             0.0426116            -0.0689294
               2.09951             0.0423798            -0.0686476
               2.10288              0.042149            -0.0683653
               2.10625              0.041919            -0.0680824
               2.10962             0.0416901            -0.0678001
               2.11299             0.0414621            -0.0675196
               2.11636              0.041235             -0.067241
               2.11973             0.0410089            -0.0669641
                2.1231             0.0407837            -0.0666891
               2.12647             0.0405594            -0.0664158
               2.12984              0.040336            -0.0661444
               2.13321             0.0401136            -0.0658748
               2.13658              0.039892            -0.0656069
               2.13995             0.0396714            -0.0653409
               2.14332             0.0394516            -0.0650767
               2.14669             0.0392327            -0.0648143
               2.15006             0.0390148            -0.0645537
               2.15343             0.0387976            -0.0642949
                2.1568             0.0385814             -0.064038
               2.16017              0.038366            -0.0637828
               2.16354             0.0381515            -0.0635294
               2.16691             0.0379378            -0.0632779
               2.17028              0.037725            -0.0630281
               2.17365              0.037513            -0.0627802
               2.17702             0.0373019            -0.0625341
               2.18039             0.0370915            -0.0622897
               2.18376              0.036882            -0.0620472
               2.18713             0.0366733            -0.0618065
                2.1905             0.0364655            -0.0615676
               2.19387             0.0362584            -0.0613305
               2.19724             0.0360521            -0.0610952
               2.20061             0.0358466            -0.0608618
               2.20398             0.0356419            -0.0606301
               2.20735             0.0354379            -0.0604002
               2.21072             0.0352348            -0.0601722
               2.21409             0.0350324            -0.0599459
               2.21746             0.0348307            -0.0597215
               2.22083             0.0346299            -0.0594989
                2.2242             0.0344297             -0.059278
               2.22757             0.0342303             -0.059059
               2.23094             0.0340317            -0.0588418
               2.23431             0.0338337            -0.0586264
               2.23768             0.0336365            -0.0584128
               2.24105               0.03344             -0.058201
               2.24442             0.0332442             -0.057991
               2.24779             0.0330492            -0.0577829
               2.25116             0.0328548            -0.0575765
               2.25453             0.0326611            -0.0573719
                2.2579             0.0324681            -0.0571692
               2.26127             0.0322758            -0.0569683
               2.26464             0.0320841            -0.0567691
               2.26801             0.0318931            -0.0565718
               2.27138             0.0317028            -0.0563763
               2.27475             0.0315132            -0.0561826
               2.27812             0.0313242            -0.0559907
               2.28149             0.0311358            -0.0558006
               2.28486             0.0309481            -0.0556123
               2.28823              0.030761            -0.0554258
                2.2916             0.0305745            -0.0552411
               2.29497             0.0303886            -0.0550583
               2.29834             0.0302034            -0.0548772
               2.30171             0.0300188            -0.0546979
               2.30508             0.0298347            -0.0545205
               2.30845             0.0296513            -0.0543449
               2.31182             0.0294684             -0.054171
               2.31519             0.0292862             -0.053999
               2.31856             0.0291045            -0.0538288
               2.32193             0.0289234            -0.0536604
                2.3253             0.0287428            -0.0534938
               2.32867             0.0285628             -0.053329
               2.33204             0.0283834             -0.053166
               2.33541             0.0282045            -0.0530048
               2.33878             0.0280261            -0.0528455
               2.34215             0.0278483            -0.0526879
               2.34552              0.027671            -0.0525322
               2.34889             0.0274942            -0.0523782
               2.35226              0.027318            -0.0522261
               2.35563             0.0271422            -0.0520757
                 2.359              0.026967            -0.0519272
               2.36237             0.0267922            -0.0517805
               2.36574              0.026618            -0.0516356
               2.36911             0.0264442            -0.0514925
               2.37248             0.0262709            -0.0513512
               2.37585             0.0260981            -0.0512117
               2.37922             0.0259257             -0.051074
               2.38259             0.0257539            -0.0509382
               2.38596             0.0255824            -0.0508041
               2.38933             0.0254114            -0.0506719
                2.3927             0.0252409            -0.0505414
               2.39607             0.0250708            -0.0504128
               2.39944             0.0249011            -0.0502859
               2.40281             0.0247318            -0.0501609
               2.40618              0.024563            -0.0500377
               2.40955             0.0243946            -0.0499163
               2.41292             0.0242266            -0.0497967
               2.41629              0.024059            -0.0496789
               2.41966             0.0238917            -0.0495629
               2.42303             0.0237249            -0.0494487
                2.4264             0.0235585            -0.0493363
               2.42977             0.0233924            -0.0492258
               2.43314             0.0232267             -0.049117
               2.43651             0.0230613            -0.0490101
               2.43988             0.0228963            -0.0489049
               2.44325             0.0227317            -0.0488016
               2.44662             0.0225674            -0.0487001
               2.44999             0.0224035            -0.0486004
               2.45336             0.0222398            -0.0485024
               2.45673             0.0220766            -0.0484063
                2.4601             0.0219136             -0.048312
               2.46347             0.0217509            -0.0482195
               2.46684             0.0215886            -0.0481289
               2.47021             0.0214265              -0.04804
               2.47358             0.0212648            -0.0479529
               2.47695             0.0211033            -0.0478677
               2.48032             0.0209422            -0.0477842
               2.48369             0.0207813            -0.0477026
               2.48706             0.0206206            -0.0476227
               2.49043             0.0204603            -0.0475447
                2.4938             0.0203002            -0.0474685
               2.49717             0.0201403            -0.0473941
               2.50054             0.0199808            -0.0473215
               2.50391             0.0198214            -0.0472507
               2.50728             0.0196623            -0.0471817
               2.51065             0.0195034            -0.0471145
               2.51402             0.0193447            -0.0470491
               2.51739             0.0191863            -0.0469855
               2.52076              0.019028            -0.0469238
               2.52413               0.01887            -0.0468638
                2.5275             0.0187122            -0.0468057
               2.53087             0.0185545            -0.0467473
               2.53424             0.0183971            -0.0466866
               2.53761             0.0182399            -0.0466236
               2.54098             0.0180829            -0.0465583
               2.54435             0.0179261            -0.0464906
               2.54772             0.0177695            -0.0464207
               2.55109             0.0176132            -0.0463484
               2.55446             0.0174571            -0.0462739
               2.55783             0.0173013             -0.046197
                2.5612             0.0171458            -0.0461178
               2.56457             0.0169905            -0.0460364
               2.56794             0.0168355            -0.0459526
               2.57131             0.0166808            -0.0458665
               2.57468             0.0165263            -0.0457781
               2.57805             0.0163722            -0.0456873
               2.58142             0.0162184            -0.0455943
               2.58479             0.0160649             -0.045499
               2.58816             0.0159118            -0.0454013
               2.59153             0.0157589            -0.0453014
                2.5949             0.0156064            -0.0451991
               2.59827             0.0154543            -0.0450945
               2.60164             0.0153025            -0.0449877
               2.60501             0.0151511            -0.0448785
               2.60838                 0.015             -0.044767
               2.61175             0.0148493            -0.0446532
               2.61512             0.0146991            -0.0445371
               2.61849             0.0145492            -0.0444186
               2.62186             0.0143997            -0.0442979
               2.62523             0.0142506            -0.0441749
                2.6286             0.0141019            -0.0440495
               2.63197             0.0139537            -0.0439219
               2.63534             0.0138059            -0.0437919
               2.63871             0.0136586            -0.0436596
               2.64208             0.0135116            -0.0435251
               2.64545             0.0133652            -0.0433882
               2.64882             0.0132192             -0.043249
               2.65219             0.0130737            -0.0431075
               2.65556             0.0129287            -0.0429636
               2.65893             0.0127841            -0.0428175
                2.6623             0.0126401            -0.0426691
               2.66567             0.0124965            -0.0425183
               2.66904             0.0123535            -0.0423653
               2.67241              0.012211            -0.0422099
               2.67578              0.012069            -0.0420523
               2.67915             0.0119276            -0.0418923
               2.68252             0.0117867              -0.04173
               2.68589             0.0116463            -0.0415654
               2.68926             0.0115065            -0.0413985
               2.69263             0.0113673            -0.0412293
                 2.696             0.0112286            -0.0410578
               2.69937             0.0110906            -0.0408839
               2.70274             0.0109531            -0.0407078
               2.70611             0.0108162            -0.0405293
               2.70948             0.0106799            -0.0403486
               2.71285             0.0105443            -0.0401655
               2.71622             0.0104092            -0.0399802
               2.71959             0.0102748            -0.0397925
               2.72296              0.010141            -0.0396025
               2.72633             0.0100079            -0.0394102
                2.7297            0.00987539            -0.0392156
               2.73307            0.00974356            -0.0390187
               2.73644             0.0096124            -0.0388194
               2.73981            0.00948192            -0.0386179
               2.74318            0.00935212            -0.0384141
               2.74655            0.00922301            -0.0382079
               2.74992             0.0090946            -0.0379995
               2.75329             0.0089669            -0.0377887
               2.75666            0.00883991            -0.0375756
               2.76003            0.00871364            -0.0373602
                2.7634             0.0085881            -0.0371425
               2.76677             0.0084633            -0.0369225
               2.77014            0.00833925            -0.0367002
               2.77351            0.00821595            -0.0364756
               2.77688            0.00809341            -0.0362487
               2.78025            0.00797163            -0.0360194
               2.78362            0.00785064            -0.0357879
               2.78699            0.00773043             -0.035554
               2.79036            0.00761101            -0.0353179
               2.79373            0.00749239            -0.0350794
                2.7971            0.00737457            -0.0348386
               2.80047            0.00725758            -0.0345955
               2.80384             0.0071414            -0.0343501
               2.80721            0.00702606            -0.0341024
               2.81058            0.00691155            -0.0338524
               2.81395             0.0067979            -0.0336001
               2.81732            0.00668509            -0.0333455
               2.82069            0.00657315            -0.0330885
               2.82406            0.00646208            -0.0328293
               2.82743            0.00635188            -0.0325677
                2.8308            0.00624257            -0.0323038
               2.83417            0.00613416            -0.0320377
               2.83754            0.00602664            -0.0317692
               2.84091            0.00592004            -0.0314984
               2.84428            0.00581435            -0.0312253
               2.84765            0.00570958            -0.0309499
               2.85102            0.00560575            -0.0306721
               2.85439            0.00550285            -0.0303921
               2.85776            0.00540091            -0.0301098
               2.86113            0.00529992            -0.0298251
                2.8645            0.00519989            -0.0295382
               2.86787            0.00510083            -0.0292489
               2.87124            0.00500275            -0.0289574
               2.87461            0.00490566            -0.0286635
               2.87798            0.00480956            -0.0283673
               2.88135            0.00471447            -0.0280688
               2.88472            0.00462038             -0.027768
               2.88809            0.00452731            -0.0274649
               2.89146            0.00443527            -0.0271594
               2.89483            0.00434426            -0.0268517
                2.8982            0.00425429            -0.0265417
               2.90157            0.00416537            -0.0262293
               2.90494            0.00407751            -0.0259147
               2.90831            0.00399071            -0.0255977
               2.91168            0.00390498            -0.0252784
               2.91505            0.00382034            -0.0249568
               2.91842            0.00373678             -0.024633
               2.92179            0.00365431            -0.0243067
               2.92516            0.00357295            -0.0239782
               2.92853             0.0034927            -0.0236474
                2.9319            0.00341357            -0.0233143
               2.93527            0.00333557            -0.0229789
               2.93864             0.0032587            -0.0226411
               2.94201            0.00318297            -0.0223011
               2.94538            0.00310839            -0.0219587
               2.94875            0.00303497             -0.021614
               2.95212            0.00296271            -0.0212696
               2.95549            0.00289161            -0.0209279
               2.95886            0.00282165             -0.020589
               2.96223            0.00275284            -0.0202529
                2.9656            0.00268515            -0.0199195
               2.96897            0.00261858            -0.0195889
               2.97234            0.00255312             -0.019261
               2.97571            0.00248875             -0.018936
               2.97908            0.00242548            -0.0186137
               2.98245            0.00236329            -0.0182941
               2.98582            0.00230218            -0.0179773
               2.98919            0.00224212            -0.0176633
               2.99256            0.00218312            -0.0173521
               2.99593            0.00212517            -0.0170436
                2.9993            0.00206825            -0.0167379
               3.00267            0.00201235             -0.016435
               3.00604            0.00195747            -0.0161348
               3.00941             0.0019036            -0.0158374
               3.01278            0.00185073            -0.0155427
               3.01615            0.00179884            -0.0152509
               3.01952            0.00174793            -0.0149618
               3.02289            0.00169799            -0.0146754
               3.02626            0.00164902            -0.0143918
               3.02963            0.00160099             -0.014111
                 3.033             0.0015539             -0.013833
               3.03637            0.00150775            -0.0135577
               3.03974            0.00146252            -0.0132852
               3.04311            0.00141821            -0.0130155
               3.04648             0.0013748            -0.0127485
               3.04985            0.00133228            -0.0124843
               3.05322            0.00129065            -0.0122228
               3.05659            0.00124989            -0.0119641
               3.05996            0.00121001            -0.0117082
               3.06333            0.00117098            -0.0114551
                3.0667             0.0011328            -0.0112047
               3.07007            0.00109545            -0.0109571
               3.07344            0.00105894            -0.0107123
               3.07681            0.00102325            -0.0104702
               3.08018            0.00098837            -0.0102309
               3.08355           0.000954292           -0.00999433
               3.08692           0.000921006           -0.00976055
               3.09029           0.000888503           -0.00952954
               3.09366           0.000856773            -0.0093013
               3.09703           0.000825809           -0.00907582
                3.1004           0.000795599           -0.00885311
               3.10377           0.000766136           -0.00863316
               3.10714           0.000737409           -0.00841598
               3.11051           0.000709409           -0.00820157
               3.11388           0.000682127           -0.00798993
               3.11725           0.000655554           -0.00778105
               3.12062           0.000629679           -0.00757494
               3.12399           0.000604495           -0.00737159
               3.12736           0.000579992           -0.00717102
               3.13073            0.00055616           -0.00697321
                3.1341           0.000532989           -0.00677816
               3.13747           0.000510472           -0.00658588
               3.14084           0.000488597           -0.00639637
               3.14421           0.000467357           -0.00620962
               3.14758           0.000446741           -0.00602565
               3.15095           0.000426741           -0.00584443
               3.15432           0.000407347           -0.00566599
               3.15769           0.000388549           -0.00549031
               3.16106           0.000370339            -0.0053174
               3.16443           0.000352707           -0.00514725
                3.1678           0.000335643           -0.00497987
               3.17117           0.000319139           -0.00481526
               3.17454           0.000303185           -0.00465341
               3.17791           0.000287772           -0.00449434
               3.18128           0.000272891           -0.00433802
               3.18465           0.000258531           -0.00418448
               3.18802           0.000244684            -0.0040337
               3.19139           0.000231341           -0.00388568
               3.19476           0.000218491           -0.00374044
               3.19813           0.000206127           -0.00359796
                3.2015           0.000194238           -0.00345824
               3.20487           0.000182815            -0.0033213
               3.20824           0.000171849           -0.00318712
               3.21161           0.000161331           -0.00305571
               3.21498           0.000151251           -0.00292706
               3.21835             0.0001416           -0.00280118
               3.22172           0.000132368           -0.00267806
               3.22509           0.000123546           -0.00255772
               3.22846           0.000115126           -0.00244014
               3.23183           0.000107097           -0.00232532
                3.2352           9.94499e-05           -0.00221328
               3.23857           9.21761e-05             -0.002104
               3.24194           8.52659e-05           -0.00199748
               3.24531           7.87099e-05           -0.00189373
               3.24868            7.2499e-05           -0.00179275
               3.25205           6.66237e-05           -0.00169454
               3.25542           6.10747e-05           -0.00159909
               3.25879           5.58427e-05           -0.00150641
               3.26216           5.09184e-05            -0.0014165
               3.26553           4.62924e-05           -0.00132935
                3.2689           4.19554e-05           -0.00124497
               3.27227           3.78982e-05           -0.00116335
               3.27564           3.41113e-05           -0.00108451
               3.27901           3.05855e-05           -0.00100842
               3.28238           2.73114e-05          -0.000935109
               3.28575           2.42798e-05          -0.000864561
               3.28912           2.14812e-05           -0.00079678
               3.29249           1.89064e-05          -0.000731765
               3.29586            1.6546e-05          -0.000669516
               3.29923           1.43907e-05          -0.000610034
                3.3026           1.24312e-05          -0.000553319
               3.30597           1.06582e-05          -0.000499371
               3.30934           9.06237e-06          -0.000448189
               3.31271           7.63433e-06          -0.000399773
               3.31608           6.36479e-06          -0.000354124
               3.31945           5.24443e-06          -0.000311242
               3.32282           4.26391e-06          -0.000271126
               3.32619           3.41393e-06          -0.000233777
               3.32956           2.68515e-06          -0.000199195
               3.33293           2.06825e-06          -0.000167379
                3.3363            1.5539e-06           -0.00013833
               3.33967            1.1328e-06          -0.000112047
               3.34304           7.95599e-07          -8.85311e-05
               3.34641           5.32989e-07          -6.77816e-05
               3.34978           3.35643e-07          -4.97987e-05
               3.35315           1.94238e-07          -3.45824e-05
               3.35652           9.94499e-08          -2.21328e-05
               3.35989           4.19554e-08          -1.24497e-05
               3.36326           1.24312e-08          -5.53319e-06
               3.36663            1.5539e-09           -1.3833e-06
