#   index    LocalEnergy         LocalEnergy_sq      LocalPotential      Kinetic             ElecElec            IonIon              LocalECP            NonLocalECP         MPC                 KEcorr              BlockWeight         BlockCPU            AcceptRatio         
         0   -4.5120138532e+01    2.0369242834e+03   -8.2275257750e+01    3.7155119217e+01   -1.1353252646e+01   -5.1102678690e+01   -2.2670296351e+01    2.8509699384e+00   -1.1078730813e+01    7.7995579949e-02    2.0800000000e+02    3.0575121367e-02    7.1485877404e-01
         1   -4.5071903950e+01    2.0326096399e+03   -8.2400109773e+01    3.7328205823e+01   -1.1161271738e+01   -5.1102678690e+01   -2.3341493371e+01    3.2053340263e+00   -1.0901573730e+01    7.7995579949e-02    2.0800000000e+02    3.0699102615e-02    7.1714242788e-01
         2   -4.5036171986e+01    2.0294274497e+03   -8.3531306008e+01    3.8495134022e+01   -1.1128993325e+01   -5.1102678690e+01   -2.4186934945e+01    2.8873009532e+00   -1.0854479263e+01    7.7995579949e-02    2.0800000000e+02    3.0835854188e-02    7.1950120192e-01
         3   -4.5101174672e+01    2.0358540252e+03   -8.1732120847e+01    3.6630946175e+01   -1.0806223374e+01   -5.1102678690e+01   -2.3027395924e+01    3.2041771418e+00   -1.0544907348e+01    7.7995579949e-02    2.0800000000e+02    3.0527635223e-02    7.1918569712e-01
         4   -4.5082404510e+01    2.0347385174e+03   -8.2923742242e+01    3.7841337732e+01   -1.1107611949e+01   -5.1102678690e+01   -2.4742872594e+01    4.0294209907e+00   -1.0831980930e+01    7.7995579949e-02    2.0800000000e+02    3.0353438633e-02    7.1679687500e-01
         5   -4.5091586604e+01    2.0341377567e+03   -8.2485807764e+01    3.7394221159e+01   -1.1332922696e+01   -5.1102678690e+01   -2.3192561422e+01    3.1423550451e+00   -1.1050414659e+01    7.7995579949e-02    2.0800000000e+02    3.0666669125e-02    7.1864483173e-01
         6   -4.5054736608e+01    2.0308283653e+03   -8.2149403600e+01    3.7094666992e+01   -1.0971675997e+01   -5.1102678690e+01   -2.3191092221e+01    3.1160433076e+00   -1.0705807322e+01    7.7995579949e-02    2.0800000000e+02    3.0611162183e-02    7.2014723558e-01
         7   -4.5163139943e+01    2.0407687087e+03   -8.1273775122e+01    3.6110635179e+01   -1.1127096643e+01   -5.1102678690e+01   -2.2276478855e+01    3.2324790664e+00   -1.0858207498e+01    7.7995579949e-02    2.0800000000e+02    3.0410794003e-02    7.1454326923e-01
         8   -4.5242661633e+01    2.0483208458e+03   -8.2608767412e+01    3.7366105780e+01   -1.0920830302e+01   -5.1102678690e+01   -2.3637134378e+01    3.0518759583e+00   -1.0608195380e+01    7.7995579949e-02    2.0800000000e+02    3.0882031700e-02    7.1783353365e-01
         9   -4.5085640079e+01    2.0339127513e+03   -8.1881883369e+01    3.6796243289e+01   -1.1317195725e+01   -5.1102678690e+01   -2.2408860230e+01    2.9468512771e+00   -1.1045124945e+01    7.7995579949e-02    2.0800000000e+02    3.0939669814e-02    7.1986177885e-01
        10   -4.5129046577e+01    2.0378464866e+03   -8.1940555569e+01    3.6811508992e+01   -1.1237618331e+01   -5.1102678690e+01   -2.2761440558e+01    3.1611820098e+00   -1.0927344690e+01    7.7995579949e-02    2.0800000000e+02    3.0690107138e-02    7.1862980769e-01
        11   -4.5003349212e+01    2.0263779183e+03   -8.1400343145e+01    3.6396993933e+01   -1.1119166063e+01   -5.1102678690e+01   -2.1663488776e+01    2.4849903845e+00   -1.0812575298e+01    7.7995579949e-02    2.0800000000e+02    3.1071540565e-02    7.1606069712e-01
        12   -4.5000314631e+01    2.0259370437e+03   -8.1972977721e+01    3.6972663090e+01   -1.1079329823e+01   -5.1102678690e+01   -2.2616109976e+01    2.8251407684e+00   -1.0805163810e+01    7.7995579949e-02    2.0800000000e+02    3.0597112804e-02    7.1744290865e-01
        13   -4.5060820982e+01    2.0313538892e+03   -8.1810415087e+01    3.6749594106e+01   -1.1371069828e+01   -5.1102678690e+01   -2.2364631579e+01    3.0279650098e+00   -1.1093444433e+01    7.7995579949e-02    2.0800000000e+02    3.1454789620e-02    7.1645132212e-01
        14   -4.5094250340e+01    2.0345744418e+03   -8.2142046993e+01    3.7047796652e+01   -1.1299265764e+01   -5.1102678690e+01   -2.2869015783e+01    3.1289132450e+00   -1.1053480215e+01    7.7995579949e-02    2.0800000000e+02    3.0946675812e-02    7.1810396635e-01
        15   -4.5053778316e+01    2.0306816897e+03   -8.0844591420e+01    3.5790813104e+01   -1.1210334784e+01   -5.1102678690e+01   -2.2273638732e+01    3.7420607871e+00   -1.0899675616e+01    7.7995579949e-02    2.0800000000e+02    3.0618466371e-02    7.1517427885e-01
        16   -4.5309176165e+01    2.0544717179e+03   -8.1787307145e+01    3.6478130981e+01   -1.0890765682e+01   -5.1102678690e+01   -2.2546451545e+01    2.7525887720e+00   -1.0653257130e+01    7.7995579949e-02    2.0800000000e+02    3.0699976676e-02    7.1615084135e-01
        17   -4.5066448359e+01    2.0324936560e+03   -8.2485830264e+01    3.7419381905e+01   -1.1382191225e+01   -5.1102678690e+01   -2.2856627542e+01    2.8556671922e+00   -1.1112282640e+01    7.7995579949e-02    2.0800000000e+02    3.1083662441e-02    7.1723257212e-01
        18   -4.4999944118e+01    2.0264944458e+03   -8.3379535964e+01    3.8379591846e+01   -1.1329912793e+01   -5.1102678690e+01   -2.3731567932e+01    2.7846234505e+00   -1.1066841839e+01    7.7995579949e-02    2.0800000000e+02    3.0720309886e-02    7.2058293269e-01
        19   -4.5042807036e+01    2.0298888086e+03   -8.2491982136e+01    3.7449175099e+01   -1.1100934118e+01   -5.1102678690e+01   -2.3276209503e+01    2.9878401754e+00   -1.0827476613e+01    7.7995579949e-02    2.0800000000e+02    3.0601179635e-02    7.1452824519e-01
        20   -4.5130547106e+01    2.0380275625e+03   -8.1735114171e+01    3.6604567064e+01   -1.1254693270e+01   -5.1102678690e+01   -2.2532920019e+01    3.1551778089e+00   -1.1029362284e+01    7.7995579949e-02    2.0800000000e+02    3.1068386423e-02    7.1950120192e-01
        21   -4.5049450713e+01    2.0305415066e+03   -8.2154977411e+01    3.7105526697e+01   -1.1238074848e+01   -5.1102678690e+01   -2.2376246179e+01    2.5620223074e+00   -1.1008363402e+01    7.7995579949e-02    2.0800000000e+02    3.0636213007e-02    7.1963641827e-01
        22   -4.5068724274e+01    2.0323939638e+03   -8.3034358363e+01    3.7965634088e+01   -1.1280036640e+01   -5.1102678690e+01   -2.3071809906e+01    2.4201668738e+00   -1.1046488962e+01    7.7995579949e-02    2.0800000000e+02    3.1020031005e-02    7.2119891827e-01
        23   -4.5111300298e+01    2.0358860446e+03   -8.2220970433e+01    3.7109670135e+01   -1.1169904552e+01   -5.1102678690e+01   -2.2381584890e+01    2.4331976992e+00   -1.0891192476e+01    7.7995579949e-02    2.0800000000e+02    3.0765441443e-02    7.1888521635e-01
        24   -4.5125034471e+01    2.0372866834e+03   -8.1597018926e+01    3.6471984455e+01   -1.1038174594e+01   -5.1102678690e+01   -2.2336224672e+01    2.8800590302e+00   -1.0763972520e+01    7.7995579949e-02    2.0800000000e+02    3.1330084195e-02    7.1673677885e-01
        25   -4.5102416711e+01    2.0352060099e+03   -8.2160900058e+01    3.7058483347e+01   -1.1268732227e+01   -5.1102678690e+01   -2.2211920688e+01    2.4224315470e+00   -1.0985293913e+01    7.7995579949e-02    2.0800000000e+02    3.0987028098e-02    7.1917067308e-01
        26   -4.5055180434e+01    2.0310656774e+03   -8.2176767010e+01    3.7121586575e+01   -1.1384768911e+01   -5.1102678690e+01   -2.2869776518e+01    3.1804571103e+00   -1.1123730866e+01    7.7995579949e-02    2.0800000000e+02    3.1148237322e-02    7.1944110577e-01
        27   -4.5044901543e+01    2.0298256397e+03   -8.2547654530e+01    3.7502752987e+01   -1.1245645796e+01   -5.1102678690e+01   -2.2308639226e+01    2.1093091820e+00   -1.0974952362e+01    7.7995579949e-02    2.0800000000e+02    3.1873781940e-02    7.1428786058e-01
        28   -4.5107833715e+01    2.0360970629e+03   -8.2360934147e+01    3.7253100432e+01   -1.1144569141e+01   -5.1102678690e+01   -2.3366672764e+01    3.2529864479e+00   -1.0880718870e+01    7.7995579949e-02    2.0800000000e+02    3.0597449950e-02    7.1796875000e-01
        29   -4.5118421007e+01    2.0371839814e+03   -8.1512114454e+01    3.6393693447e+01   -1.1145583385e+01   -5.1102678690e+01   -2.2853405973e+01    3.5895535949e+00   -1.0901494295e+01    7.7995579949e-02    2.0800000000e+02    3.0826232127e-02    7.2115384615e-01
        30   -4.5035404436e+01    2.0291767984e+03   -8.2161341155e+01    3.7125936719e+01   -1.1243634919e+01   -5.1102678690e+01   -2.3468985594e+01    3.6539580483e+00   -1.0993736879e+01    7.7995579949e-02    2.0800000000e+02    3.0597044803e-02    7.1589543269e-01
        31   -4.5031597370e+01    2.0286733476e+03   -8.2272091445e+01    3.7240494074e+01   -1.1191355984e+01   -5.1102678690e+01   -2.2698478405e+01    2.7204216345e+00   -1.0946881110e+01    7.7995579949e-02    2.0800000000e+02    3.0689374325e-02    7.2070312500e-01
        32   -4.5110702760e+01    2.0363655983e+03   -8.2173968661e+01    3.7063265901e+01   -1.0951810022e+01   -5.1102678690e+01   -2.2624479174e+01    2.5049992244e+00   -1.0716271337e+01    7.7995579949e-02    2.0800000000e+02    3.0768869496e-02    7.1637620192e-01
        33   -4.5021892801e+01    2.0286070296e+03   -8.3241063488e+01    3.8219170687e+01   -1.1031102726e+01   -5.1102678690e+01   -2.4166310058e+01    3.0590279874e+00   -1.0781951798e+01    7.7995579949e-02    2.0800000000e+02    3.0522032619e-02    7.1858473558e-01
        34   -4.5086104371e+01    2.0340071125e+03   -8.2866184422e+01    3.7780080051e+01   -1.1171861156e+01   -5.1102678690e+01   -2.3312317198e+01    2.7206726229e+00   -1.0913275511e+01    7.7995579949e-02    2.0800000000e+02    3.0588779897e-02    7.1678185096e-01
        35   -4.4941133158e+01    2.0205882043e+03   -8.3163372863e+01    3.8222239705e+01   -1.1306391094e+01   -5.1102678690e+01   -2.2982850585e+01    2.2285475068e+00   -1.1010160293e+01    7.7995579949e-02    2.0800000000e+02    3.0605703199e-02    7.1963641827e-01
        36   -4.5043731432e+01    2.0299115294e+03   -8.2386038266e+01    3.7342306834e+01   -1.1088347439e+01   -5.1102678690e+01   -2.2128631227e+01    1.9336190899e+00   -1.0799270307e+01    7.7995579949e-02    2.0800000000e+02    3.0794095808e-02    7.1675180288e-01
        37   -4.5041334929e+01    2.0297306044e+03   -8.2544388148e+01    3.7503053219e+01   -1.1034436185e+01   -5.1102678690e+01   -2.3219880856e+01    2.8126075832e+00   -1.0748868952e+01    7.7995579949e-02    2.0800000000e+02    3.0288228481e-02    7.1756310096e-01
        38   -4.5051954129e+01    2.0306145028e+03   -8.1784160825e+01    3.6732206696e+01   -1.1081265103e+01   -5.1102678690e+01   -2.3316099975e+01    3.7158829436e+00   -1.0840013085e+01    7.7995579949e-02    2.0800000000e+02    3.1370325371e-02    7.1896033654e-01
        39   -4.5075958859e+01    2.0329016069e+03   -8.2087773334e+01    3.7011814475e+01   -1.1069555015e+01   -5.1102678690e+01   -2.2599420340e+01    2.6838807114e+00   -1.0815630616e+01    7.7995579949e-02    2.0800000000e+02    3.0708776045e-02    7.1858473558e-01
        40   -4.5070963385e+01    2.0326230015e+03   -8.2405226274e+01    3.7334262889e+01   -1.0844421763e+01   -5.1102678690e+01   -2.3358285483e+01    2.9001596623e+00   -1.0549410570e+01    7.7995579949e-02    2.0800000000e+02    3.0709721985e-02    7.1576021635e-01
        41   -4.4909185813e+01    2.0179797618e+03   -8.1795680435e+01    3.6886494622e+01   -1.1124593644e+01   -5.1102678690e+01   -2.3014586748e+01    3.4461786467e+00   -1.0809122414e+01    7.7995579949e-02    2.0800000000e+02    3.0847184258e-02    7.1807391827e-01
        42   -4.4997619126e+01    2.0258580012e+03   -8.1788446715e+01    3.6790827589e+01   -1.1112272110e+01   -5.1102678690e+01   -2.2092787539e+01    2.5192916254e+00   -1.0840046779e+01    7.7995579949e-02    2.0800000000e+02    3.0286545189e-02    7.1853966346e-01
        43   -4.4908117369e+01    2.0178123005e+03   -8.2913441184e+01    3.8005323815e+01   -1.1285429464e+01   -5.1102678690e+01   -2.3367904188e+01    2.8425711583e+00   -1.1024406164e+01    7.7995579949e-02    2.0800000000e+02    3.1367373900e-02    7.1801382212e-01
        44   -4.5129529125e+01    2.0376632937e+03   -8.1297021130e+01    3.6167492005e+01   -1.1078304116e+01   -5.1102678690e+01   -2.2157606090e+01    3.0415677659e+00   -1.0802405423e+01    7.7995579949e-02    2.0800000000e+02    3.0345189749e-02    7.1936598558e-01
        45   -4.5045670093e+01    2.0297991586e+03   -8.3209765068e+01    3.8164094974e+01   -1.1080122927e+01   -5.1102678690e+01   -2.3439449303e+01    2.4124858529e+00   -1.0812844013e+01    7.7995579949e-02    2.0800000000e+02    3.0449391001e-02    7.1902043269e-01
        46   -4.4992487714e+01    2.0258291251e+03   -8.2245791741e+01    3.7253304027e+01   -1.1130336891e+01   -5.1102678690e+01   -2.3058411761e+01    3.0456356014e+00   -1.0847909278e+01    7.7995579949e-02    2.0800000000e+02    3.0369037064e-02    7.1727764423e-01
        47   -4.5142486985e+01    2.0388468501e+03   -8.2218646700e+01    3.7076159716e+01   -1.1174836070e+01   -5.1102678690e+01   -2.3061053029e+01    3.1199210895e+00   -1.0923814928e+01    7.7995579949e-02    2.0800000000e+02    3.1358645159e-02    7.1732271635e-01
        48   -4.5080302233e+01    2.0330957604e+03   -8.2165892451e+01    3.7085590218e+01   -1.0996527444e+01   -5.1102678690e+01   -2.3320358645e+01    3.2536723288e+00   -1.0721398419e+01    7.7995579949e-02    2.0800000000e+02    3.0493300743e-02    7.1586538462e-01
        49   -4.5156364671e+01    2.0411274970e+03   -8.2471331607e+01    3.7314966936e+01   -1.1156694656e+01   -5.1102678690e+01   -2.3163167871e+01    2.9512096106e+00   -1.0869951145e+01    7.7995579949e-02    2.0800000000e+02    3.0850207942e-02    7.1592548077e-01
        50   -4.5288534372e+01    2.0524977055e+03   -8.2984560073e+01    3.7696025701e+01   -1.1161697004e+01   -5.1102678690e+01   -2.4217167022e+01    3.4969826437e+00   -1.0881290501e+01    7.7995579949e-02    2.0800000000e+02    3.0652693953e-02    7.2011718750e-01
        51   -4.5101570512e+01    2.0352529190e+03   -8.1855649090e+01    3.6754078578e+01   -1.1370227745e+01   -5.1102678690e+01   -2.2182331214e+01    2.7995885602e+00   -1.1068854157e+01    7.7995579949e-02    2.0800000000e+02    3.0654225884e-02    7.1579026442e-01
        52   -4.4992104369e+01    2.0252866186e+03   -8.2532362841e+01    3.7540258473e+01   -1.1160774082e+01   -5.1102678690e+01   -2.2776126425e+01    2.5072163555e+00   -1.0868623967e+01    7.7995579949e-02    2.0800000000e+02    3.0674007692e-02    7.1912560096e-01
        53   -4.5171909488e+01    2.0417792402e+03   -8.1578067212e+01    3.6406157724e+01   -1.0911005323e+01   -5.1102678690e+01   -2.3036245087e+01    3.4718618892e+00   -1.0635026940e+01    7.7995579949e-02    2.0800000000e+02    3.0512697937e-02    7.1998197115e-01
        54   -4.5043235614e+01    2.0301954452e+03   -8.2330002600e+01    3.7286766986e+01   -1.0998641468e+01   -5.1102678690e+01   -2.3929939674e+01    3.7012572332e+00   -1.0724699376e+01    7.7995579949e-02    2.0800000000e+02    3.0524171889e-02    7.1615084135e-01
        55   -4.5094649944e+01    2.0347189945e+03   -8.2913624393e+01    3.7818974449e+01   -1.1060521277e+01   -5.1102678690e+01   -2.3426993668e+01    2.6765692427e+00   -1.0765108699e+01    7.7995579949e-02    2.0800000000e+02    3.0493944811e-02    7.1670673077e-01
        56   -4.5172442544e+01    2.0418358953e+03   -8.2853654365e+01    3.7681211821e+01   -1.1099588032e+01   -5.1102678690e+01   -2.2866459323e+01    2.2150716806e+00   -1.0845436111e+01    7.7995579949e-02    2.0800000000e+02    3.0563670771e-02    7.1669170673e-01
        57   -4.5044010604e+01    2.0298863555e+03   -8.1981338409e+01    3.6937327805e+01   -1.0982607238e+01   -5.1102678690e+01   -2.3187164421e+01    3.2911119398e+00   -1.0705501692e+01    7.7995579949e-02    2.0800000000e+02    3.0998417307e-02    7.2040264423e-01
        58   -4.5008527149e+01    2.0267725123e+03   -8.1696649669e+01    3.6688122520e+01   -1.1358314505e+01   -5.1102678690e+01   -2.2029064205e+01    2.7934077322e+00   -1.1087335993e+01    7.7995579949e-02    2.0800000000e+02    3.0570556119e-02    7.1885516827e-01
        59   -4.5034137354e+01    2.0290312760e+03   -8.3082246188e+01    3.8048108834e+01   -1.1375958744e+01   -5.1102678690e+01   -2.3100132366e+01    2.4965236125e+00   -1.1061170298e+01    7.7995579949e-02    2.0800000000e+02    3.0878176556e-02    7.2065805288e-01
        60   -4.4975658592e+01    2.0241052243e+03   -8.2480654467e+01    3.7504995874e+01   -1.1168824419e+01   -5.1102678690e+01   -2.3036746132e+01    2.8275947746e+00   -1.0913057171e+01    7.7995579949e-02    2.0800000000e+02    3.0800862623e-02    7.1711237981e-01
        61   -4.5072398564e+01    2.0325903291e+03   -8.1849301483e+01    3.6776902919e+01   -1.1063079699e+01   -5.1102678690e+01   -2.2876888801e+01    3.1933457079e+00   -1.0777945453e+01    7.7995579949e-02    2.0800000000e+02    3.0761785361e-02    7.1775841346e-01
        62   -4.5085962216e+01    2.0342805237e+03   -8.1679961554e+01    3.6593999338e+01   -1.0700843063e+01   -5.1102678690e+01   -2.3167208233e+01    3.2907684320e+00   -1.0425267490e+01    7.7995579949e-02    2.0800000000e+02    3.0567277194e-02    7.2109375000e-01
        63   -4.4967459587e+01    2.0231476058e+03   -8.2428319707e+01    3.7460860120e+01   -1.1265656209e+01   -5.1102678690e+01   -2.2707089584e+01    2.6471047769e+00   -1.0975237182e+01    7.7995579949e-02    2.0800000000e+02    3.1723076820e-02    7.1792367788e-01
        64   -4.5089575774e+01    2.0340634398e+03   -8.0700785235e+01    3.5611209461e+01   -1.1015665983e+01   -5.1102678690e+01   -2.1231912209e+01    2.6494716468e+00   -1.0730476684e+01    7.7995579949e-02    2.0800000000e+02    3.0486174874e-02    7.1763822115e-01
        65   -4.5159595402e+01    2.0402957020e+03   -8.2922066967e+01    3.7762471565e+01   -1.1178088171e+01   -5.1102678690e+01   -2.3566614256e+01    2.9253141499e+00   -1.0895011005e+01    7.7995579949e-02    2.0800000000e+02    3.0990783489e-02    7.1757812500e-01
        66   -4.5078858418e+01    2.0329994678e+03   -8.1616523040e+01    3.6537664621e+01   -1.1101775930e+01   -5.1102678690e+01   -2.2489889158e+01    3.0778207387e+00   -1.0834275238e+01    7.7995579949e-02    2.0800000000e+02    3.1242998746e-02    7.1878004808e-01
        67   -4.5074002432e+01    2.0327244358e+03   -8.3914986587e+01    3.8840984155e+01   -1.0998164435e+01   -5.1102678690e+01   -2.4705463780e+01    2.8913203179e+00   -1.0732663718e+01    7.7995579949e-02    2.0800000000e+02    3.1595056687e-02    7.1418269231e-01
        68   -4.5102037857e+01    2.0357274881e+03   -8.2890320045e+01    3.7788282188e+01   -1.0974564994e+01   -5.1102678690e+01   -2.3947428984e+01    3.1343526233e+00   -1.0670605511e+01    7.7995579949e-02    2.0800000000e+02    3.0694260822e-02    7.2010216346e-01
        69   -4.5076866436e+01    2.0328322121e+03   -8.2463002614e+01    3.7386136178e+01   -1.1254259969e+01   -5.1102678690e+01   -2.3182177735e+01    3.0761137808e+00   -1.0978168094e+01    7.7995579949e-02    2.0800000000e+02    3.1703465065e-02    7.2080829327e-01
        70   -4.5107056775e+01    2.0363156634e+03   -8.1838806568e+01    3.6731749793e+01   -1.1438668417e+01   -5.1102678690e+01   -2.2046758316e+01    2.7492988552e+00   -1.1186176914e+01    7.7995579949e-02    2.0800000000e+02    3.0385457700e-02    7.1742788462e-01
        71   -4.5101594376e+01    2.0352178425e+03   -8.3093520894e+01    3.7991926518e+01   -1.1096649636e+01   -5.1102678690e+01   -2.3745171951e+01    2.8509793834e+00   -1.0826240859e+01    7.7995579949e-02    2.0800000000e+02    3.0875043572e-02    7.1998197115e-01
        72   -4.5073687558e+01    2.0325092230e+03   -8.2471327988e+01    3.7397640430e+01   -1.0530727746e+01   -5.1102678690e+01   -2.4068798786e+01    3.2308772344e+00   -1.0276051384e+01    7.7995579949e-02    2.0800000000e+02    3.0626624306e-02    7.1624098558e-01
        73   -4.5235375790e+01    2.0487030865e+03   -8.2839995693e+01    3.7604619903e+01   -1.1050858844e+01   -5.1102678690e+01   -2.4065538409e+01    3.3790802510e+00   -1.0729543330e+01    7.7995579949e-02    2.0800000000e+02    3.0496673811e-02    7.1789362981e-01
        74   -4.5075269553e+01    2.0329451071e+03   -8.1879016785e+01    3.6803747232e+01   -1.1184185791e+01   -5.1102678690e+01   -2.2442848333e+01    2.8506960303e+00   -1.0890133592e+01    7.7995579949e-02    2.0800000000e+02    3.1187323708e-02    7.1585036058e-01
        75   -4.5056543971e+01    2.0312376720e+03   -8.2588422351e+01    3.7531878380e+01   -1.1073492775e+01   -5.1102678690e+01   -2.2711169967e+01    2.2989190816e+00   -1.0798707252e+01    7.7995579949e-02    2.0800000000e+02    3.0383045952e-02    7.1633112981e-01
        76   -4.5077571973e+01    2.0328397504e+03   -8.2014132046e+01    3.6936560073e+01   -1.1276432238e+01   -5.1102678690e+01   -2.2710973904e+01    3.0759527861e+00   -1.1010269994e+01    7.7995579949e-02    2.0800000000e+02    3.1543230987e-02    7.2061298077e-01
        77   -4.5040025532e+01    2.0296297984e+03   -8.1336351355e+01    3.6296325824e+01   -1.1140724788e+01   -5.1102678690e+01   -2.2002667392e+01    2.9097195148e+00   -1.0866664492e+01    7.7995579949e-02    2.0800000000e+02    3.1475507509e-02    7.2004206731e-01
        78   -4.5158610993e+01    2.0403917250e+03   -8.1214811269e+01    3.6056200276e+01   -1.1562295249e+01   -5.1102678690e+01   -2.1491011953e+01    2.9411746245e+00   -1.1295039305e+01    7.7995579949e-02    2.0800000000e+02    3.0573721924e-02    7.2085336538e-01
        79   -4.4974980179e+01    2.0236248846e+03   -8.3019796446e+01    3.8044816266e+01   -1.1015864663e+01   -5.1102678690e+01   -2.3679138340e+01    2.7778852481e+00   -1.0744499911e+01    7.7995579949e-02    2.0800000000e+02    3.1044551986e-02    7.1893028846e-01
        80   -4.4981292856e+01    2.0242768170e+03   -8.2078834338e+01    3.7097541481e+01   -1.1023364620e+01   -5.1102678690e+01   -2.2114446838e+01    2.1616558111e+00   -1.0738506780e+01    7.7995579949e-02    2.0800000000e+02    3.0526402246e-02    7.1813401442e-01
        81   -4.5088632257e+01    2.0339547059e+03   -8.2242824282e+01    3.7154192025e+01   -1.0887770248e+01   -5.1102678690e+01   -2.3527501410e+01    3.2751260669e+00   -1.0644207654e+01    7.7995579949e-02    2.0800000000e+02    3.0955449365e-02    7.1658653846e-01
        82   -4.5147542877e+01    2.0396113021e+03   -8.2702174704e+01    3.7554631827e+01   -1.1303898777e+01   -5.1102678690e+01   -2.3147087872e+01    2.8514906351e+00   -1.1048894480e+01    7.7995579949e-02    2.0800000000e+02    3.1435932942e-02    7.1310096154e-01
        83   -4.5111251463e+01    2.0363761045e+03   -8.1908955701e+01    3.6797704238e+01   -1.0970585883e+01   -5.1102678690e+01   -2.3453333283e+01    3.6176421547e+00   -1.0708236476e+01    7.7995579949e-02    2.0800000000e+02    3.0704826437e-02    7.1935096154e-01
        84   -4.5117893271e+01    2.0367519566e+03   -8.2164422806e+01    3.7046529535e+01   -1.1359039172e+01   -5.1102678690e+01   -2.2529045073e+01    2.8263401301e+00   -1.1095063451e+01    7.7995579949e-02    2.0800000000e+02    3.0601450439e-02    7.1451322115e-01
        85   -4.5218481019e+01    2.0457392145e+03   -8.3303179303e+01    3.8084698284e+01   -1.1296694985e+01   -5.1102678690e+01   -2.3428673638e+01    2.5248680110e+00   -1.1050833901e+01    7.7995579949e-02    2.0800000000e+02    3.0554143937e-02    7.1493389423e-01
        86   -4.5165252815e+01    2.0410759414e+03   -8.2491451730e+01    3.7326198914e+01   -1.1064865240e+01   -5.1102678690e+01   -2.3587193876e+01    3.2632860767e+00   -1.0754480734e+01    7.7995579949e-02    2.0800000000e+02    3.0119377690e-02    7.1724759615e-01
        87   -4.5213516840e+01    2.0453422842e+03   -8.2703288940e+01    3.7489772100e+01   -1.0982304679e+01   -5.1102678690e+01   -2.3455305071e+01    2.8369995002e+00   -1.0712363059e+01    7.7995579949e-02    2.0800000000e+02    3.0702809068e-02    7.2052283654e-01
        88   -4.5050723615e+01    2.0305669402e+03   -8.1926022534e+01    3.6875298919e+01   -1.1336761992e+01   -5.1102678690e+01   -2.2504167755e+01    3.0175859030e+00   -1.1010145184e+01    7.7995579949e-02    2.0800000000e+02    3.0406388985e-02    7.1793870192e-01
        89   -4.5112329876e+01    2.0361110387e+03   -8.1690961365e+01    3.6578631489e+01   -1.0887823619e+01   -5.1102678690e+01   -2.2325093205e+01    2.6246341506e+00   -1.0606004115e+01    7.7995579949e-02    2.0800000000e+02    3.0831895609e-02    7.2026742788e-01
        90   -4.5113269572e+01    2.0360842803e+03   -8.1592103782e+01    3.6478834210e+01   -1.1197076875e+01   -5.1102678690e+01   -2.1249664559e+01    1.9573163434e+00   -1.0909626285e+01    7.7995579949e-02    2.0800000000e+02    3.0988818449e-02    7.1983173077e-01
        91   -4.5153907395e+01    2.0399477767e+03   -8.2809427582e+01    3.7655520187e+01   -1.1209349403e+01   -5.1102678690e+01   -2.3007832019e+01    2.5104325299e+00   -1.0928746259e+01    7.7995579949e-02    2.0800000000e+02    3.0548245610e-02    7.1657151442e-01
        92   -4.5144058813e+01    2.0388900521e+03   -8.3086027968e+01    3.7941969155e+01   -1.0875452056e+01   -5.1102678690e+01   -2.4346966318e+01    3.2390690966e+00   -1.0583597657e+01    7.7995579949e-02    2.0800000000e+02    3.1570562933e-02    7.1804387019e-01
        93   -4.5156352756e+01    2.0401249044e+03   -8.3840625590e+01    3.8684272835e+01   -1.1095295021e+01   -5.1102678690e+01   -2.4608950711e+01    2.9662988321e+00   -1.0875874605e+01    7.7995579949e-02    2.0800000000e+02    3.0563659500e-02    7.1894531250e-01
        94   -4.5018023438e+01    2.0277980047e+03   -8.1204454157e+01    3.6186430719e+01   -1.1089305586e+01   -5.1102678690e+01   -2.1912811642e+01    2.9003417609e+00   -1.0815409360e+01    7.7995579949e-02    2.0800000000e+02    3.0467999481e-02    7.1688701923e-01
        95   -4.5147437894e+01    2.0395083934e+03   -8.1187067725e+01    3.6039629831e+01   -1.1179782685e+01   -5.1102678690e+01   -2.1759006414e+01    2.8544000640e+00   -1.0912160505e+01    7.7995579949e-02    2.0800000000e+02    3.0520543536e-02    7.1505408654e-01
        96   -4.4956771489e+01    2.0221010362e+03   -8.2557552394e+01    3.7600780905e+01   -1.1168400596e+01   -5.1102678690e+01   -2.2969871019e+01    2.6833979120e+00   -1.0903876011e+01    7.7995579949e-02    2.0800000000e+02    3.0754992826e-02    7.1828425481e-01
        97   -4.4959514016e+01    2.0240727689e+03   -8.2139384576e+01    3.7179870560e+01   -1.1318671056e+01   -5.1102678690e+01   -2.3165898853e+01    3.4478640243e+00   -1.1062600151e+01    7.7995579949e-02    2.0800000000e+02    3.0478317174e-02    7.1777343750e-01
        98   -4.5124692972e+01    2.0372073534e+03   -8.3055569120e+01    3.7930876148e+01   -1.0800964592e+01   -5.1102678690e+01   -2.3897342724e+01    2.7454168864e+00   -1.0526762216e+01    7.7995579949e-02    2.0800000000e+02    3.0628462140e-02    7.1610576923e-01
        99   -4.4991625885e+01    2.0254735784e+03   -8.2802917351e+01    3.7811291466e+01   -1.1077278683e+01   -5.1102678690e+01   -2.3715024596e+01    3.0920646173e+00   -1.0809997559e+01    7.7995579949e-02    2.0800000000e+02    3.0616091302e-02    7.1751802885e-01
