#   index    LocalEnergy         LocalEnergy_sq      LocalPotential      Kinetic             ElecElec            IonIon              LocalECP            NonLocalECP         BlockWeight         BlockCPU            AcceptRatio         
         0   -3.1819887595e+01    1.0133456656e+03   -5.7784647335e+01    2.5964759740e+01    3.7915069215e+01    1.9050379639e+01   -1.1776823311e+02    3.0181369255e+00    3.2000000000e+02    9.4891488552e-03    8.7187500000e-01
         1   -3.1774063430e+01    1.0111583128e+03   -5.5880858128e+01    2.4106794699e+01    3.7866443439e+01    1.9050379639e+01   -1.1477471520e+02    1.9770339948e+00    3.2000000000e+02    1.0106816888e-02    8.7855902778e-01
         2   -3.1737623799e+01    1.0082034584e+03   -5.8587006865e+01    2.6849383066e+01    3.8994087988e+01    1.9050379639e+01   -1.1918412101e+02    2.5526465168e+00    3.2000000000e+02    1.0356679559e-02    8.7352430556e-01
         3   -3.1697452413e+01    1.0051884057e+03   -5.8502042686e+01    2.6804590273e+01    3.8622094790e+01    1.9050379639e+01   -1.1888889387e+02    2.7143767510e+00    3.2000000000e+02    1.0428592563e-02    8.7673611111e-01
         4   -3.1771541428e+01    1.0101489714e+03   -5.6981876583e+01    2.5210335156e+01    3.7939871333e+01    1.9050379639e+01   -1.1700096026e+02    3.0288327069e+00    3.2000000000e+02    1.0203510523e-02    8.8489583333e-01
         5   -3.1780606720e+01    1.0105028759e+03   -5.8766467876e+01    2.6985861156e+01    3.8267720537e+01    1.9050379639e+01   -1.1827432914e+02    2.1897610910e+00    3.2000000000e+02    1.0315328836e-02    8.7968750000e-01
         6   -3.1712024985e+01    1.0062518989e+03   -5.8288724083e+01    2.6576699098e+01    3.8585194916e+01    1.9050379639e+01   -1.1823960280e+02    2.3153041612e+00    3.2000000000e+02    1.0251134634e-02    8.7387152778e-01
         7   -3.1810724136e+01    1.0125997504e+03   -5.6559147089e+01    2.4748422953e+01    3.8464723243e+01    1.9050379639e+01   -1.1675783069e+02    2.6835807193e+00    3.2000000000e+02    1.0234430432e-02    8.7934027778e-01
         8   -3.1798758126e+01    1.0116415870e+03   -5.7534356756e+01    2.5735598630e+01    3.8210519560e+01    1.9050379639e+01   -1.1752993303e+02    2.7346770712e+00    3.2000000000e+02    1.0123521090e-02    8.7248263889e-01
         9   -3.1840570708e+01    1.0143003852e+03   -5.7540273690e+01    2.5699702981e+01    3.8216514776e+01    1.9050379639e+01   -1.1773887889e+02    2.9317107863e+00    3.2000000000e+02    1.0352596641e-02    8.7178819444e-01
        10   -3.1766252216e+01    1.0095156239e+03   -5.5978554881e+01    2.4212302664e+01    3.7067283993e+01    1.9050379639e+01   -1.1488119242e+02    2.7849739110e+00    3.2000000000e+02    1.0029464960e-02    8.8185763889e-01
        11   -3.1744655904e+01    1.0083760048e+03   -5.6729318751e+01    2.4984662847e+01    3.8352237349e+01    1.9050379639e+01   -1.1659487457e+02    2.4629388291e+00    3.2000000000e+02    1.0228082538e-02    8.7517361111e-01
        12   -3.1822121175e+01    1.0133944845e+03   -5.7894035459e+01    2.6071914284e+01    3.7801368871e+01    1.9050379639e+01   -1.1746719457e+02    2.7214106052e+00    3.2000000000e+02    1.0110333562e-02    8.7369791667e-01
        13   -3.1719441823e+01    1.0066462604e+03   -5.7019356615e+01    2.5299914792e+01    3.8233035566e+01    1.9050379639e+01   -1.1662876576e+02    2.3259939377e+00    3.2000000000e+02    1.0199666023e-02    8.7812500000e-01
        14   -3.1749632513e+01    1.0085321306e+03   -5.7575341232e+01    2.5825708719e+01    3.7857907864e+01    1.9050379639e+01   -1.1737707750e+02    2.8934487660e+00    3.2000000000e+02    1.0099440813e-02    8.7812500000e-01
        15   -3.1758037781e+01    1.0090996671e+03   -5.8226890793e+01    2.6468853012e+01    3.8283576234e+01    1.9050379639e+01   -1.1785511959e+02    2.2942729277e+00    3.2000000000e+02    1.0734647512e-02    8.7560763889e-01
        16   -3.1739630594e+01    1.0078672988e+03   -5.6416407146e+01    2.4676776551e+01    3.7681503626e+01    1.9050379639e+01   -1.1525103476e+02    2.1027443508e+00    3.2000000000e+02    1.0212928057e-02    8.8020833333e-01
        17   -3.1770090765e+01    1.0099768502e+03   -5.7552663382e+01    2.5782572616e+01    3.8044289067e+01    1.9050379639e+01   -1.1714936555e+02    2.5020334668e+00    3.2000000000e+02    1.0322302580e-02    8.7482638889e-01
        18   -3.1799496525e+01    1.0117871640e+03   -5.8936450150e+01    2.7136953625e+01    3.8441888290e+01    1.9050379639e+01   -1.1835310779e+02    1.9243897074e+00    3.2000000000e+02    1.0303497314e-02    8.7638888889e-01
        19   -3.1749334518e+01    1.0085729684e+03   -5.8507475783e+01    2.6758141265e+01    3.8830135122e+01    1.9050379639e+01   -1.1866373493e+02    2.2757443886e+00    3.2000000000e+02    1.0409891605e-02    8.7751736111e-01
        20   -3.1748706758e+01    1.0086715252e+03   -5.7409212910e+01    2.5660506152e+01    3.8516091559e+01    1.9050379639e+01   -1.1696181430e+02    1.9861301937e+00    3.2000000000e+02    1.0245844722e-02    8.7682291667e-01
        21   -3.1812848407e+01    1.0128542340e+03   -5.8530393651e+01    2.6717545244e+01    3.8359190761e+01    1.9050379639e+01   -1.1777695825e+02    1.8369941971e+00    3.2000000000e+02    1.0312005877e-02    8.7473958333e-01
        22   -3.1766661065e+01    1.0098480965e+03   -5.8279270689e+01    2.6512609624e+01    3.8653050363e+01    1.9050379639e+01   -1.1851160162e+02    2.5289009310e+00    3.2000000000e+02    1.0341390967e-02    8.7022569444e-01
        23   -3.1701052226e+01    1.0055983059e+03   -5.8310620561e+01    2.6609568335e+01    3.8725752354e+01    1.9050379639e+01   -1.1848163570e+02    2.3948831453e+00    3.2000000000e+02    1.0398730636e-02    8.7838541667e-01
        24   -3.1787536278e+01    1.0108861013e+03   -5.7458698086e+01    2.5671161807e+01    3.7956521565e+01    1.9050379639e+01   -1.1736568689e+02    2.9000876001e+00    3.2000000000e+02    1.0091662407e-02    8.7673611111e-01
        25   -3.1714616488e+01    1.0063117603e+03   -5.6560214444e+01    2.4845597955e+01    3.7591249833e+01    1.9050379639e+01   -1.1618116900e+02    2.9793250865e+00    3.2000000000e+02    1.0094538331e-02    8.7899305556e-01
        26   -3.1751654128e+01    1.0088588579e+03   -5.9755217505e+01    2.8003563377e+01    3.8239724406e+01    1.9050379639e+01   -1.1935910817e+02    2.3137866165e+00    3.2000000000e+02    1.0306328535e-02    8.7569444444e-01
        27   -3.1881746181e+01    1.0181240075e+03   -5.9514552966e+01    2.7632806786e+01    3.8083850823e+01    1.9050379639e+01   -1.1847869654e+02    1.8299131086e+00    3.2000000000e+02    1.0257273912e-02    8.7447916667e-01
        28   -3.1780709289e+01    1.0107614034e+03   -5.9115657456e+01    2.7334948167e+01    3.8214680824e+01    1.9050379639e+01   -1.1890113927e+02    2.5204213489e+00    3.2000000000e+02    1.0284125805e-02    8.7118055556e-01
        29   -3.1693675394e+01    1.0050854646e+03   -5.8602111112e+01    2.6908435718e+01    3.8377789996e+01    1.9050379639e+01   -1.1843207916e+02    2.4017984139e+00    3.2000000000e+02    1.0359779000e-02    8.7074652778e-01
        30   -3.1871570791e+01    1.0169978125e+03   -5.6393606056e+01    2.4522035266e+01    3.8636357577e+01    1.9050379639e+01   -1.1693459883e+02    2.8542555589e+00    3.2000000000e+02    1.0356128216e-02    8.7873263889e-01
        31   -3.1790153513e+01    1.0112239504e+03   -5.9632306718e+01    2.7842153205e+01    3.8789992839e+01    1.9050379639e+01   -1.1972760877e+02    2.2549295745e+00    3.2000000000e+02    1.0336250067e-02    8.7161458333e-01
        32   -3.1850529128e+01    1.0151502096e+03   -5.7674265117e+01    2.5823735989e+01    3.8115410346e+01    1.9050379639e+01   -1.1702779226e+02    2.1877371551e+00    3.2000000000e+02    1.0708674788e-02    8.7699652778e-01
        33   -3.1839449576e+01    1.0143801191e+03   -5.7221207674e+01    2.5381758099e+01    3.8244704695e+01    1.9050379639e+01   -1.1697520634e+02    2.4589143362e+00    3.2000000000e+02    1.0241761804e-02    8.8168402778e-01
        34   -3.1779738907e+01    1.0105921626e+03   -5.6188405628e+01    2.4408666721e+01    3.7266303343e+01    1.9050379639e+01   -1.1453969196e+02    2.0346033482e+00    3.2000000000e+02    9.9935680628e-03    8.8012152778e-01
        35   -3.1779376748e+01    1.0104213963e+03   -5.6292529321e+01    2.4513152572e+01    3.7499478240e+01    1.9050379639e+01   -1.1496615864e+02    2.1237714412e+00    3.2000000000e+02    1.0011389852e-02    8.7812500000e-01
        36   -3.1755584784e+01    1.0090442241e+03   -5.8741280545e+01    2.6985695761e+01    3.7858344325e+01    1.9050379639e+01   -1.1782628911e+02    2.1762845980e+00    3.2000000000e+02    1.0410875082e-02    8.7421875000e-01
        37   -3.1821710895e+01    1.0131059153e+03   -5.7348412933e+01    2.5526702037e+01    3.7879788150e+01    1.9050379639e+01   -1.1691344558e+02    2.6348648568e+00    3.2000000000e+02    1.0321989655e-02    8.7838541667e-01
        38   -3.1795528782e+01    1.0116166135e+03   -5.8420634226e+01    2.6625105443e+01    3.9174536195e+01    1.9050379639e+01   -1.1931650873e+02    2.6709586676e+00    3.2000000000e+02    1.0491639376e-02    8.7196180556e-01
        39   -3.1765575463e+01    1.0103215004e+03   -5.7206313387e+01    2.5440737924e+01    3.7968463762e+01    1.9050379639e+01   -1.1697784602e+02    2.7526892300e+00    3.2000000000e+02    1.0177835822e-02    8.7387152778e-01
        40   -3.1749415267e+01    1.0086690532e+03   -5.7726164366e+01    2.5976749099e+01    3.8004767460e+01    1.9050379639e+01   -1.1705461884e+02    2.2733073762e+00    3.2000000000e+02    1.0250523686e-02    8.8081597222e-01
        41   -3.1707880677e+01    1.0059635327e+03   -5.8616223507e+01    2.6908342830e+01    3.9672593673e+01    1.9050379639e+01   -1.2076467686e+02    3.4254800426e+00    3.2000000000e+02    1.0548979044e-02    8.7760416667e-01
        42   -3.1815186724e+01    1.0136781300e+03   -5.7451439475e+01    2.5636252750e+01    3.7880484783e+01    1.9050379639e+01   -1.1627093641e+02    1.8886325085e+00    3.2000000000e+02    1.0050639510e-02    8.8020833333e-01
        43   -3.1746996428e+01    1.0084343388e+03   -5.6833890752e+01    2.5086894324e+01    3.7655206213e+01    1.9050379639e+01   -1.1572349575e+02    2.1840191482e+00    3.2000000000e+02    1.0120496154e-02    8.7517361111e-01
        44   -3.1715579648e+01    1.0064299735e+03   -5.8097840379e+01    2.6382260731e+01    3.7958106926e+01    1.9050379639e+01   -1.1784651468e+02    2.7401877400e+00    3.2000000000e+02    1.0353237391e-02    8.8020833333e-01
        45   -3.1741687476e+01    1.0083010169e+03   -5.7022925722e+01    2.5281238246e+01    3.7984154721e+01    1.9050379639e+01   -1.1660568622e+02    2.5482261354e+00    3.2000000000e+02    1.0348275304e-02    8.8081597222e-01
        46   -3.1738510968e+01    1.0084617877e+03   -5.8783778739e+01    2.7045267771e+01    3.8620757347e+01    1.9050379639e+01   -1.1844217317e+02    1.9872574421e+00    3.2000000000e+02    1.0327175260e-02    8.7560763889e-01
        47   -3.1810728358e+01    1.0125605914e+03   -5.8581944902e+01    2.6771216544e+01    3.7888570043e+01    1.9050379639e+01   -1.1733114697e+02    1.8102523839e+00    3.2000000000e+02    1.0159432888e-02    8.7508680556e-01
        48   -3.1707119094e+01    1.0059865940e+03   -5.7895228831e+01    2.6188109737e+01    3.8962700242e+01    1.9050379639e+01   -1.1981479273e+02    3.9064840141e+00    3.2000000000e+02    1.0525017977e-02    8.7751736111e-01
        49   -3.1763811758e+01    1.0095930885e+03   -5.7684158835e+01    2.5920347077e+01    3.7998843330e+01    1.9050379639e+01   -1.1698565020e+02    2.2522683997e+00    3.2000000000e+02    1.0198429227e-02    8.7821180556e-01
        50   -3.1719375716e+01    1.0068424951e+03   -5.8187801132e+01    2.6468425416e+01    3.8971955286e+01    1.9050379639e+01   -1.1874583831e+02    2.5357022523e+00    3.2000000000e+02    1.0394990444e-02    8.7369791667e-01
        51   -3.1851755754e+01    1.0152351609e+03   -5.8848190680e+01    2.6996434926e+01    3.8292921734e+01    1.9050379639e+01   -1.1866620741e+02    2.4747153519e+00    3.2000000000e+02    1.0362014174e-02    8.7526041667e-01
        52   -3.1782077643e+01    1.0104976555e+03   -5.6873440016e+01    2.5091362373e+01    3.7915334795e+01    1.9050379639e+01   -1.1632254766e+02    2.4833932112e+00    3.2000000000e+02    1.0271772742e-02    8.8211805556e-01
        53   -3.1761997180e+01    1.0096095796e+03   -5.7776639489e+01    2.6014642309e+01    3.8075700352e+01    1.9050379639e+01   -1.1755031918e+02    2.6475996964e+00    3.2000000000e+02    1.0200545192e-02    8.7421875000e-01
        54   -3.1766074441e+01    1.0097376164e+03   -5.8283521771e+01    2.6517447330e+01    3.7963076305e+01    1.9050379639e+01   -1.1787358556e+02    2.5766078425e+00    3.2000000000e+02    1.0332509875e-02    8.7812500000e-01
        55   -3.1695432005e+01    1.0052061187e+03   -5.7833060355e+01    2.6137628350e+01    3.8693102921e+01    1.9050379639e+01   -1.1828761192e+02    2.7110690092e+00    3.2000000000e+02    1.0445341468e-02    8.7369791667e-01
        56   -3.1781624673e+01    1.0106533994e+03   -5.6885620726e+01    2.5103996053e+01    3.8148095139e+01    1.9050379639e+01   -1.1688119719e+02    2.7971016879e+00    3.2000000000e+02    1.0270714760e-02    8.8003472222e-01
        57   -3.1788809758e+01    1.0111728566e+03   -5.8148809656e+01    2.6359999898e+01    3.8442963766e+01    1.9050379639e+01   -1.1793299875e+02    2.2908456884e+00    3.2000000000e+02    1.0343551636e-02    8.7543402778e-01
        58   -3.1781575680e+01    1.0108673647e+03   -5.6990742998e+01    2.5209167319e+01    3.8393199882e+01    1.9050379639e+01   -1.1708419465e+02    2.6498721312e+00    3.2000000000e+02    1.0238334537e-02    8.7560763889e-01
        59   -3.1823400800e+01    1.0132480119e+03   -5.8170688348e+01    2.6347287548e+01    3.7942272521e+01    1.9050379639e+01   -1.1765073379e+02    2.4873932772e+00    3.2000000000e+02    1.0185629129e-02    8.7664930556e-01
        60   -3.1809204273e+01    1.0124681492e+03   -5.8819228421e+01    2.7010024149e+01    3.7976364409e+01    1.9050379639e+01   -1.1802315554e+02    2.1771830699e+00    3.2000000000e+02    1.0223403573e-02    8.7795138889e-01
        61   -3.1797182028e+01    1.0119362790e+03   -5.7106165477e+01    2.5308983449e+01    3.7906335027e+01    1.9050379639e+01   -1.1721573595e+02    3.1528558076e+00    3.2000000000e+02    1.0161161423e-02    8.8333333333e-01
        62   -3.1794978446e+01    1.0115017493e+03   -5.6788654490e+01    2.4993676044e+01    3.7897532310e+01    1.9050379639e+01   -1.1620855576e+02    2.4719893200e+00    3.2000000000e+02    1.0164082050e-02    8.7751736111e-01
        63   -3.1778476518e+01    1.0108893648e+03   -5.8144548853e+01    2.6366072335e+01    3.8312963300e+01    1.9050379639e+01   -1.1835072651e+02    2.8428347202e+00    3.2000000000e+02    1.0290384293e-02    8.8020833333e-01
        64   -3.1741103109e+01    1.0079578217e+03   -5.7424716960e+01    2.5683613852e+01    3.7876466661e+01    1.9050379639e+01   -1.1681652008e+02    2.4649568164e+00    3.2000000000e+02    1.0151997209e-02    8.7977430556e-01
        65   -3.1727940858e+01    1.0071661837e+03   -5.8275016355e+01    2.6547075497e+01    3.8670090980e+01    1.9050379639e+01   -1.1879141018e+02    2.7959232078e+00    3.2000000000e+02    1.0374471545e-02    8.7725694444e-01
        66   -3.1923973080e+01    1.0204487654e+03   -5.9302676886e+01    2.7378703806e+01    3.8373934848e+01    1.9050379639e+01   -1.1947950370e+02    2.7525123264e+00    3.2000000000e+02    1.0218948126e-02    8.8185763889e-01
        67   -3.1698221977e+01    1.0054685622e+03   -5.7263032958e+01    2.5564810982e+01    3.7953604743e+01    1.9050379639e+01   -1.1655727200e+02    2.2902546563e+00    3.2000000000e+02    1.0163158178e-02    8.7673611111e-01
        68   -3.1832711194e+01    1.0139506017e+03   -5.8618639962e+01    2.6785928768e+01    3.8429226075e+01    1.9050379639e+01   -1.1849317830e+02    2.3949326209e+00    3.2000000000e+02    1.0346606374e-02    8.7647569444e-01
        69   -3.1831105454e+01    1.0137052324e+03   -5.7683248324e+01    2.5852142870e+01    3.8021665675e+01    1.9050379639e+01   -1.1768730973e+02    2.9320160946e+00    3.2000000000e+02    1.0212689638e-02    8.7690972222e-01
        70   -3.1760808268e+01    1.0094563658e+03   -5.6996544275e+01    2.5235736008e+01    3.8048061795e+01    1.9050379639e+01   -1.1750243113e+02    3.4074454240e+00    3.2000000000e+02    1.0220110416e-02    8.8524305556e-01
        71   -3.1733853349e+01    1.0079418860e+03   -5.8483383391e+01    2.6749530043e+01    3.8737319488e+01    1.9050379639e+01   -1.1876387131e+02    2.4927887935e+00    3.2000000000e+02    1.0441958904e-02    8.8185763889e-01
        72   -3.1849097118e+01    1.0148643160e+03   -5.7532075781e+01    2.5682978664e+01    3.8029887546e+01    1.9050379639e+01   -1.1752307085e+02    2.9107278882e+00    3.2000000000e+02    1.0251820087e-02    8.7343750000e-01
        73   -3.1787755189e+01    1.0111820704e+03   -5.7758356721e+01    2.5970601532e+01    3.8161518683e+01    1.9050379639e+01   -1.1806171832e+02    3.0914632760e+00    3.2000000000e+02    1.0173350573e-02    8.7239583333e-01
        74   -3.1790677473e+01    1.0113933505e+03   -5.8773111095e+01    2.6982433621e+01    3.8517929285e+01    1.9050379639e+01   -1.1870431612e+02    2.3628961022e+00    3.2000000000e+02    1.0215699673e-02    8.6953125000e-01
        75   -3.1735869304e+01    1.0076648755e+03   -5.6963016178e+01    2.5227146874e+01    3.8031285043e+01    1.9050379639e+01   -1.1629633154e+02    2.2516506778e+00    3.2000000000e+02    1.0152250528e-02    8.7586805556e-01
        76   -3.1677655324e+01    1.0039442582e+03   -5.7463665457e+01    2.5786010132e+01    3.7875255938e+01    1.9050379639e+01   -1.1720778657e+02    2.8184855335e+00    3.2000000000e+02    1.0250434279e-02    8.8237847222e-01
        77   -3.1860204384e+01    1.0160073993e+03   -5.7536816594e+01    2.5676612210e+01    3.8562867244e+01    1.9050379639e+01   -1.1748386431e+02    2.3338008376e+00    3.2000000000e+02    1.0207861662e-02    8.7795138889e-01
        78   -3.1819708268e+01    1.0131392995e+03   -5.7218151619e+01    2.5398443351e+01    3.7963258458e+01    1.9050379639e+01   -1.1661794717e+02    2.3861574492e+00    3.2000000000e+02    1.0237321258e-02    8.8350694444e-01
        79   -3.1748529119e+01    1.0087675139e+03   -5.7602581808e+01    2.5854052689e+01    3.8285023628e+01    1.9050379639e+01   -1.1705613765e+02    2.1181525755e+00    3.2000000000e+02    1.0297194123e-02    8.7951388889e-01
        80   -3.1777355584e+01    1.0102998345e+03   -5.7308635894e+01    2.5531280311e+01    3.7855032335e+01    1.9050379639e+01   -1.1674792874e+02    2.5338808670e+00    3.2000000000e+02    1.0186418891e-02    8.7604166667e-01
        81   -3.1715471683e+01    1.0063933272e+03   -5.7143781027e+01    2.5428309343e+01    3.7862853994e+01    1.9050379639e+01   -1.1660266481e+02    2.5456501550e+00    3.2000000000e+02    1.0110810399e-02    8.7447916667e-01
        82   -3.1782188325e+01    1.0107960228e+03   -5.7393427320e+01    2.5611238995e+01    3.7617963589e+01    1.9050379639e+01   -1.1625392786e+02    2.1921573093e+00    3.2000000000e+02    1.0103821754e-02    8.7369791667e-01
        83   -3.1808806615e+01    1.0124091529e+03   -5.7137849077e+01    2.5329042462e+01    3.7363012643e+01    1.9050379639e+01   -1.1520099826e+02    1.6497569063e+00    3.2000000000e+02    1.0113731027e-02    8.8515625000e-01
        84   -3.1712592856e+01    1.0061800751e+03   -5.8359049594e+01    2.6646456738e+01    3.8565970898e+01    1.9050379639e+01   -1.1833491401e+02    2.3595138835e+00    3.2000000000e+02    1.0300382972e-02    8.7569444444e-01
        85   -3.1824374020e+01    1.0134400481e+03   -5.6892632406e+01    2.5068258386e+01    3.7251341762e+01    1.9050379639e+01   -1.1526704062e+02    2.0726868096e+00    3.2000000000e+02    1.0089546442e-02    8.8003472222e-01
        86   -3.1772059805e+01    1.0099863538e+03   -5.7701459347e+01    2.5929399542e+01    3.7707811712e+01    1.9050379639e+01   -1.1667195437e+02    2.2123036758e+00    3.2000000000e+02    1.0083958507e-02    8.7638888889e-01
        87   -3.1738148592e+01    1.0078963968e+03   -5.7076929818e+01    2.5338781227e+01    3.7940051196e+01    1.9050379639e+01   -1.1672058623e+02    2.6532255737e+00    3.2000000000e+02    1.0169774294e-02    8.7569444444e-01
        88   -3.1700078317e+01    1.0055805763e+03   -5.7312446213e+01    2.5612367896e+01    3.8339300637e+01    1.9050379639e+01   -1.1747510552e+02    2.7729790328e+00    3.2000000000e+02    1.0254293680e-02    8.7196180556e-01
        89   -3.1761536345e+01    1.0094488354e+03   -5.7337709974e+01    2.5576173629e+01    3.7809639446e+01    1.9050379639e+01   -1.1727613852e+02    3.0784094597e+00    3.2000000000e+02    1.0105982423e-02    8.7439236111e-01
        90   -3.1790875739e+01    1.0112835070e+03   -5.7117313312e+01    2.5326437573e+01    3.7634981049e+01    1.9050379639e+01   -1.1631156496e+02    2.5088909572e+00    3.2000000000e+02    1.0079443455e-02    8.7569444444e-01
        91   -3.1731954166e+01    1.0075437302e+03   -5.8174364218e+01    2.6442410053e+01    3.8043032006e+01    1.9050379639e+01   -1.1783505448e+02    2.5672786174e+00    3.2000000000e+02    1.0248914361e-02    8.7881944444e-01
        92   -3.1756610178e+01    1.0091444023e+03   -5.9161257425e+01    2.7404647248e+01    3.8756431817e+01    1.9050379639e+01   -1.1957790110e+02    2.6098322147e+00    3.2000000000e+02    1.0549157858e-02    8.6857638889e-01
        93   -3.1819435005e+01    1.0136868708e+03   -5.9626081672e+01    2.7806646668e+01    3.8483750204e+01    1.9050379639e+01   -1.1934805859e+02    2.1878470766e+00    3.2000000000e+02    1.0364919901e-02    8.7300347222e-01
        94   -3.1796123341e+01    1.0115900872e+03   -5.7880125987e+01    2.6084002646e+01    3.7749727282e+01    1.9050379639e+01   -1.1679366684e+02    2.1134339308e+00    3.2000000000e+02    1.0071843863e-02    8.7543402778e-01
        95   -3.1780595854e+01    1.0105654270e+03   -5.8183090615e+01    2.6402494762e+01    3.8069952882e+01    1.9050379639e+01   -1.1786142050e+02    2.5579973629e+00    3.2000000000e+02    1.0249555111e-02    8.7682291667e-01
        96   -3.1730518130e+01    1.0073870890e+03   -5.7126167311e+01    2.5395649181e+01    3.7889750633e+01    1.9050379639e+01   -1.1661988650e+02    2.5535889166e+00    3.2000000000e+02    1.0219633579e-02    8.7864583333e-01
        97   -3.1702673632e+01    1.0056535171e+03   -5.7657841521e+01    2.5955167889e+01    3.8313118227e+01    1.9050379639e+01   -1.1774833866e+02    2.7269992701e+00    3.2000000000e+02    1.0269254446e-02    8.8012152778e-01
        98   -3.1671940066e+01    1.0037796562e+03   -5.6829872710e+01    2.5157932644e+01    3.8181771270e+01    1.9050379639e+01   -1.1703118490e+02    2.9691612811e+00    3.2000000000e+02    1.0178029537e-02    8.8237847222e-01
        99   -3.1744097356e+01    1.0083796888e+03   -5.7297742589e+01    2.5553645233e+01    3.8604093731e+01    1.9050379639e+01   -1.1824042398e+02    3.2882080212e+00    3.2000000000e+02    1.0291785002e-02    8.7664930556e-01
       100   -3.1804424573e+01    1.0125785685e+03   -5.8622111015e+01    2.6817686441e+01    3.8409594009e+01    1.9050379639e+01   -1.1819082277e+02    2.1087381095e+00    3.2000000000e+02    1.0380253196e-02    8.7196180556e-01
       101   -3.1857353613e+01    1.0154015421e+03   -5.7042926283e+01    2.5185572670e+01    3.8508812840e+01    1.9050379639e+01   -1.1710486048e+02    2.5027417216e+00    3.2000000000e+02    1.0344967246e-02    8.7517361111e-01
       102   -3.1814301090e+01    1.0129871344e+03   -5.7746828334e+01    2.5932527244e+01    3.7395410496e+01    1.9050379639e+01   -1.1638959534e+02    2.1969768667e+00    3.2000000000e+02    1.0175734758e-02    8.7621527778e-01
       103   -3.1838807448e+01    1.0142202216e+03   -5.7591054567e+01    2.5752247119e+01    3.8284757926e+01    1.9050379639e+01   -1.1752815615e+02    2.6019640165e+00    3.2000000000e+02    1.0289743543e-02    8.7039930556e-01
       104   -3.1670980838e+01    1.0036622684e+03   -5.8642888471e+01    2.6971907632e+01    3.7913763654e+01    1.9050379639e+01   -1.1761821340e+02    2.0111816400e+00    3.2000000000e+02    1.0206013918e-02    8.7005208333e-01
       105   -3.1771136048e+01    1.0098948775e+03   -5.6766287435e+01    2.4995151387e+01    3.7462397409e+01    1.9050379639e+01   -1.1587998534e+02    2.6009208564e+00    3.2000000000e+02    1.0166212916e-02    8.8229166667e-01
       106   -3.1794224757e+01    1.0116767107e+03   -5.8103488092e+01    2.6309263335e+01    3.8014243320e+01    1.9050379639e+01   -1.1767127508e+02    2.5031640316e+00    3.2000000000e+02    1.0317936540e-02    8.8046875000e-01
       107   -3.1735324094e+01    1.0078227380e+03   -5.7947868632e+01    2.6212544537e+01    3.7630719979e+01    1.9050379639e+01   -1.1652647139e+02    1.8975031371e+00    3.2000000000e+02    1.0099574924e-02    8.7795138889e-01
       108   -3.1798730403e+01    1.0117433956e+03   -5.9389235137e+01    2.7590504735e+01    3.8902400123e+01    1.9050379639e+01   -1.1951005743e+02    2.1680425354e+00    3.2000000000e+02    1.0482221842e-02    8.7690972222e-01
       109   -3.1859758971e+01    1.0157468847e+03   -5.8435894989e+01    2.6576136018e+01    3.8346829116e+01    1.9050379639e+01   -1.1859846817e+02    2.7653644294e+00    3.2000000000e+02    1.0332569480e-02    8.7326388889e-01
       110   -3.1716490478e+01    1.0064469127e+03   -5.7825856247e+01    2.6109365769e+01    3.8208317874e+01    1.9050379639e+01   -1.1762733196e+02    2.5427782049e+00    3.2000000000e+02    1.0257840157e-02    8.7743055556e-01
       111   -3.1801885872e+01    1.0119966938e+03   -5.8153995931e+01    2.6352110059e+01    3.8533206847e+01    1.9050379639e+01   -1.1869763957e+02    2.9600571521e+00    3.2000000000e+02    1.0278746486e-02    8.7552083333e-01
       112   -3.1826550671e+01    1.0134912660e+03   -5.6199018511e+01    2.4372467840e+01    3.7780474381e+01    1.9050379639e+01   -1.1585373595e+02    2.8238634235e+00    3.2000000000e+02    1.0264381766e-02    8.8776041667e-01
       113   -3.1753198788e+01    1.0089554529e+03   -5.6955979292e+01    2.5202780504e+01    3.8124823075e+01    1.9050379639e+01   -1.1637899212e+02    2.2478101133e+00    3.2000000000e+02    1.0303497314e-02    8.7873263889e-01
       114   -3.1800413108e+01    1.0117869116e+03   -5.7709095041e+01    2.5908681933e+01    3.7737185499e+01    1.9050379639e+01   -1.1731396642e+02    2.8173062375e+00    3.2000000000e+02    1.0131135583e-02    8.7430555556e-01
       115   -3.1867829673e+01    1.0165926094e+03   -5.7696757407e+01    2.5828927734e+01    3.7988013225e+01    1.9050379639e+01   -1.1683417935e+02    2.0990290823e+00    3.2000000000e+02    1.0281324387e-02    8.7708333333e-01
       116   -3.1785836310e+01    1.0111958614e+03   -5.7829885441e+01    2.6044049131e+01    3.8123716432e+01    1.9050379639e+01   -1.1719976737e+02    2.1957858591e+00    3.2000000000e+02    1.0213300586e-02    8.7942708333e-01
       117   -3.1765707034e+01    1.0097905660e+03   -5.7964500608e+01    2.6198793574e+01    3.8619703862e+01    1.9050379639e+01   -1.1862557038e+02    2.9909862749e+00    3.2000000000e+02    1.0292604566e-02    8.7395833333e-01
       118   -3.1754281164e+01    1.0090169969e+03   -5.8943642087e+01    2.7189360923e+01    3.9443848110e+01    1.9050379639e+01   -1.1988208484e+02    2.4442149998e+00    3.2000000000e+02    1.0648980737e-02    8.7777777778e-01
       119   -3.1851357700e+01    1.0153896551e+03   -5.7466359799e+01    2.5615002100e+01    3.7411100955e+01    1.9050379639e+01   -1.1600235059e+02    2.0745101976e+00    3.2000000000e+02    1.0139614344e-02    8.8046875000e-01
       120   -3.1764533600e+01    1.0098350934e+03   -5.8851063289e+01    2.7086529688e+01    3.8183802586e+01    1.9050379639e+01   -1.1834971917e+02    2.2644736604e+00    3.2000000000e+02    1.0195076466e-02    8.7196180556e-01
       121   -3.1824006308e+01    1.0135968696e+03   -5.8187251542e+01    2.6363245234e+01    3.8858294218e+01    1.9050379639e+01   -1.1865272817e+02    2.5568027681e+00    3.2000000000e+02    1.0399907827e-02    8.8012152778e-01
       122   -3.1732380304e+01    1.0075635734e+03   -5.9113135306e+01    2.7380755002e+01    3.8081986387e+01    1.9050379639e+01   -1.1848338060e+02    2.2378792667e+00    3.2000000000e+02    1.0192766786e-02    8.7256944444e-01
       123   -3.1715012899e+01    1.0065414377e+03   -5.8676995543e+01    2.6961982644e+01    3.7902127818e+01    1.9050379639e+01   -1.1780468025e+02    2.1751772494e+00    3.2000000000e+02    1.0173991323e-02    8.7664930556e-01
       124   -3.1821287384e+01    1.0135370735e+03   -5.7866501068e+01    2.6045213683e+01    3.7791473231e+01    1.9050379639e+01   -1.1710680793e+02    2.3984539953e+00    3.2000000000e+02    1.0205224156e-02    8.7829861111e-01
       125   -3.1745896187e+01    1.0084655881e+03   -5.8164945093e+01    2.6419048906e+01    3.8538209094e+01    1.9050379639e+01   -1.1882931748e+02    3.0757836553e+00    3.2000000000e+02    1.0384649038e-02    8.7256944444e-01
       126   -3.1766459667e+01    1.0096848778e+03   -5.6637517205e+01    2.4871057538e+01    3.7728093142e+01    1.9050379639e+01   -1.1601834619e+02    2.6023562051e+00    3.2000000000e+02    1.0134875774e-02    8.7430555556e-01
       127   -3.1783339345e+01    1.0107698864e+03   -5.6981185005e+01    2.5197845660e+01    3.8448679012e+01    1.9050379639e+01   -1.1703462367e+02    2.5543800167e+00    3.2000000000e+02    1.0455116630e-02    8.7925347222e-01
       128   -3.1825524466e+01    1.0133847216e+03   -5.7425322025e+01    2.5599797559e+01    3.7581945096e+01    1.9050379639e+01   -1.1658145801e+02    2.5238112499e+00    3.2000000000e+02    1.0243296623e-02    8.7751736111e-01
       129   -3.1798108614e+01    1.0118057283e+03   -5.7430166920e+01    2.5632058306e+01    3.8728867969e+01    1.9050379639e+01   -1.1727883233e+02    2.0694177988e+00    3.2000000000e+02    1.0311096907e-02    8.7578125000e-01
       130   -3.1743951217e+01    1.0081865460e+03   -5.7585436349e+01    2.5841485131e+01    3.8535447370e+01    1.9050379639e+01   -1.1782542001e+02    2.6541566563e+00    3.2000000000e+02    1.0463759303e-02    8.8012152778e-01
       131   -3.1778454906e+01    1.0108698737e+03   -5.7672972484e+01    2.5894517578e+01    3.8488555601e+01    1.9050379639e+01   -1.1785487950e+02    2.6429717725e+00    3.2000000000e+02    1.0367527604e-02    8.7578125000e-01
       132   -3.1745009625e+01    1.0083595542e+03   -5.7452471351e+01    2.5707461727e+01    3.8093341897e+01    1.9050379639e+01   -1.1744805260e+02    2.8518597102e+00    3.2000000000e+02    1.0263934731e-02    8.7552083333e-01
       133   -3.1699272730e+01    1.0057040410e+03   -5.8363283376e+01    2.6664010646e+01    3.8482817930e+01    1.9050379639e+01   -1.1846653156e+02    2.5700506183e+00    3.2000000000e+02    1.0388344526e-02    8.7586805556e-01
       134   -3.1762290393e+01    1.0093387265e+03   -5.7870174793e+01    2.6107884399e+01    3.8259667133e+01    1.9050379639e+01   -1.1734993506e+02    2.1697134945e+00    3.2000000000e+02    1.0336041451e-02    8.7916666667e-01
       135   -3.1809476703e+01    1.0125447621e+03   -5.8379523750e+01    2.6570047047e+01    3.8262721186e+01    1.9050379639e+01   -1.1874540117e+02    3.0527765969e+00    3.2000000000e+02    1.0192558169e-02    8.8098958333e-01
       136   -3.1843928962e+01    1.0147354896e+03   -5.7934689636e+01    2.6090760674e+01    3.8462482830e+01    1.9050379639e+01   -1.1839078991e+02    2.9432378089e+00    3.2000000000e+02    1.0307282209e-02    8.7369791667e-01
       137   -3.1816979797e+01    1.0128378288e+03   -5.7213732075e+01    2.5396752278e+01    3.8135140924e+01    1.9050379639e+01   -1.1748393022e+02    3.0846775816e+00    3.2000000000e+02    1.0337725282e-02    8.7612847222e-01
       138   -3.1801010432e+01    1.0119114657e+03   -5.6957639984e+01    2.5156629552e+01    3.8417017978e+01    1.9050379639e+01   -1.1737430133e+02    2.9492637302e+00    3.2000000000e+02    1.0290548205e-02    8.7994791667e-01
       139   -3.1744364022e+01    1.0080826668e+03   -5.6885308821e+01    2.5140944799e+01    3.7198289376e+01    1.9050379639e+01   -1.1512312305e+02    1.9891452153e+00    3.2000000000e+02    1.0003656149e-02    8.7786458333e-01
       140   -3.1837079349e+01    1.0141332327e+03   -5.6780346027e+01    2.4943266678e+01    3.7993480950e+01    1.9050379639e+01   -1.1610520794e+02    2.2810013272e+00    3.2000000000e+02    1.0226830840e-02    8.7994791667e-01
       141   -3.1685085293e+01    1.0046026389e+03   -5.7433708407e+01    2.5748623114e+01    3.8294610160e+01    1.9050379639e+01   -1.1786969186e+02    3.0909936494e+00    3.2000000000e+02    1.0324016213e-02    8.8038194444e-01
       142   -3.1772366633e+01    1.0100460990e+03   -5.7544120661e+01    2.5771754028e+01    3.7890186382e+01    1.9050379639e+01   -1.1670531606e+02    2.2206293729e+00    3.2000000000e+02    1.0262638330e-02    8.7265625000e-01
       143   -3.1845503923e+01    1.0149558335e+03   -5.6989629149e+01    2.5144125226e+01    3.8170244210e+01    1.9050379639e+01   -1.1699740147e+02    2.7871484728e+00    3.2000000000e+02    1.0192677379e-02    8.8125000000e-01
       144   -3.1792271518e+01    1.0114387076e+03   -5.6503201137e+01    2.4710929619e+01    3.7810210897e+01    1.9050379639e+01   -1.1580436195e+02    2.4405702748e+00    3.2000000000e+02    1.0136321187e-02    8.7821180556e-01
       145   -3.1771448444e+01    1.0099991753e+03   -5.7812447299e+01    2.6040998855e+01    3.8272348631e+01    1.9050379639e+01   -1.1845905967e+02    3.3238840987e+00    3.2000000000e+02    1.0309770703e-02    8.7717013889e-01
       146   -3.1732284054e+01    1.0075488942e+03   -5.8154270508e+01    2.6421986454e+01    3.8393640201e+01    1.9050379639e+01   -1.1791940898e+02    2.3211186305e+00    3.2000000000e+02    1.0308116674e-02    8.7361111111e-01
       147   -3.1800084373e+01    1.0123186507e+03   -5.8139257753e+01    2.6339173380e+01    3.8146125641e+01    1.9050379639e+01   -1.1785498721e+02    2.5192241810e+00    3.2000000000e+02    1.0283187032e-02    8.8142361111e-01
       148   -3.1760800967e+01    1.0094322824e+03   -5.6368140679e+01    2.4607339712e+01    3.7432514410e+01    1.9050379639e+01   -1.1547231839e+02    2.6212836573e+00    3.2000000000e+02    9.9581927061e-03    8.7838541667e-01
       149   -3.1780336718e+01    1.0109417886e+03   -5.7889911807e+01    2.6109575089e+01    3.8315672840e+01    1.9050379639e+01   -1.1824440308e+02    2.9884387941e+00    3.2000000000e+02    1.0227844119e-02    8.7213541667e-01
       150   -3.1817920490e+01    1.0131449178e+03   -5.7804107457e+01    2.5986186966e+01    3.7694201796e+01    1.9050379639e+01   -1.1645965292e+02    1.9109640276e+00    3.2000000000e+02    1.0187506676e-02    8.7343750000e-01
       151   -3.1734520709e+01    1.0076809881e+03   -5.7071390117e+01    2.5336869407e+01    3.7609416046e+01    1.9050379639e+01   -1.1622827746e+02    2.4970916585e+00    3.2000000000e+02    1.0223045945e-02    8.7743055556e-01
       152   -3.1775391713e+01    1.0105963206e+03   -5.7457326144e+01    2.5681934431e+01    3.8779518407e+01    1.9050379639e+01   -1.1846802367e+02    3.1807994751e+00    3.2000000000e+02    1.0481953621e-02    8.7135416667e-01
       153   -3.1740488366e+01    1.0079544952e+03   -5.8363214870e+01    2.6622726504e+01    3.8742507304e+01    1.9050379639e+01   -1.1805168257e+02    1.8955807519e+00    3.2000000000e+02    1.0414212942e-02    8.7994791667e-01
       154   -3.1816951972e+01    1.0128571938e+03   -5.7248320615e+01    2.5431368643e+01    3.7607841727e+01    1.9050379639e+01   -1.1657400919e+02    2.6674672069e+00    3.2000000000e+02    1.0155707598e-02    8.7638888889e-01
       155   -3.1712199235e+01    1.0062902274e+03   -5.8868003060e+01    2.7155803825e+01    3.7982834873e+01    1.9050379639e+01   -1.1844225235e+02    2.5410347777e+00    3.2000000000e+02    1.0233983397e-02    8.7743055556e-01
       156   -3.1776363648e+01    1.0104874335e+03   -5.8509694198e+01    2.6733330550e+01    3.8695473548e+01    1.9050379639e+01   -1.1851902152e+02    2.2634741384e+00    3.2000000000e+02    1.0314211249e-02    8.7578125000e-01
       157   -3.1814312048e+01    1.0130448920e+03   -5.7290494076e+01    2.5476182028e+01    3.8109031100e+01    1.9050379639e+01   -1.1680035722e+02    2.3504524000e+00    3.2000000000e+02    1.0204628110e-02    8.7456597222e-01
       158   -3.1688641842e+01    1.0048288944e+03   -5.7859735546e+01    2.6171093704e+01    3.8234057503e+01    1.9050379639e+01   -1.1758980839e+02    2.4456357007e+00    3.2000000000e+02    1.0356023908e-02    8.7595486111e-01
       159   -3.1768180936e+01    1.0097164597e+03   -5.7304031295e+01    2.5535850359e+01    3.7672689510e+01    1.9050379639e+01   -1.1595955371e+02    1.9324532693e+00    3.2000000000e+02    1.0294094682e-02    8.7890625000e-01
       160   -3.1746053299e+01    1.0083158615e+03   -5.7367212691e+01    2.5621159392e+01    3.7328434945e+01    1.9050379639e+01   -1.1626036315e+02    2.5143358714e+00    3.2000000000e+02    1.0146349669e-02    8.8524305556e-01
       161   -3.1781206346e+01    1.0106713638e+03   -5.7064847951e+01    2.5283641604e+01    3.8189890807e+01    1.9050379639e+01   -1.1744521195e+02    3.1400935524e+00    3.2000000000e+02    1.0330244899e-02    8.7760416667e-01
       162   -3.1778593982e+01    1.0103675810e+03   -5.8079145070e+01    2.6300551087e+01    3.8339039956e+01    1.9050379639e+01   -1.1792579916e+02    2.4572344939e+00    3.2000000000e+02    1.0452032089e-02    8.8072916667e-01
       163   -3.1809370914e+01    1.0126913511e+03   -5.7642718965e+01    2.5833348051e+01    3.8011373043e+01    1.9050379639e+01   -1.1679096216e+02    2.0864905175e+00    3.2000000000e+02    1.0225728154e-02    8.7821180556e-01
       164   -3.1748925761e+01    1.0086340580e+03   -5.8400978866e+01    2.6652053105e+01    3.8072176314e+01    1.9050379639e+01   -1.1778690771e+02    2.2633728920e+00    3.2000000000e+02    1.0225027800e-02    8.7222222222e-01
       165   -3.1707487546e+01    1.0057954019e+03   -5.7774676007e+01    2.6067188461e+01    3.8502770802e+01    1.9050379639e+01   -1.1768823477e+02    2.3604083204e+00    3.2000000000e+02    1.0337769985e-02    8.8194444444e-01
       166   -3.1778357789e+01    1.0104729137e+03   -5.7561509098e+01    2.5783151309e+01    3.8407653259e+01    1.9050379639e+01   -1.1708327064e+02    2.0637286418e+00    3.2000000000e+02    1.0331898928e-02    8.7942708333e-01
       167   -3.1749008425e+01    1.0086837116e+03   -5.7909749444e+01    2.6160741018e+01    3.8152351047e+01    1.9050379639e+01   -1.1716566163e+02    2.0531814999e+00    3.2000000000e+02    1.0240614414e-02    8.7838541667e-01
       168   -3.1798283312e+01    1.0118434826e+03   -5.7343881399e+01    2.5545598088e+01    3.8234237905e+01    1.9050379639e+01   -1.1695607314e+02    2.3275741973e+00    3.2000000000e+02    1.0285168886e-02    8.7725694444e-01
       169   -3.1772537561e+01    1.0104283542e+03   -5.7950845234e+01    2.6178307673e+01    3.7678862755e+01    1.9050379639e+01   -1.1726644216e+02    2.5863545362e+00    3.2000000000e+02    1.0255739093e-02    8.7569444444e-01
       170   -3.1880409796e+01    1.0172062708e+03   -5.8324529903e+01    2.6444120107e+01    3.8309881066e+01    1.9050379639e+01   -1.1891490214e+02    3.2301115291e+00    3.2000000000e+02    1.0242953897e-02    8.7552083333e-01
       171   -3.1756040281e+01    1.0094306021e+03   -5.7731231186e+01    2.5975190904e+01    3.8361789005e+01    1.9050379639e+01   -1.1780950312e+02    2.6661032918e+00    3.2000000000e+02    1.0208860040e-02    8.7187500000e-01
       172   -3.1809139725e+01    1.0122994760e+03   -5.7321311604e+01    2.5512171879e+01    3.8731521560e+01    1.9050379639e+01   -1.1802342321e+02    2.9202104117e+00    3.2000000000e+02    1.0163173079e-02    8.7604166667e-01
       173   -3.1698927671e+01    1.0057273665e+03   -5.5586181084e+01    2.3887253413e+01    3.7014983641e+01    1.9050379639e+01   -1.1388969031e+02    2.2381459515e+00    3.2000000000e+02    1.1084288359e-02    8.8741319444e-01
       174   -3.1685645408e+01    1.0045473050e+03   -5.8327461101e+01    2.6641815694e+01    3.8077444192e+01    1.9050379639e+01   -1.1825739812e+02    2.8021131892e+00    3.2000000000e+02    1.0238766670e-02    8.7690972222e-01
       175   -3.1755705841e+01    1.0089287325e+03   -5.8065334464e+01    2.6309628623e+01    3.8633002015e+01    1.9050379639e+01   -1.1823971119e+02    2.4909950718e+00    3.2000000000e+02    1.1343270540e-02    8.7378472222e-01
       176   -3.1787660148e+01    1.0110126320e+03   -5.8384125268e+01    2.6596465121e+01    3.8524759596e+01    1.9050379639e+01   -1.1882430215e+02    2.8650376463e+00    3.2000000000e+02    1.1261701584e-02    8.7621527778e-01
       177   -3.1837957955e+01    1.0145137210e+03   -5.8476797124e+01    2.6638839169e+01    3.8795558119e+01    1.9050379639e+01   -1.1940507769e+02    3.0823428037e+00    3.2000000000e+02    1.0503709316e-02    8.7309027778e-01
       178   -3.1815302559e+01    1.0153835480e+03   -5.7769232130e+01    2.5953929571e+01    3.8187819684e+01    1.9050379639e+01   -1.1763395017e+02    2.6265187190e+00    3.2000000000e+02    1.0246738791e-02    8.7960069444e-01
       179   -3.1796932636e+01    1.0115824887e+03   -5.7634581990e+01    2.5837649354e+01    3.8609812636e+01    1.9050379639e+01   -1.1769604490e+02    2.4012706345e+00    3.2000000000e+02    1.0452762246e-02    8.7725694444e-01
       180   -3.1752579163e+01    1.0088569325e+03   -5.8032027223e+01    2.6279448061e+01    3.8267304891e+01    1.9050379639e+01   -1.1796519442e+02    2.6154826681e+00    3.2000000000e+02    1.0274484754e-02    8.7274305556e-01
       181   -3.1727701660e+01    1.0071484113e+03   -5.8042205451e+01    2.6314503791e+01    3.8617199969e+01    1.9050379639e+01   -1.1835765111e+02    2.6478660512e+00    3.2000000000e+02    1.0268107057e-02    8.7369791667e-01
       182   -3.1754099832e+01    1.0088734965e+03   -5.7757647570e+01    2.6003547738e+01    3.8168764961e+01    1.9050379639e+01   -1.1770168622e+02    2.7248940488e+00    3.2000000000e+02    1.0270625353e-02    8.7595486111e-01
       183   -3.1715137904e+01    1.0064301849e+03   -5.8028620826e+01    2.6313482922e+01    3.8186471096e+01    1.9050379639e+01   -1.1823439240e+02    2.9689208364e+00    3.2000000000e+02    1.0171517730e-02    8.7847222222e-01
       184   -3.1735470041e+01    1.0082123653e+03   -5.7905818475e+01    2.6170348434e+01    3.8249433371e+01    1.9050379639e+01   -1.1851838992e+02    3.3127584346e+00    3.2000000000e+02    1.0325446725e-02    8.7838541667e-01
       185   -3.1775174651e+01    1.0102060332e+03   -5.7892032525e+01    2.6116857874e+01    3.8102727775e+01    1.9050379639e+01   -1.1751352305e+02    2.4683831144e+00    3.2000000000e+02    1.0139822960e-02    8.7942708333e-01
       186   -3.1862619128e+01    1.0160557185e+03   -5.7824653430e+01    2.5962034302e+01    3.7749730867e+01    1.9050379639e+01   -1.1699588774e+02    2.3711238082e+00    3.2000000000e+02    1.0150328279e-02    8.8446180556e-01
       187   -3.1896363193e+01    1.0180981954e+03   -5.7422337534e+01    2.5525974341e+01    3.7113629767e+01    1.9050379639e+01   -1.1600410558e+02    2.4177586375e+00    3.2000000000e+02    1.0077029467e-02    8.7743055556e-01
       188   -3.1762334268e+01    1.0095032887e+03   -5.7041990800e+01    2.5279656531e+01    3.7741908404e+01    1.9050379639e+01   -1.1673790754e+02    2.9036286987e+00    3.2000000000e+02    1.0141730309e-02    8.7291666667e-01
       189   -3.1724929261e+01    1.0072689369e+03   -5.8180865881e+01    2.6455936620e+01    3.8508460374e+01    1.9050379639e+01   -1.1817329637e+02    2.4335904770e+00    3.2000000000e+02    1.0395094752e-02    8.7951388889e-01
       190   -3.1806731481e+01    1.0124793481e+03   -5.7675662784e+01    2.5868931303e+01    3.8179724236e+01    1.9050379639e+01   -1.1725108246e+02    2.3453158002e+00    3.2000000000e+02    1.0360062122e-02    8.8359375000e-01
       191   -3.1723969144e+01    1.0073883487e+03   -5.8367445683e+01    2.6643476539e+01    3.7674535199e+01    1.9050379639e+01   -1.1733845092e+02    2.2460903936e+00    3.2000000000e+02    1.0234773159e-02    8.7934027778e-01
       192   -3.1773415636e+01    1.0108242974e+03   -5.7177068649e+01    2.5403653013e+01    3.7918069207e+01    1.9050379639e+01   -1.1689244461e+02    2.7469271114e+00    3.2000000000e+02    1.0056734085e-02    8.7847222222e-01
       193   -3.1761333143e+01    1.0096987657e+03   -5.9151617394e+01    2.7390284252e+01    3.8299172820e+01    1.9050379639e+01   -1.1937613280e+02    2.8749629457e+00    3.2000000000e+02    1.0344430804e-02    8.7569444444e-01
       194   -3.1797415623e+01    1.0117924323e+03   -5.8433675619e+01    2.6636259996e+01    3.8917105877e+01    1.9050379639e+01   -1.1917006976e+02    2.7689086273e+00    3.2000000000e+02    1.0459825397e-02    8.7847222222e-01
       195   -3.1711586665e+01    1.0064157654e+03   -5.8119486525e+01    2.6407899860e+01    3.8350254808e+01    1.9050379639e+01   -1.1821506947e+02    2.6949484938e+00    3.2000000000e+02    1.0233879089e-02    8.7473958333e-01
       196   -3.1776830727e+01    1.0102299436e+03   -5.6960519237e+01    2.5183688511e+01    3.7425813627e+01    1.9050379639e+01   -1.1599592747e+02    2.5592149702e+00    3.2000000000e+02    1.0100781918e-02    8.7178819444e-01
       197   -3.1817111590e+01    1.0129567991e+03   -5.7920155974e+01    2.6103044383e+01    3.7821517764e+01    1.9050379639e+01   -1.1664664172e+02    1.8545883443e+00    3.2000000000e+02    1.0157331824e-02    8.7951388889e-01
       198   -3.1736749496e+01    1.0078145540e+03   -5.8046340352e+01    2.6309590856e+01    3.8819019027e+01    1.9050379639e+01   -1.1792339474e+02    2.0076557219e+00    3.2000000000e+02    1.0703653097e-02    8.7048611111e-01
       199   -3.1760946855e+01    1.0092843777e+03   -5.7826602099e+01    2.6065655244e+01    3.8093668542e+01    1.9050379639e+01   -1.1739713913e+02    2.4264888505e+00    3.2000000000e+02    1.0243922472e-02    8.7612847222e-01
