#   index    LocalEnergy         LocalEnergy_sq      LocalPotential      Kinetic             ElecElec            LocalECP            NonLocalECP         BlockWeight         BlockCPU            AcceptRatio         
         0   -4.6512172187e+01    2.1640024335e+03   -6.5796298196e+01    1.9284126009e+01    3.0221262600e+01   -1.0425086079e+02    8.2332999930e+00    2.0449400000e+05    6.8822779287e-01    9.8380402962e-01
         1   -4.6518932303e+01    2.1645842412e+03   -6.5702273713e+01    1.9183341410e+01    3.0152148197e+01   -1.0396993541e+02    8.1155135015e+00    2.0477500000e+05    5.3997773195e-01    9.8399593136e-01
         2   -4.6520598032e+01    2.1647888593e+03   -6.5802229538e+01    1.9281631506e+01    3.0231290468e+01   -1.0423064625e+02    8.1971262413e+00    2.0478400000e+05    5.7324992427e-01    9.8381133298e-01
         3   -4.6524909660e+01    2.1651886468e+03   -6.5858257309e+01    1.9333347650e+01    3.0197768391e+01   -1.0421131408e+02    8.1552883822e+00    2.0486200000e+05    6.1780563435e-01    9.8380714672e-01
         4   -4.6519848580e+01    2.1646816677e+03   -6.5756694708e+01    1.9236846128e+01    3.0177164591e+01   -1.0414416920e+02    8.2103099002e+00    2.0485100000e+05    5.6347912462e-01    9.8375470380e-01
         5   -4.6519872700e+01    2.1646822758e+03   -6.5770381428e+01    1.9250508728e+01    3.0168986341e+01   -1.0418561741e+02    8.2462496444e+00    2.0478400000e+05    5.6045106097e-01    9.8370036255e-01
         6   -4.6528903466e+01    2.1655332422e+03   -6.5614544300e+01    1.9085640834e+01    3.0056083956e+01   -1.0387688957e+02    8.2062613093e+00    2.0546500000e+05    5.4575328529e-01    9.8392798327e-01
         7   -4.6526713696e+01    2.1653446852e+03   -6.5670118839e+01    1.9143405143e+01    3.0042699744e+01   -1.0397114823e+02    8.2583296495e+00    2.0451500000e+05    6.1198599198e-01    9.8391016818e-01
         8   -4.6517727554e+01    2.1644599423e+03   -6.5711829216e+01    1.9194101662e+01    3.0094252420e+01   -1.0395511632e+02    8.1490346836e+00    2.0463700000e+05    5.4075192879e-01    9.8383257430e-01
         9   -4.6519592942e+01    2.1646605148e+03   -6.5795290127e+01    1.9275697185e+01    3.0142196940e+01   -1.0410916470e+02    8.1716776284e+00    2.0299700000e+05    5.6241723764e-01    9.8393181221e-01
        10   -4.6513051102e+01    2.1641139995e+03   -6.5842028019e+01    1.9328976917e+01    3.0258289438e+01   -1.0438432538e+02    8.2840079244e+00    2.0157400000e+05    5.5912543789e-01    9.8383588894e-01
        11   -4.6521551497e+01    2.1648494409e+03   -6.5818011442e+01    1.9296459945e+01    3.0239516010e+01   -1.0423092798e+02    8.1734005290e+00    2.0066300000e+05    5.6386308547e-01    9.8386978679e-01
        12   -4.6520043787e+01    2.1647377999e+03   -6.5761728052e+01    1.9241684265e+01    3.0207500744e+01   -1.0424904466e+02    8.2798158621e+00    2.0287700000e+05    5.6731468746e-01    9.8385096559e-01
        13   -4.6515912840e+01    2.1643120810e+03   -6.5773844469e+01    1.9257931629e+01    3.0227186451e+01   -1.0423719042e+02    8.2361595049e+00    2.0336600000e+05    7.2173216325e-01    9.8387663681e-01
        14   -4.6520724771e+01    2.1647401559e+03   -6.5760688316e+01    1.9239963545e+01    3.0221980343e+01   -1.0428232159e+02    8.2996529341e+00    2.0408500000e+05    6.9504810388e-01    9.8386506117e-01
        15   -4.6520685342e+01    2.1647719706e+03   -6.5767660457e+01    1.9246975115e+01    3.0212324643e+01   -1.0419121102e+02    8.2112259171e+00    2.0365000000e+05    6.1911692295e-01    9.8392097995e-01
        16   -4.6521620625e+01    2.1648511615e+03   -6.5773447679e+01    1.9251827054e+01    3.0175006545e+01   -1.0416327119e+02    8.2148169682e+00    2.0336800000e+05    6.4893115224e-01    9.8383775995e-01
        17   -4.6523365325e+01    2.1650176020e+03   -6.5774422515e+01    1.9251057190e+01    3.0139829051e+01   -1.0398802146e+02    8.0737698937e+00    2.0480800000e+05    6.2672534454e-01    9.8382511813e-01
        18   -4.6514468986e+01    2.1641625091e+03   -6.5841478127e+01    1.9327009141e+01    3.0246804919e+01   -1.0432776931e+02    8.2394862635e+00    2.0517900000e+05    6.5193785727e-01    9.8389965997e-01
        19   -4.6518598794e+01    2.1645611915e+03   -6.5779950708e+01    1.9261351914e+01    3.0188374089e+01   -1.0408787033e+02    8.1195455346e+00    2.0388900000e+05    6.6401089246e-01    9.8404141034e-01
        20   -4.6525624803e+01    2.1652479877e+03   -6.5830614004e+01    1.9304989201e+01    3.0201163098e+01   -1.0429106703e+02    8.2592899291e+00    2.0615100000e+05    5.5504148936e-01    9.8381107414e-01
        21   -4.6518312181e+01    2.1645551160e+03   -6.5819418251e+01    1.9301106071e+01    3.0225989224e+01   -1.0426935704e+02    8.2239495641e+00    2.0548100000e+05    5.6562289333e-01    9.8385116176e-01
        22   -4.6522132246e+01    2.1648779225e+03   -6.5829408579e+01    1.9307276333e+01    3.0199909587e+01   -1.0423455462e+02    8.2052364577e+00    2.0465700000e+05    5.7173087886e-01    9.8384851367e-01
        23   -4.6521735746e+01    2.1648574356e+03   -6.5753773109e+01    1.9232037363e+01    3.0208425197e+01   -1.0408080974e+02    8.1186114337e+00    2.0435600000e+05    6.1887822037e-01    9.8389704267e-01
        24   -4.6515093249e+01    2.1642509297e+03   -6.5761567090e+01    1.9246473840e+01    3.0183623032e+01   -1.0408308546e+02    8.1378953411e+00    2.0457300000e+05    5.3764886672e-01    9.8405805991e-01
        25   -4.6518871396e+01    2.1645884782e+03   -6.5652357406e+01    1.9133486011e+01    3.0117093249e+01   -1.0399329859e+02    8.2238479383e+00    2.0320200000e+05    8.9328581358e-01    9.8399776613e-01
        26   -4.6519859141e+01    2.1646995340e+03   -6.5710565430e+01    1.9190706289e+01    3.0158233127e+01   -1.0413240892e+02    8.2636103632e+00    2.0509900000e+05    6.6653921367e-01    9.8408605857e-01
        27   -4.6520114454e+01    2.1647474045e+03   -6.5783866555e+01    1.9263752101e+01    3.0191943210e+01   -1.0416583382e+02    8.1900240582e+00    2.0447800000e+05    5.7929081689e-01    9.8389404426e-01
        28   -4.6516623643e+01    2.1643965815e+03   -6.5602609644e+01    1.9085986001e+01    3.0089589123e+01   -1.0383201695e+02    8.1398181797e+00    2.0397200000e+05    5.7503472970e-01    9.8395029830e-01
        29   -4.6524975911e+01    2.1651704340e+03   -6.5715318283e+01    1.9190342373e+01    3.0152115142e+01   -1.0405778027e+02    8.1903468443e+00    2.0456200000e+05    5.4149004510e-01    9.8391654109e-01
        30   -4.6516585645e+01    2.1643720891e+03   -6.5713646918e+01    1.9197061273e+01    3.0100520171e+01   -1.0400879342e+02    8.1946263296e+00    2.0341800000e+05    5.5492207539e-01    9.8384271496e-01
        31   -4.6509491701e+01    2.1637130875e+03   -6.5786284777e+01    1.9276793076e+01    3.0146125275e+01   -1.0410457383e+02    8.1721637781e+00    2.0223100000e+05    5.7217212065e-01    9.8393311358e-01
        32   -4.6517464623e+01    2.1645118190e+03   -6.5673723517e+01    1.9156258893e+01    3.0122988079e+01   -1.0398371926e+02    8.1870076609e+00    2.0204100000e+05    5.7388092972e-01    9.8384778485e-01
        33   -4.6522712171e+01    2.1649220709e+03   -6.5675745627e+01    1.9153033456e+01    3.0147742471e+01   -1.0407286741e+02    8.2493793125e+00    2.0258000000e+05    5.3946514603e-01    9.8377665730e-01
        34   -4.6526367230e+01    2.1652605576e+03   -6.5753787747e+01    1.9227420517e+01    3.0183767733e+01   -1.0415862373e+02    8.2210682457e+00    2.0386100000e+05    5.3434925000e-01    9.8387138509e-01
        35   -4.6518323417e+01    2.1645279534e+03   -6.5740092257e+01    1.9221768840e+01    3.0213277520e+01   -1.0418373792e+02    8.2303681392e+00    2.0517500000e+05    5.9103552909e-01    9.8403763549e-01
        36   -4.6523902841e+01    2.1650663725e+03   -6.5853152564e+01    1.9329249723e+01    3.0236730931e+01   -1.0430801976e+02    8.2181362652e+00    2.0583000000e+05    6.0179633077e-01    9.8382937925e-01
        37   -4.6524211192e+01    2.1650750910e+03   -6.5782856207e+01    1.9258645015e+01    3.0195454033e+01   -1.0408803331e+02    8.1097230698e+00    2.0533100000e+05    6.6249427901e-01    9.8382863561e-01
        38   -4.6523616003e+01    2.1650133434e+03   -6.5730434867e+01    1.9206818864e+01    3.0170852585e+01   -1.0417318310e+02    8.2718956498e+00    2.0317100000e+05    8.3481381746e-01    9.8389263554e-01
        39   -4.6526663512e+01    2.1653234383e+03   -6.5670154047e+01    1.9143490535e+01    3.0129400704e+01   -1.0393712810e+02    8.1375733504e+00    2.0244600000e+05    9.1516339121e-01    9.8382227940e-01
        40   -4.6525591306e+01    2.1652502471e+03   -6.5778149051e+01    1.9252557746e+01    3.0205299828e+01   -1.0420140455e+02    8.2179556723e+00    2.0286300000e+05    9.5837449984e-01    9.8388675753e-01
        41   -4.6515817668e+01    2.1642940905e+03   -6.5683401224e+01    1.9167583555e+01    3.0182563845e+01   -1.0403536397e+02    8.1693989059e+00    2.0233300000e+05    9.4583534318e-01    9.8390527260e-01
        42   -4.6521841907e+01    2.1648704586e+03   -6.5865439683e+01    1.9343597776e+01    3.0240210512e+01   -1.0437573244e+02    8.2700822479e+00    2.0523800000e+05    9.6185974338e-01    9.8391172305e-01
        43   -4.6515172743e+01    2.1642419043e+03   -6.5812076754e+01    1.9296904011e+01    3.0245071703e+01   -1.0431858155e+02    8.2614330945e+00    2.0635800000e+05    7.9590170568e-01    9.8374622022e-01
        44   -4.6522119574e+01    2.1649031929e+03   -6.5751623927e+01    1.9229504353e+01    3.0214865136e+01   -1.0413935821e+02    8.1728691465e+00    2.0465700000e+05    8.2187736034e-01    9.8378882125e-01
        45   -4.6520700093e+01    2.1647885290e+03   -6.5746209951e+01    1.9225509858e+01    3.0210243571e+01   -1.0415243563e+02    8.1959821055e+00    2.0571200000e+05    1.0044801424e+00    9.8380052546e-01
        46   -4.6526630975e+01    2.1653126857e+03   -6.5697460952e+01    1.9170829977e+01    3.0120219873e+01   -1.0409988450e+02    8.2822036794e+00    2.0554400000e+05    9.5765685948e-01    9.8392030844e-01
        47   -4.6519508959e+01    2.1646504742e+03   -6.5692973076e+01    1.9173464117e+01    3.0204407504e+01   -1.0418278665e+02    8.2854060707e+00    2.0624800000e+05    9.7654838860e-01    9.8392712026e-01
        48   -4.6520793327e+01    2.1647816535e+03   -6.5843771242e+01    1.9322977915e+01    3.0278220260e+01   -1.0439418637e+02    8.2721948665e+00    2.0576400000e+05    1.0270108747e+00    9.8402025137e-01
        49   -4.6526953265e+01    2.1653819603e+03   -6.5811486425e+01    1.9284533160e+01    3.0218838176e+01   -1.0418639972e+02    8.1560751155e+00    2.0498900000e+05    7.5692836765e-01    9.8388512362e-01
        50   -4.6519849974e+01    2.1647076171e+03   -6.5697935425e+01    1.9178085451e+01    3.0193782242e+01   -1.0407615268e+02    8.1844350145e+00    2.0473200000e+05    1.1104987040e+00    9.8391858577e-01
        51   -4.6524494703e+01    2.1650788719e+03   -6.5714350927e+01    1.9189856224e+01    3.0169461482e+01   -1.0398856197e+02    8.1047495614e+00    2.0489000000e+05    1.2455992519e+00    9.8389042923e-01
        52   -4.6523285643e+01    2.1650280819e+03   -6.5645445506e+01    1.9122159863e+01    3.0131779339e+01   -1.0396790317e+02    8.1906783238e+00    2.0524800000e+05    1.1277264317e+00    9.8400579970e-01
        53   -4.6518574841e+01    2.1645445558e+03   -6.5715310985e+01    1.9196736144e+01    3.0180101607e+01   -1.0414542559e+02    8.2500129959e+00    2.0552500000e+05    1.2189872409e+00    9.8388479794e-01
        54   -4.6521590977e+01    2.1648536384e+03   -6.5778651443e+01    1.9257060467e+01    3.0214978450e+01   -1.0412835655e+02    8.1347266574e+00    2.0323400000e+05    6.6466777772e-01    9.8389704710e-01
        55   -4.6518090662e+01    2.1646639879e+03   -6.5704819751e+01    1.9186729089e+01    3.0173053414e+01   -1.0406728254e+02    8.1894093727e+00    2.0363500000e+05    6.6373669663e-01    9.8382940053e-01
        56   -4.6520791479e+01    2.1647888485e+03   -6.5763524990e+01    1.9242733510e+01    3.0203933244e+01   -1.0414383922e+02    8.1763809822e+00    2.0529100000e+05    7.2418419754e-01    9.8397531760e-01
        57   -4.6522700225e+01    2.1649600836e+03   -6.5760771331e+01    1.9238071106e+01    3.0185767872e+01   -1.0414766039e+02    8.2011211871e+00    2.0535200000e+05    6.6288745228e-01    9.8384790022e-01
        58   -4.6516700357e+01    2.1643789370e+03   -6.5736651215e+01    1.9219950858e+01    3.0217569749e+01   -1.0413438785e+02    8.1801668827e+00    2.0699100000e+05    6.7338088725e-01    9.8390668903e-01
        59   -4.6519292883e+01    2.1646661514e+03   -6.5837827727e+01    1.9318534844e+01    3.0242680182e+01   -1.0421669859e+02    8.1361906849e+00    2.0360100000e+05    5.7918437833e-01    9.8388342043e-01
        60   -4.6510182501e+01    2.1637645518e+03   -6.5818321501e+01    1.9308139000e+01    3.0300054724e+01   -1.0434784853e+02    8.2294723090e+00    2.0320600000e+05    2.8936809735e+00    9.8380762874e-01
        61   -4.6515017819e+01    2.1642222089e+03   -6.5859697781e+01    1.9344679962e+01    3.0289827948e+01   -1.0428426733e+02    8.1347416039e+00    2.0300600000e+05    8.5378082097e-01    9.8378123518e-01
        62   -4.6518361232e+01    2.1645222780e+03   -6.5769736151e+01    1.9251374919e+01    3.0225375939e+01   -1.0411952252e+02    8.1244104336e+00    2.0326300000e+05    1.0447364612e+00    9.8392357291e-01
        63   -4.6521702723e+01    2.1648733613e+03   -6.5718063549e+01    1.9196360826e+01    3.0199117230e+01   -1.0399547862e+02    8.0782978374e+00    2.0246400000e+05    9.6812265103e-01    9.8399357974e-01
        64   -4.6522625872e+01    2.1649260509e+03   -6.5730897674e+01    1.9208271802e+01    3.0228134346e+01   -1.0408018952e+02    8.1211574977e+00    2.0262900000e+05    9.2506273880e-01    9.8394919956e-01
        65   -4.6513893175e+01    2.1641297484e+03   -6.5772697120e+01    1.9258803945e+01    3.0227562996e+01   -1.0416844778e+02    8.1681876613e+00    2.0185100000e+05    8.0919040740e-01    9.8392686640e-01
        66   -4.6522088145e+01    2.1648675554e+03   -6.5767788335e+01    1.9245700190e+01    3.0200531154e+01   -1.0414472941e+02    8.1764099201e+00    2.0151000000e+05    8.4078674018e-01    9.8386763768e-01
        67   -4.6523728367e+01    2.1650328755e+03   -6.5797508573e+01    1.9273780205e+01    3.0180569540e+01   -1.0409788812e+02    8.1198100059e+00    2.0332000000e+05    8.1688217161e-01    9.8380054208e-01
        68   -4.6525354965e+01    2.1652263701e+03   -6.5699344593e+01    1.9173989627e+01    3.0153866335e+01   -1.0406169863e+02    8.2084877030e+00    2.0510400000e+05    7.5456949455e-01    9.8378682361e-01
        69   -4.6520393639e+01    2.1647421909e+03   -6.5834310501e+01    1.9313916862e+01    3.0225697715e+01   -1.0430316209e+02    8.2431538769e+00    2.0449500000e+05    8.6970834127e-01    9.8375945880e-01
        70   -4.6519268436e+01    2.1646199679e+03   -6.5666571080e+01    1.9147302643e+01    3.0165504996e+01   -1.0391874161e+02    8.0866655320e+00    2.0382500000e+05    6.8957706409e-01    9.8398813587e-01
        71   -4.6516674560e+01    2.1643750082e+03   -6.5693341605e+01    1.9176667045e+01    3.0157184424e+01   -1.0394729849e+02    8.0967724607e+00    2.0303000000e+05    5.6808678587e-01    9.8401393568e-01
        72   -4.6521270680e+01    2.1648232939e+03   -6.5776133319e+01    1.9254862639e+01    3.0204826362e+01   -1.0417587685e+02    8.1949171724e+00    2.0246600000e+05    8.7765626040e-01    9.8370585555e-01
        73   -4.6520057769e+01    2.1646967349e+03   -6.5824427173e+01    1.9304369405e+01    3.0204352753e+01   -1.0423086174e+02    8.2020818150e+00    2.0408500000e+05    7.6645460506e-01    9.8387155332e-01
        74   -4.6519805723e+01    2.1646668345e+03   -6.5773748522e+01    1.9253942798e+01    3.0178669320e+01   -1.0411259807e+02    8.1601802330e+00    2.0383600000e+05    7.7756085159e-01    9.8371950638e-01
        75   -4.6522381885e+01    2.1649282476e+03   -6.5618892401e+01    1.9096510516e+01    3.0095186253e+01   -1.0373521586e+02    8.0211372040e+00    2.0278500000e+05    6.9379238609e-01    9.8400232352e-01
        76   -4.6520611176e+01    2.1647423623e+03   -6.5694478322e+01    1.9173867146e+01    3.0093798772e+01   -1.0390605846e+02    8.1177813700e+00    2.0437000000e+05    6.9088052388e-01    9.8399433930e-01
        77   -4.6515528520e+01    2.1642821453e+03   -6.5704266917e+01    1.9188738397e+01    3.0135476865e+01   -1.0401032941e+02    8.1705856284e+00    2.0441400000e+05    6.2250108666e-01    9.8393187834e-01
        78   -4.6517258468e+01    2.1644230252e+03   -6.5736467894e+01    1.9219209426e+01    3.0159866485e+01   -1.0409152295e+02    8.1951885758e+00    2.0405600000e+05    7.2885238598e-01    9.8388782388e-01
        79   -4.6519001981e+01    2.1646174647e+03   -6.5721656861e+01    1.9202654879e+01    3.0160971699e+01   -1.0411585790e+02    8.2332293357e+00    2.0466100000e+05    1.0575832668e+00    9.8382915357e-01
        80   -4.6513622011e+01    2.1641259412e+03   -6.5765212584e+01    1.9251590573e+01    3.0205393422e+01   -1.0419008259e+02    8.2194765878e+00    2.0464900000e+05    5.5089370687e-01    9.8371198299e-01
        81   -4.6523962981e+01    2.1650674534e+03   -6.5730961433e+01    1.9206998452e+01    3.0164035072e+01   -1.0407926995e+02    8.1842734449e+00    2.0451800000e+05    5.7068355294e-01    9.8380378384e-01
        82   -4.6525027873e+01    2.1651755336e+03   -6.5774722296e+01    1.9249694422e+01    3.0185200920e+01   -1.0419362528e+02    8.2337020649e+00    2.0501500000e+05    5.9382893496e-01    9.8384913285e-01
        83   -4.6520672835e+01    2.1647404574e+03   -6.5850112916e+01    1.9329440081e+01    3.0196054636e+01   -1.0429273723e+02    8.2465696741e+00    2.0454500000e+05    7.0433925268e-01    9.8375876697e-01
        84   -4.6520363879e+01    2.1647507676e+03   -6.5725032099e+01    1.9204668220e+01    3.0172131381e+01   -1.0410331435e+02    8.2061508716e+00    2.0486900000e+05    1.0231966898e+00    9.8404438556e-01
        85   -4.6524206334e+01    2.1650654174e+03   -6.5769817502e+01    1.9245611167e+01    3.0169111360e+01   -1.0421788901e+02    8.2789601466e+00    2.0417100000e+05    7.7243772675e-01    9.8378422051e-01
        86   -4.6521967490e+01    2.1648936237e+03   -6.5746010526e+01    1.9224043036e+01    3.0215752186e+01   -1.0426848492e+02    8.3067222045e+00    2.0535800000e+05    8.7620179662e-01    9.8372141733e-01
        87   -4.6522602010e+01    2.1649112533e+03   -6.5670153092e+01    1.9147551082e+01    3.0126829503e+01   -1.0392206193e+02    8.1250793360e+00    2.0515000000e+05    7.0729091588e-01    9.8389637975e-01
        88   -4.6523336890e+01    2.1650314968e+03   -6.5684970238e+01    1.9161633348e+01    3.0092966173e+01   -1.0397723153e+02    8.1992951207e+00    2.0453300000e+05    9.1646628871e-01    9.8370326556e-01
        89   -4.6524079282e+01    2.1650835767e+03   -6.5754793002e+01    1.9230713720e+01    3.0134336103e+01   -1.0409628901e+02    8.2071599080e+00    2.0567100000e+05    8.4937174311e-01    9.8408432746e-01
        90   -4.6518700267e+01    2.1645361929e+03   -6.5757810855e+01    1.9239110587e+01    3.0186990246e+01   -1.0410573079e+02    8.1609296940e+00    2.0477700000e+05    8.2505115428e-01    9.8389960968e-01
        91   -4.6520893017e+01    2.1648059265e+03   -6.5738154854e+01    1.9217261837e+01    3.0169333573e+01   -1.0417993577e+02    8.2724473448e+00    2.0609200000e+05    6.2085119284e-01    9.8382882915e-01
        92   -4.6523321799e+01    2.1650837076e+03   -6.5712064835e+01    1.9188743036e+01    3.0190640488e+01   -1.0405456493e+02    8.1518596042e+00    2.0494200000e+05    9.6077614804e-01    9.8384319683e-01
        93   -4.6515927741e+01    2.1642965585e+03   -6.5808679348e+01    1.9292751607e+01    3.0194210650e+01   -1.0416436454e+02    8.1614745420e+00    2.0546400000e+05    1.0766828647e+00    9.8392213805e-01
        94   -4.6520329446e+01    2.1647320861e+03   -6.5662968856e+01    1.9142639410e+01    3.0115542211e+01   -1.0393347989e+02    8.1549688253e+00    2.0545900000e+05    1.0259992564e+00    9.8380093127e-01
        95   -4.6521051567e+01    2.1648276725e+03   -6.5691582917e+01    1.9170531350e+01    3.0134567069e+01   -1.0408161145e+02    8.2554614615e+00    2.0439700000e+05    8.1510948434e-01    9.8381252639e-01
        96   -4.6521553822e+01    2.1648046519e+03   -6.5659334418e+01    1.9137780596e+01    3.0123465211e+01   -1.0396741950e+02    8.1846198700e+00    2.0582700000e+05    8.3436197744e-01    9.8393998663e-01
        97   -4.6518308436e+01    2.1645768449e+03   -6.5752452028e+01    1.9234143593e+01    3.0213769953e+01   -1.0411534964e+02    8.1491276638e+00    2.0680900000e+05    9.0725072035e-01    9.8386369038e-01
        98   -4.6515925286e+01    2.1643465424e+03   -6.5741087428e+01    1.9225162143e+01    3.0186957934e+01   -1.0411324099e+02    8.1851956321e+00    2.0432900000e+05    9.6996002031e-01    9.8394459636e-01
        99   -4.6521776663e+01    2.1648797216e+03   -6.5776926018e+01    1.9255149355e+01    3.0222530663e+01   -1.0429965537e+02    8.3001986847e+00    2.0387600000e+05    9.7514837673e-01    9.8385855459e-01
