#   index    LocalEnergy         LocalEnergy_sq      LocalPotential      Kinetic             ElecElec            IonIon              LocalECP            NonLocalECP         MPC                 KEcorr              BlockWeight         BlockCPU            AcceptRatio         
         0   -4.5936713232e+01    2.1115067411e+03   -8.0352020156e+01    3.4415306924e+01   -1.1643258855e+01   -5.1102678690e+01   -2.1010479075e+01    3.4043964635e+00   -1.1391214937e+01    1.0296874312e-01    4.1150000000e+03    1.4916562440e+00    9.9632175591e-01
         1   -4.5940064454e+01    2.1120661028e+03   -8.0425640019e+01    3.4485575565e+01   -1.1627780514e+01   -5.1102678690e+01   -2.0973795728e+01    3.2786149134e+00   -1.1373876811e+01    1.0296874312e-01    4.0980000000e+03    1.4740053531e+00    9.9612432730e-01
         2   -4.5943082624e+01    2.1122058027e+03   -8.0361817873e+01    3.4418735249e+01   -1.1636072898e+01   -5.1102678690e+01   -2.0979312262e+01    3.3562459781e+00   -1.1382252857e+01    1.0296874312e-01    4.0950000000e+03    1.4688187269e+00    9.9624237805e-01
         3   -4.5949270472e+01    2.1127127815e+03   -8.0413175465e+01    3.4463904992e+01   -1.1635316393e+01   -5.1102678690e+01   -2.0999169221e+01    3.3239888399e+00   -1.1379980319e+01    1.0296874312e-01    4.1040000000e+03    1.4715891660e+00    9.9636432927e-01
         4   -4.5931592143e+01    2.1110099571e+03   -8.0515474561e+01    3.4583882418e+01   -1.1638756171e+01   -5.1102678690e+01   -2.1065340690e+01    3.2913009901e+00   -1.1384029521e+01    1.0296874312e-01    4.0930000000e+03    1.4679209960e+00    9.9618437118e-01
         5   -4.5950991974e+01    2.1128688525e+03   -8.0194609368e+01    3.4243617394e+01   -1.1634543252e+01   -5.1102678690e+01   -2.0833526162e+01    3.3761387366e+00   -1.1378148415e+01    1.0296874312e-01    4.0960000000e+03    1.4717023260e+00    9.9632936508e-01
         6   -4.5954020306e+01    2.1131953663e+03   -8.0240528276e+01    3.4286507970e+01   -1.1681544051e+01   -5.1102678690e+01   -2.0698828583e+01    3.2425230489e+00   -1.1423317438e+01    1.0296874312e-01    4.0890000000e+03    1.4727700161e+00    9.9628448486e-01
         7   -4.5965025357e+01    2.1141644929e+03   -8.0237772489e+01    3.4272747133e+01   -1.1675887005e+01   -5.1102678690e+01   -2.0806128173e+01    3.3469213790e+00   -1.1415242512e+01    1.0296874312e-01    4.0980000000e+03    1.4728716650e+00    9.9619870542e-01
         8   -4.5947576995e+01    2.1125967862e+03   -8.0327211883e+01    3.4379634889e+01   -1.1653389132e+01   -5.1102678690e+01   -2.0897472447e+01    3.3263283858e+00   -1.1390213572e+01    1.0296874312e-01    4.1010000000e+03    1.4731373920e+00    9.9616147741e-01
         9   -4.5936863255e+01    2.1115825554e+03   -8.0388066057e+01    3.4451202802e+01   -1.1630406333e+01   -5.1102678690e+01   -2.1136264636e+01    3.4812836020e+00   -1.1370894093e+01    1.0296874312e-01    4.0850000000e+03    1.4707557029e+00    9.9640567766e-01
        10   -4.5961840793e+01    2.1139427573e+03   -8.0318228410e+01    3.4356387617e+01   -1.1601837179e+01   -5.1102678690e+01   -2.1093499419e+01    3.4797868793e+00   -1.1340582367e+01    1.0296874312e-01    4.0810000000e+03    1.4688309720e+00    9.9616067058e-01
        11   -4.5962596736e+01    2.1138700880e+03   -8.0314388531e+01    3.4351791795e+01   -1.1576691043e+01   -5.1102678690e+01   -2.1027950045e+01    3.3929312466e+00   -1.1315505373e+01    1.0296874312e-01    4.0800000000e+03    1.4640756140e+00    9.9615703240e-01
        12   -4.5949305129e+01    2.1126599933e+03   -8.0358586933e+01    3.4409281804e+01   -1.1544696181e+01   -5.1102678690e+01   -2.1050186910e+01    3.3389748479e+00   -1.1280536487e+01    1.0296874312e-01    4.1000000000e+03    1.4722222770e+00    9.9610520528e-01
        13   -4.5923107459e+01    2.1103792302e+03   -8.0384096400e+01    3.4460988942e+01   -1.1558317250e+01   -5.1102678690e+01   -2.1049140445e+01    3.3260399845e+00   -1.1294113637e+01    1.0296874312e-01    4.0950000000e+03    1.4771249880e+00    9.9644141673e-01
        14   -4.5916794845e+01    2.1097369948e+03   -8.0558437368e+01    3.4641642523e+01   -1.1566437788e+01   -5.1102678690e+01   -2.1220147098e+01    3.3308262077e+00   -1.1306651231e+01    1.0296874312e-01    4.0940000000e+03    1.4718251680e+00    9.9595345712e-01
        15   -4.5924177810e+01    2.1106583311e+03   -8.0556965537e+01    3.4632787727e+01   -1.1542424408e+01   -5.1102678690e+01   -2.1143761905e+01    3.2318994668e+00   -1.1281737811e+01    1.0296874312e-01    4.1010000000e+03    1.4761558841e+00    9.9620334228e-01
        16   -4.5921855313e+01    2.1102313696e+03   -8.0410639095e+01    3.4488783782e+01   -1.1546831487e+01   -5.1102678690e+01   -2.1082657906e+01    3.3215289880e+00   -1.1285101693e+01    1.0296874312e-01    4.0930000000e+03    1.4761174760e+00    9.9615290669e-01
        17   -4.5903356838e+01    2.1084647372e+03   -8.0634282421e+01    3.4730925584e+01   -1.1561744702e+01   -5.1102678690e+01   -2.1210977194e+01    3.2411181645e+00   -1.1298670711e+01    1.0296874312e-01    4.0930000000e+03    1.4769241831e+00    9.9631410256e-01
        18   -4.5907078103e+01    2.1087540040e+03   -8.0383653521e+01    3.4476575417e+01   -1.1564284793e+01   -5.1102678690e+01   -2.1128685947e+01    3.4119959092e+00   -1.1301772097e+01    1.0296874312e-01    4.0940000000e+03    1.4749143641e+00    9.9620241581e-01
        19   -4.5930699393e+01    2.1109393456e+03   -8.0407579812e+01    3.4476880419e+01   -1.1602195978e+01   -5.1102678690e+01   -2.1096978788e+01    3.3942736445e+00   -1.1343600129e+01    1.0296874312e-01    4.0910000000e+03    1.4771952960e+00    9.9638334965e-01
        20   -4.5915768444e+01    2.1095077564e+03   -8.0386277125e+01    3.4470508681e+01   -1.1616834382e+01   -5.1102678690e+01   -2.1046889185e+01    3.3801251331e+00   -1.1358727176e+01    1.0296874312e-01    4.0900000000e+03    1.4872872470e+00    9.9637249511e-01
        21   -4.5907118914e+01    2.1087736286e+03   -8.0395779721e+01    3.4488660807e+01   -1.1627576620e+01   -5.1102678690e+01   -2.1029157050e+01    3.3636326389e+00   -1.1366319022e+01    1.0296874312e-01    4.0940000000e+03    1.4951001881e+00    9.9648361057e-01
        22   -4.5903082669e+01    2.1084699079e+03   -8.0363876728e+01    3.4460794060e+01   -1.1591146374e+01   -5.1102678690e+01   -2.1151766311e+01    3.4817146475e+00   -1.1327755686e+01    1.0296874312e-01    4.0820000000e+03    1.5072234930e+00    9.9609279609e-01
        23   -4.5905544759e+01    2.1086887887e+03   -8.0294368015e+01    3.4388823256e+01   -1.1589943489e+01   -5.1102678690e+01   -2.1146152152e+01    3.5444063158e+00   -1.1324299089e+01    1.0296874312e-01    4.0690000000e+03    1.4924286010e+00    9.9675533873e-01
        24   -4.5906723808e+01    2.1088358858e+03   -8.0444358103e+01    3.4537634295e+01   -1.1593855913e+01   -5.1102678690e+01   -2.1128554460e+01    3.3807309603e+00   -1.1321512681e+01    1.0296874312e-01    4.0660000000e+03    1.4777114190e+00    9.9616389914e-01
        25   -4.5912187040e+01    2.1092261968e+03   -8.0573785053e+01    3.4661598013e+01   -1.1636767577e+01   -5.1102678690e+01   -2.1077817659e+01    3.2434788739e+00   -1.1367438365e+01    1.0296874312e-01    4.0630000000e+03    1.4734889580e+00    9.9599477245e-01
        26   -4.5930061038e+01    2.1109261805e+03   -8.0747991703e+01    3.4817930665e+01   -1.1662803656e+01   -5.1102678690e+01   -2.1255344473e+01    3.2728351159e+00   -1.1397170833e+01    1.0296874312e-01    4.0690000000e+03    1.4634070930e+00    9.9612355402e-01
        27   -4.5945421438e+01    2.1123661747e+03   -8.0532271445e+01    3.4586850008e+01   -1.1623012771e+01   -5.1102678690e+01   -2.1224451401e+01    3.4178714171e+00   -1.1359873775e+01    1.0296874312e-01    4.0640000000e+03    1.4636336500e+00    9.9622911035e-01
        28   -4.5940758683e+01    2.1119140253e+03   -8.0444304494e+01    3.4503545811e+01   -1.1559119375e+01   -5.1102678690e+01   -2.1311808552e+01    3.5293021242e+00   -1.1296068711e+01    1.0296874312e-01    4.0600000000e+03    1.4664446390e+00    9.9609759095e-01
        29   -4.5948917934e+01    2.1128365118e+03   -8.0532233871e+01    3.4583315938e+01   -1.1581520521e+01   -5.1102678690e+01   -2.1440003509e+01    3.5919688489e+00   -1.1317919192e+01    1.0296874312e-01    4.0450000000e+03    1.4543362360e+00    9.9619128554e-01
        30   -4.5943923633e+01    2.1121634437e+03   -8.0645898999e+01    3.4701975365e+01   -1.1616988122e+01   -5.1102678690e+01   -2.1532606272e+01    3.6063740855e+00   -1.1353701896e+01    1.0296874312e-01    4.0360000000e+03    1.4546508581e+00    9.9636448020e-01
        31   -4.5941500312e+01    2.1120213251e+03   -8.0799419430e+01    3.4857919118e+01   -1.1600724989e+01   -5.1102678690e+01   -2.1627510165e+01    3.5314944141e+00   -1.1335819514e+01    1.0296874312e-01    4.0520000000e+03    1.4669023249e+00    9.9625030925e-01
        32   -4.5954608963e+01    2.1132342238e+03   -8.0682674627e+01    3.4728065664e+01   -1.1538589304e+01   -5.1102678690e+01   -2.1425390210e+01    3.3839835765e+00   -1.1271770185e+01    1.0296874312e-01    4.0660000000e+03    1.4819351070e+00    9.9620327103e-01
        33   -4.5935326516e+01    2.1114303885e+03   -8.0559712965e+01    3.4624386449e+01   -1.1476529908e+01   -5.1102678690e+01   -2.1319663149e+01    3.3391587821e+00   -1.1210058908e+01    1.0296874312e-01    4.0590000000e+03    1.4782938170e+00    9.9619766010e-01
        34   -4.5910115325e+01    2.1090329357e+03   -8.0470912319e+01    3.4560796994e+01   -1.1488147470e+01   -5.1102678690e+01   -2.1039182043e+01    3.1590958848e+00   -1.1217798382e+01    1.0296874312e-01    4.0540000000e+03    1.4737640611e+00    9.9609375000e-01
        35   -4.5917157549e+01    2.1098169926e+03   -8.0387569113e+01    3.4470411564e+01   -1.1507204440e+01   -5.1102678690e+01   -2.1087985001e+01    3.3102990180e+00   -1.1239606213e+01    1.0296874312e-01    4.0550000000e+03    1.4737205909e+00    9.9625277572e-01
        36   -4.5894281621e+01    2.1077012934e+03   -8.0418224756e+01    3.4523943135e+01   -1.1550858390e+01   -5.1102678690e+01   -2.1032381295e+01    3.2676936200e+00   -1.1281611227e+01    1.0296874312e-01    4.0570000000e+03    1.4772453329e+00    9.9629498398e-01
        37   -4.5922647788e+01    2.1102071963e+03   -8.0182916841e+01    3.4260269053e+01   -1.1562404272e+01   -5.1102678690e+01   -2.0921109391e+01    3.4032755117e+00   -1.1295094580e+01    1.0296874312e-01    4.0530000000e+03    1.4843455510e+00    9.9630359783e-01
        38   -4.5942273199e+01    2.1121059430e+03   -8.0311031283e+01    3.4368758085e+01   -1.1499041025e+01   -5.1102678690e+01   -2.0973755999e+01    3.2644444309e+00   -1.1230563326e+01    1.0296874312e-01    4.0530000000e+03    1.4970007020e+00    9.9606961947e-01
        39   -4.5928975704e+01    2.1110823487e+03   -8.0217384568e+01    3.4288408864e+01   -1.1542086951e+01   -5.1102678690e+01   -2.0855824887e+01    3.2832059597e+00   -1.1274997441e+01    1.0296874312e-01    4.0830000000e+03    1.4804068770e+00    9.9634251291e-01
        40   -4.5947216931e+01    2.1124764337e+03   -8.0431208022e+01    3.4483991091e+01   -1.1559513057e+01   -5.1102678690e+01   -2.1060323321e+01    3.2913070466e+00   -1.1293133073e+01    1.0296874312e-01    4.0860000000e+03    1.5032248120e+00    9.9611953068e-01
        41   -4.5927602188e+01    2.1108385161e+03   -8.0369534706e+01    3.4441932518e+01   -1.1587497550e+01   -5.1102678690e+01   -2.0848053150e+01    3.1686946838e+00   -1.1323545966e+01    1.0296874312e-01    4.0840000000e+03    1.4871854020e+00    9.9648523646e-01
        42   -4.5916991726e+01    2.1098391332e+03   -8.0559143368e+01    3.4642151643e+01   -1.1628715607e+01   -5.1102678690e+01   -2.0899331321e+01    3.0715822501e+00   -1.1367568933e+01    1.0296874312e-01    4.0920000000e+03    1.5072029600e+00    9.9633251834e-01
        43   -4.5922239827e+01    2.1103359906e+03   -8.0580688758e+01    3.4658448931e+01   -1.1671105008e+01   -5.1102678690e+01   -2.1071581042e+01    3.2646759826e+00   -1.1411909855e+01    1.0296874312e-01    4.0970000000e+03    1.4969227599e+00    9.9628848974e-01
        44   -4.5926492632e+01    2.1106187180e+03   -8.0555071381e+01    3.4628578749e+01   -1.1664830806e+01   -5.1102678690e+01   -2.0998021900e+01    3.2104600155e+00   -1.1406164040e+01    1.0296874312e-01    4.1030000000e+03    1.4947541000e+00    9.9632801073e-01
        45   -4.5896079386e+01    2.1078398576e+03   -8.0554508481e+01    3.4658429095e+01   -1.1643896247e+01   -5.1102678690e+01   -2.0945558999e+01    3.1376254564e+00   -1.1385373075e+01    1.0296874312e-01    4.1130000000e+03    1.4998171590e+00    9.9601581509e-01
        46   -4.5916120201e+01    2.1095489062e+03   -8.0588804271e+01    3.4672684070e+01   -1.1653076765e+01   -5.1102678690e+01   -2.0981304457e+01    3.1482556415e+00   -1.1394282255e+01    1.0296874312e-01    4.1050000000e+03    1.4967724760e+00    9.9614892840e-01
        47   -4.5900812604e+01    2.1081252172e+03   -8.0472054575e+01    3.4571241970e+01   -1.1617352961e+01   -5.1102678690e+01   -2.0896004575e+01    3.1439816515e+00   -1.1359739890e+01    1.0296874312e-01    4.1040000000e+03    1.4986970490e+00    9.9618791088e-01
        48   -4.5893324907e+01    2.1074296320e+03   -8.0480152504e+01    3.4586827597e+01   -1.1597912843e+01   -5.1102678690e+01   -2.1003618342e+01    3.2240573712e+00   -1.1340852073e+01    1.0296874312e-01    4.0940000000e+03    1.4938308819e+00    9.9637957317e-01
        49   -4.5939782724e+01    2.1118511866e+03   -8.0545532662e+01    3.4605749938e+01   -1.1610561657e+01   -5.1102678690e+01   -2.1048802824e+01    3.2165105087e+00   -1.1355753633e+01    1.0296874312e-01    4.0900000000e+03    1.4809619801e+00    9.9634779951e-01
        50   -4.5946417514e+01    2.1124509760e+03   -8.0412350559e+01    3.4465933046e+01   -1.1618188405e+01   -5.1102678690e+01   -2.0968591350e+01    3.2771078858e+00   -1.1359090741e+01    1.0296874312e-01    4.0940000000e+03    1.4814121870e+00    9.9611189196e-01
        51   -4.5940636640e+01    2.1119246680e+03   -8.0379196186e+01    3.4438559545e+01   -1.1596110181e+01   -5.1102678690e+01   -2.0986228461e+01    3.3058211473e+00   -1.1335004876e+01    1.0296874312e-01    4.1030000000e+03    1.4963101919e+00    9.9586486816e-01
        52   -4.5928193554e+01    2.1106585785e+03   -8.0493236640e+01    3.4565043086e+01   -1.1581305090e+01   -5.1102678690e+01   -2.1046257345e+01    3.2370044855e+00   -1.1322655845e+01    1.0296874312e-01    4.1080000000e+03    1.4997858440e+00    9.9645508763e-01
        53   -4.5938811923e+01    2.1117266830e+03   -8.0369417094e+01    3.4430605171e+01   -1.1589753462e+01   -5.1102678690e+01   -2.0961931027e+01    3.2849460861e+00   -1.1332574709e+01    1.0296874312e-01    4.1080000000e+03    1.4947045960e+00    9.9622503653e-01
        54   -4.5929001525e+01    2.1106862620e+03   -8.0482047348e+01    3.4553045823e+01   -1.1578945734e+01   -5.1102678690e+01   -2.0955299788e+01    3.1548768648e+00   -1.1316477917e+01    1.0296874312e-01    4.1210000000e+03    1.5022140939e+00    9.9659021871e-01
        55   -4.5915559271e+01    2.1095324148e+03   -8.0463163318e+01    3.4547604048e+01   -1.1585721243e+01   -5.1102678690e+01   -2.1081225083e+01    3.3064616980e+00   -1.1321022586e+01    1.0296874312e-01    4.1270000000e+03    1.5079894371e+00    9.9641840320e-01
        56   -4.5943986240e+01    2.1122543838e+03   -8.0431916879e+01    3.4487930639e+01   -1.1613218043e+01   -5.1102678690e+01   -2.1054169123e+01    3.3381489779e+00   -1.1350173513e+01    1.0296874312e-01    4.1430000000e+03    1.5174395600e+00    9.9631774740e-01
        57   -4.5940947459e+01    2.1120043376e+03   -8.0463585586e+01    3.4522638127e+01   -1.1644503207e+01   -5.1102678690e+01   -2.1113747763e+01    3.3973440748e+00   -1.1383334408e+01    1.0296874312e-01    4.1450000000e+03    1.5172652410e+00    9.9644235408e-01
        58   -4.5902923332e+01    2.1085932396e+03   -8.0429081196e+01    3.4526157864e+01   -1.1658750233e+01   -5.1102678690e+01   -2.1205164227e+01    3.5375119552e+00   -1.1400237202e+01    1.0296874312e-01    4.1380000000e+03    1.5200931691e+00    9.9624939628e-01
        59   -4.5933818921e+01    2.1112208929e+03   -8.0517316678e+01    3.4583497758e+01   -1.1655558249e+01   -5.1102678690e+01   -2.1172795148e+01    3.4137154092e+00   -1.1398114301e+01    1.0296874312e-01    4.1260000000e+03    1.5088937910e+00    9.9624878993e-01
        60   -4.5905641633e+01    2.1086405542e+03   -8.0342307691e+01    3.4436666058e+01   -1.1637007070e+01   -5.1102678690e+01   -2.1035994626e+01    3.4333726948e+00   -1.1379021973e+01    1.0296874312e-01    4.1290000000e+03    1.4981710280e+00    9.9634356831e-01
        61   -4.5901220277e+01    2.1082452259e+03   -8.0380041880e+01    3.4478821603e+01   -1.1653500029e+01   -5.1102678690e+01   -2.0955590032e+01    3.3317268716e+00   -1.1391813865e+01    1.0296874312e-01    4.1390000000e+03    1.5005976281e+00    9.9613534608e-01
        62   -4.5897300447e+01    2.1078389862e+03   -8.0446059601e+01    3.4548759155e+01   -1.1651713904e+01   -5.1102678690e+01   -2.1019728189e+01    3.3280611820e+00   -1.1388654493e+01    1.0296874312e-01    4.1360000000e+03    1.5121730339e+00    9.9640032601e-01
        63   -4.5909743270e+01    2.1089534747e+03   -8.0609067561e+01    3.4699324291e+01   -1.1662895102e+01   -5.1102678690e+01   -2.1139687966e+01    3.2961941972e+00   -1.1399514082e+01    1.0296874312e-01    4.1370000000e+03    1.5057686240e+00    9.9658321239e-01
        64   -4.5941153378e+01    2.1120215046e+03   -8.0689604322e+01    3.4748450944e+01   -1.1670834934e+01   -5.1102678690e+01   -2.1245037716e+01    3.3289470183e+00   -1.1407695409e+01    1.0296874312e-01    4.1360000000e+03    1.5069311061e+00    9.9642706067e-01
        65   -4.5932184546e+01    2.1113781819e+03   -8.0728904876e+01    3.4796720329e+01   -1.1685271462e+01   -5.1102678690e+01   -2.1229439942e+01    3.2884852190e+00   -1.1419148531e+01    1.0296874312e-01    4.1330000000e+03    1.4953151559e+00    9.9613814994e-01
        66   -4.5883229053e+01    2.1067110925e+03   -8.0931465850e+01    3.5048236797e+01   -1.1664472894e+01   -5.1102678690e+01   -2.1388988511e+01    3.2246742455e+00   -1.1397259673e+01    1.0296874312e-01    4.1270000000e+03    1.4994798430e+00    9.9628300630e-01
        67   -4.5890573015e+01    2.1073686484e+03   -8.0874995486e+01    3.4984422471e+01   -1.1616209273e+01   -5.1102678690e+01   -2.1513198224e+01    3.3570907010e+00   -1.1350772150e+01    1.0296874312e-01    4.1330000000e+03    1.5036179480e+00    9.9610983289e-01
        68   -4.5915740784e+01    2.1096536749e+03   -8.0868141807e+01    3.4952401024e+01   -1.1642179273e+01   -5.1102678690e+01   -2.1654088995e+01    3.5308051516e+00   -1.1379839713e+01    1.0296874312e-01    4.1370000000e+03    1.5151740171e+00    9.9640352998e-01
        69   -4.5901168332e+01    2.1082938040e+03   -8.0828501532e+01    3.4927333200e+01   -1.1638174319e+01   -5.1102678690e+01   -2.1619370815e+01    3.5317222924e+00   -1.1373055396e+01    1.0296874312e-01    4.1230000000e+03    1.5201299360e+00    9.9632619739e-01
        70   -4.5900913591e+01    2.1082063990e+03   -8.0925723542e+01    3.5024809951e+01   -1.1645843909e+01   -5.1102678690e+01   -2.1588408847e+01    3.4112079053e+00   -1.1380048238e+01    1.0296874312e-01    4.1250000000e+03    1.5130173430e+00    9.9619235437e-01
        71   -4.5885865350e+01    2.1068439505e+03   -8.0919317643e+01    3.5033452293e+01   -1.1614094325e+01   -5.1102678690e+01   -2.1575013649e+01    3.3724690204e+00   -1.1347018974e+01    1.0296874312e-01    4.1170000000e+03    1.5128975511e+00    9.9621395687e-01
        72   -4.5906627654e+01    2.1088950072e+03   -8.0811467929e+01    3.4904840275e+01   -1.1614694230e+01   -5.1102678690e+01   -2.1448792717e+01    3.3546977087e+00   -1.1347507649e+01    1.0296874312e-01    4.0860000000e+03    1.4892430770e+00    9.9652269400e-01
        73   -4.5914775593e+01    2.1097161166e+03   -8.0751598049e+01    3.4836822456e+01   -1.1596870696e+01   -5.1102678690e+01   -2.1296040586e+01    3.2439919231e+00   -1.1331849688e+01    1.0296874312e-01    4.0750000000e+03    1.4711828231e+00    9.9606021584e-01
        74   -4.5933471063e+01    2.1113264815e+03   -8.0752030324e+01    3.4818559261e+01   -1.1591723307e+01   -5.1102678690e+01   -2.1279529695e+01    3.2219013693e+00   -1.1331862993e+01    1.0296874312e-01    4.0800000000e+03    1.4854127610e+00    9.9618379107e-01
        75   -4.5910321778e+01    2.1092501629e+03   -8.0734151702e+01    3.4823829924e+01   -1.1605776456e+01   -5.1102678690e+01   -2.1360056996e+01    3.3343604411e+00   -1.1341286220e+01    1.0296874312e-01    4.0920000000e+03    1.4853166860e+00    9.9601730675e-01
        76   -4.5911020257e+01    2.1091732875e+03   -8.0734520379e+01    3.4823500122e+01   -1.1590432280e+01   -5.1102678690e+01   -2.1218652640e+01    3.1772432314e+00   -1.1325026129e+01    1.0296874312e-01    4.0790000000e+03    1.4871607809e+00    9.9617112986e-01
        77   -4.5890575737e+01    2.1072324623e+03   -8.0686961589e+01    3.4796385852e+01   -1.1619728118e+01   -5.1102678690e+01   -2.1206677456e+01    3.2421226756e+00   -1.1350352445e+01    1.0296874312e-01    4.0600000000e+03    1.4639766640e+00    9.9592858899e-01
        78   -4.5898786539e+01    2.1081135161e+03   -8.0635988946e+01    3.4737202407e+01   -1.1632894421e+01   -5.1102678690e+01   -2.1194326730e+01    3.2939108958e+00   -1.1364614435e+01    1.0296874312e-01    4.0590000000e+03    1.4597491440e+00    9.9600801480e-01
        79   -4.5922884119e+01    2.1102663498e+03   -8.0579535536e+01    3.4656651417e+01   -1.1635060247e+01   -5.1102678690e+01   -2.1223537316e+01    3.3817407167e+00   -1.1368796426e+01    1.0296874312e-01    4.0590000000e+03    1.4874004780e+00    9.9597642787e-01
        80   -4.5955396716e+01    2.1132005390e+03   -8.0586276975e+01    3.4630880259e+01   -1.1707344458e+01   -5.1102678690e+01   -2.1036529137e+01    3.2602753107e+00   -1.1441170029e+01    1.0296874312e-01    4.0700000000e+03    1.4784535820e+00    9.9618414574e-01
        81   -4.5991540321e+01    2.1165113059e+03   -8.0377398866e+01    3.4385858545e+01   -1.1658486160e+01   -5.1102678690e+01   -2.0981464170e+01    3.3652301552e+00   -1.1390932942e+01    1.0296874312e-01    4.0730000000e+03    1.4894562160e+00    9.9634790081e-01
        82   -4.5989011785e+01    2.1164549317e+03   -8.0340741100e+01    3.4351729314e+01   -1.1641656388e+01   -5.1102678690e+01   -2.0862857679e+01    3.2664516574e+00   -1.1371369373e+01    1.0296874312e-01    4.0780000000e+03    1.4889978240e+00    9.9606884502e-01
        83   -4.5981248111e+01    2.1156482927e+03   -8.0289636489e+01    3.4308388378e+01   -1.1665308430e+01   -5.1102678690e+01   -2.0948706627e+01    3.4270572572e+00   -1.1393844214e+01    1.0296874312e-01    4.0670000000e+03    1.4756534620e+00    9.9646038084e-01
        84   -4.5958237981e+01    2.1136053782e+03   -8.0314260306e+01    3.4356022325e+01   -1.1645171839e+01   -5.1102678690e+01   -2.1154791825e+01    3.5883820492e+00   -1.1376358742e+01    1.0296874312e-01    4.0820000000e+03    1.4872329599e+00    9.9613884795e-01
        85   -4.5953792340e+01    2.1131702383e+03   -8.0397947061e+01    3.4444154721e+01   -1.1678014579e+01   -5.1102678690e+01   -2.1081823323e+01    3.4645695313e+00   -1.1404272131e+01    1.0296874312e-01    4.0920000000e+03    1.4955027150e+00    9.9620934214e-01
        86   -4.5952175644e+01    2.1129588942e+03   -8.0453131713e+01    3.4500956069e+01   -1.1678926604e+01   -5.1102678690e+01   -2.1089663152e+01    3.4181367327e+00   -1.1406796564e+01    1.0296874312e-01    4.1130000000e+03    1.5006756730e+00    9.9644401803e-01
        87   -4.5947578827e+01    2.1125370762e+03   -8.0495727070e+01    3.4548148242e+01   -1.1694101637e+01   -5.1102678690e+01   -2.1082584538e+01    3.3836377957e+00   -1.1424685515e+01    1.0296874312e-01    4.1120000000e+03    1.4979222501e+00    9.9604343864e-01
        88   -4.5975720940e+01    2.1151270187e+03   -8.0380011067e+01    3.4404290126e+01   -1.1632042005e+01   -5.1102678690e+01   -2.1090051291e+01    3.4447609192e+00   -1.1365413415e+01    1.0296874312e-01    4.1220000000e+03    1.4976847380e+00    9.9632263555e-01
        89   -4.5961672230e+01    2.1139079399e+03   -8.0572767682e+01    3.4611095452e+01   -1.1665327597e+01   -5.1102678690e+01   -2.1166264999e+01    3.3615036042e+00   -1.1403043332e+01    1.0296874312e-01    4.1190000000e+03    1.5045228651e+00    9.9633155469e-01
        90   -4.5945368109e+01    2.1124046083e+03   -8.0528868518e+01    3.4583500409e+01   -1.1618934717e+01   -5.1102678690e+01   -2.1263985871e+01    3.4567307598e+00   -1.1360235268e+01    1.0296874312e-01    4.1050000000e+03    1.4947354920e+00    9.9615548262e-01
        91   -4.5944422025e+01    2.1123189929e+03   -8.0462685511e+01    3.4518263486e+01   -1.1629767030e+01   -5.1102678690e+01   -2.1111588366e+01    3.3813485749e+00   -1.1372177387e+01    1.0296874312e-01    4.0970000000e+03    1.4866269190e+00    9.9602896341e-01
        92   -4.5940606878e+01    2.1119729798e+03   -8.0391773865e+01    3.4451166987e+01   -1.1658889261e+01   -5.1102678690e+01   -2.0992140135e+01    3.3619342212e+00   -1.1400036429e+01    1.0296874312e-01    4.0970000000e+03    1.4769264241e+00    9.9622160479e-01
        93   -4.5933138491e+01    2.1113268646e+03   -8.0427122972e+01    3.4493984481e+01   -1.1657285819e+01   -5.1102678690e+01   -2.0852830453e+01    3.1856719910e+00   -1.1397559521e+01    1.0296874312e-01    4.0910000000e+03    1.4890747510e+00    9.9612615910e-01
        94   -4.5932981794e+01    2.1111671021e+03   -8.0393756765e+01    3.4460774970e+01   -1.1590107829e+01   -5.1102678690e+01   -2.0860043416e+01    3.1590731701e+00   -1.1333676399e+01    1.0296874312e-01    4.0990000000e+03    1.4874364270e+00    9.9634015892e-01
        95   -4.5942717658e+01    2.1121384044e+03   -8.0587258025e+01    3.4644540367e+01   -1.1658445258e+01   -5.1102678690e+01   -2.1042183038e+01    3.2160489610e+00   -1.1404604165e+01    1.0296874312e-01    4.0870000000e+03    1.4773043880e+00    9.9643707275e-01
        96   -4.5977388352e+01    2.1155580413e+03   -8.0524856803e+01    3.4547468451e+01   -1.1647940918e+01   -5.1102678690e+01   -2.1099896115e+01    3.3256589211e+00   -1.1390694902e+01    1.0296874312e-01    4.0840000000e+03    1.4786379610e+00    9.9632037944e-01
        97   -4.5951196731e+01    2.1129535831e+03   -8.0633694165e+01    3.4682497434e+01   -1.1652364332e+01   -5.1102678690e+01   -2.1171596818e+01    3.2929456763e+00   -1.1395201486e+01    1.0296874312e-01    4.0710000000e+03    1.4731205869e+00    9.9656012503e-01
        98   -4.5978956688e+01    2.1154958699e+03   -8.0604718851e+01    3.4625762163e+01   -1.1608635795e+01   -5.1102678690e+01   -2.1303019083e+01    3.4096147174e+00   -1.1350552455e+01    1.0296874312e-01    4.0680000000e+03    1.4745619680e+00    9.9602565676e-01
        99   -4.5974524376e+01    2.1150781078e+03   -8.0801573247e+01    3.4827048871e+01   -1.1585457567e+01   -5.1102678690e+01   -2.1379202182e+01    3.2657651921e+00   -1.1321453629e+01    1.0296874312e-01    4.0600000000e+03    1.4687141881e+00    9.9639186361e-01
       100   -4.5932044819e+01    2.1111539862e+03   -8.0754613751e+01    3.4822568933e+01   -1.1600057597e+01   -5.1102678690e+01   -2.1259612619e+01    3.2077351556e+00   -1.1333061529e+01    1.0296874312e-01    4.0550000000e+03    1.4671792890e+00    9.9606487186e-01
       101   -4.5946698857e+01    2.1124647483e+03   -8.0688241055e+01    3.4741542198e+01   -1.1609651401e+01   -5.1102678690e+01   -2.1239033893e+01    3.2631229296e+00   -1.1346782097e+01    1.0296874312e-01    4.0640000000e+03    1.4624216299e+00    9.9646953626e-01
       102   -4.5962414431e+01    2.1138924133e+03   -8.0525570842e+01    3.4563156411e+01   -1.1576844215e+01   -5.1102678690e+01   -2.1169438707e+01    3.3233907698e+00   -1.1315272779e+01    1.0296874312e-01    4.0680000000e+03    1.4730046550e+00    9.9599477245e-01
       103   -4.5973247244e+01    2.1148594270e+03   -8.0626710409e+01    3.4653463165e+01   -1.1596845995e+01   -5.1102678690e+01   -2.1157522563e+01    3.2303368391e+00   -1.1332986869e+01    1.0296874312e-01    4.0910000000e+03    1.4744328411e+00    9.9615784962e-01
       104   -4.5974840615e+01    2.1150599029e+03   -8.0591913382e+01    3.4617072767e+01   -1.1595729600e+01   -5.1102678690e+01   -2.1121514783e+01    3.2280096908e+00   -1.1330147809e+01    1.0296874312e-01    4.1050000000e+03    1.4889994001e+00    9.9640068326e-01
       105   -4.5980208004e+01    2.1156128726e+03   -8.0480314692e+01    3.4500106689e+01   -1.1548300793e+01   -5.1102678690e+01   -2.1235253954e+01    3.4059187450e+00   -1.1284623144e+01    1.0296874312e-01    4.1220000000e+03    1.4915170501e+00    9.9615454767e-01
       106   -4.5987057809e+01    2.1161481423e+03   -8.0363138380e+01    3.4376080571e+01   -1.1571506854e+01   -5.1102678690e+01   -2.1125940201e+01    3.4369873657e+00   -1.1310246625e+01    1.0296874312e-01    4.1220000000e+03    1.4987419810e+00    9.9631060606e-01
       107   -4.5960632750e+01    2.1137727492e+03   -8.0434223354e+01    3.4473590604e+01   -1.1554483768e+01   -5.1102678690e+01   -2.1149127067e+01    3.3720661711e+00   -1.1289667122e+01    1.0296874312e-01    4.1110000000e+03    1.4993328820e+00    9.9611371380e-01
       108   -4.5959827585e+01    2.1136165426e+03   -8.0390540205e+01    3.4430712620e+01   -1.1589040121e+01   -5.1102678690e+01   -2.1165004976e+01    3.4661835825e+00   -1.1329107771e+01    1.0296874312e-01    4.1260000000e+03    1.4957300100e+00    9.9655810286e-01
       109   -4.5964473108e+01    2.1143151843e+03   -8.0660015209e+01    3.4695542101e+01   -1.1641929033e+01   -5.1102678690e+01   -2.1192652398e+01    3.2772449121e+00   -1.1377692049e+01    1.0296874312e-01    4.1260000000e+03    1.4984794860e+00    9.9619308549e-01
       110   -4.5963876735e+01    2.1141211067e+03   -8.0697784899e+01    3.4733908164e+01   -1.1668845877e+01   -5.1102678690e+01   -2.1087162588e+01    3.1609022567e+00   -1.1403105582e+01    1.0296874312e-01    4.1290000000e+03    1.4895254410e+00    9.9646212121e-01
       111   -4.5958776169e+01    2.1135829672e+03   -8.0578526564e+01    3.4619750395e+01   -1.1639540143e+01   -5.1102678690e+01   -2.1090239587e+01    3.2539318569e+00   -1.1376931589e+01    1.0296874312e-01    4.1410000000e+03    1.4954428950e+00    9.9649589174e-01
       112   -4.5950822742e+01    2.1129325541e+03   -8.0532623610e+01    3.4581800867e+01   -1.1619964872e+01   -5.1102678690e+01   -2.1111344969e+01    3.3013649220e+00   -1.1359510540e+01    1.0296874312e-01    4.1440000000e+03    1.4980277000e+00    9.9620411736e-01
       113   -4.5962467755e+01    2.1139712398e+03   -8.0472216450e+01    3.4509748694e+01   -1.1655495968e+01   -5.1102678690e+01   -2.1013024038e+01    3.2989822468e+00   -1.1395943895e+01    1.0296874312e-01    4.1540000000e+03    1.5025159650e+00    9.9630181972e-01
       114   -4.5986638782e+01    2.1159996985e+03   -8.0505457809e+01    3.4518819027e+01   -1.1632506531e+01   -5.1102678690e+01   -2.0969275931e+01    3.1990033434e+00   -1.1374347006e+01    1.0296874312e-01    4.1690000000e+03    1.5001295051e+00    9.9616979092e-01
       115   -4.5992859700e+01    2.1167032998e+03   -8.0522940953e+01    3.4530081254e+01   -1.1666327053e+01   -5.1102678690e+01   -2.1119585565e+01    3.3656503553e+00   -1.1411134243e+01    1.0296874312e-01    4.1770000000e+03    1.5069166321e+00    9.9632836803e-01
       116   -4.6011528774e+01    2.1183848430e+03   -8.0595156611e+01    3.4583627838e+01   -1.1673438695e+01   -5.1102678690e+01   -2.1159871257e+01    3.3408320320e+00   -1.1417258005e+01    1.0296874312e-01    4.1650000000e+03    1.5065462370e+00    9.9633367322e-01
       117   -4.5993284660e+01    2.1167823780e+03   -8.0541928699e+01    3.4548644040e+01   -1.1629118177e+01   -5.1102678690e+01   -2.1185991063e+01    3.3758592312e+00   -1.1375128080e+01    1.0296874312e-01    4.1630000000e+03    1.4979016010e+00    9.9633765610e-01
       118   -4.5970800660e+01    2.1147144459e+03   -8.0567093592e+01    3.4596292933e+01   -1.1708394162e+01   -5.1102678690e+01   -2.1063641452e+01    3.3076207117e+00   -1.1456045884e+01    1.0296874312e-01    4.1780000000e+03    1.4991039439e+00    9.9607875480e-01
       119   -4.5965863035e+01    2.1141660531e+03   -8.0452546701e+01    3.4486683666e+01   -1.1712976985e+01   -5.1102678690e+01   -2.0985739735e+01    3.3488487094e+00   -1.1462484760e+01    1.0296874312e-01    4.1760000000e+03    1.5029913840e+00    9.9595737685e-01
       120   -4.5973872816e+01    2.1151103628e+03   -8.0507605880e+01    3.4533733064e+01   -1.1720900369e+01   -5.1102678690e+01   -2.1175224213e+01    3.4911973928e+00   -1.1469752246e+01    1.0296874312e-01    4.1700000000e+03    1.5041411279e+00    9.9591576739e-01
       121   -4.5980446489e+01    2.1155636787e+03   -8.0690245478e+01    3.4709798988e+01   -1.1741448438e+01   -5.1102678690e+01   -2.1215158151e+01    3.3690398021e+00   -1.1490054395e+01    1.0296874312e-01    4.1660000000e+03    1.5056490330e+00    9.9616780658e-01
       122   -4.5950580278e+01    2.1129223215e+03   -8.0646168178e+01    3.4695587900e+01   -1.1688603140e+01   -5.1102678690e+01   -2.1268848350e+01    3.4139620025e+00   -1.1436971509e+01    1.0296874312e-01    4.1700000000e+03    1.5095847980e+00    9.9626798561e-01
       123   -4.5961540416e+01    2.1138873110e+03   -8.0555082882e+01    3.4593542466e+01   -1.1606789926e+01   -5.1102678690e+01   -2.1351276380e+01    3.5056621136e+00   -1.1351556125e+01    1.0296874312e-01    4.1740000000e+03    1.5212663669e+00    9.9606564748e-01
       124   -4.5967995429e+01    2.1144262827e+03   -8.0387213307e+01    3.4419217878e+01   -1.1566682094e+01   -5.1102678690e+01   -2.1278961565e+01    3.5611090423e+00   -1.1313090160e+01    1.0296874312e-01    4.1630000000e+03    1.5219556630e+00    9.9645193231e-01
       125   -4.5958509418e+01    2.1136584062e+03   -8.0472969967e+01    3.4514460549e+01   -1.1594879609e+01   -5.1102678690e+01   -2.1271838213e+01    3.4964265453e+00   -1.1340934472e+01    1.0296874312e-01    4.1630000000e+03    1.5296203791e+00    9.9627940470e-01
       126   -4.5940171123e+01    2.1120383187e+03   -8.0421065817e+01    3.4480894694e+01   -1.1597391064e+01   -5.1102678690e+01   -2.1210811061e+01    3.4898149986e+00   -1.1339957298e+01    1.0296874312e-01    4.1630000000e+03    1.5215630530e+00    9.9641762797e-01
       127   -4.5938404446e+01    2.1117305110e+03   -8.0436570369e+01    3.4498165923e+01   -1.1576885868e+01   -5.1102678690e+01   -2.1235388216e+01    3.4783824057e+00   -1.1314489925e+01    1.0296874312e-01    4.1840000000e+03    1.5242399520e+00    9.9599070743e-01
       128   -4.5940075674e+01    2.1119229419e+03   -8.0511519780e+01    3.4571444106e+01   -1.1632321138e+01   -5.1102678690e+01   -2.1302684106e+01    3.5261641549e+00   -1.1373606462e+01    1.0296874312e-01    4.1870000000e+03    1.5320279310e+00    9.9615155131e-01
       129   -4.5937311383e+01    2.1115872164e+03   -8.0550555922e+01    3.4613244539e+01   -1.1677584421e+01   -5.1102678690e+01   -2.1346734012e+01    3.5764412012e+00   -1.1423344065e+01    1.0296874312e-01    4.1800000000e+03    1.5406214920e+00    9.9617864820e-01
       130   -4.5940192748e+01    2.1118934568e+03   -8.0759490084e+01    3.4819297336e+01   -1.1665015880e+01   -5.1102678690e+01   -2.1428411045e+01    3.4366155319e+00   -1.1411243164e+01    1.0296874312e-01    4.1700000000e+03    1.5273316900e+00    9.9626888036e-01
       131   -4.5959689824e+01    2.1137281045e+03   -8.0650122183e+01    3.4690432359e+01   -1.1679131499e+01   -5.1102678690e+01   -2.1367023183e+01    3.4987111887e+00   -1.1421130338e+01    1.0296874312e-01    4.1780000000e+03    1.5236601090e+00    9.9622573688e-01
       132   -4.5973375008e+01    2.1161849875e+03   -8.0743934680e+01    3.4770559672e+01   -1.1683211663e+01   -5.1102678690e+01   -2.1401552357e+01    3.4435080311e+00   -1.1424255425e+01    1.0296874312e-01    4.1780000000e+03    1.5363473800e+00    9.9632748923e-01
       133   -4.5950511960e+01    2.1128460128e+03   -8.0689765740e+01    3.4739253779e+01   -1.1672096609e+01   -5.1102678690e+01   -2.1405395924e+01    3.4904054834e+00   -1.1414369016e+01    1.0296874312e-01    4.1760000000e+03    1.5454743969e+00    9.9653857656e-01
       134   -4.5926208952e+01    2.1105362475e+03   -8.0842003133e+01    3.4915794181e+01   -1.1632406527e+01   -5.1102678690e+01   -2.1536445643e+01    3.4295277270e+00   -1.1376709281e+01    1.0296874312e-01    4.1770000000e+03    1.5350426950e+00    9.9627066858e-01
       135   -4.5894540662e+01    2.1081963364e+03   -8.0907175204e+01    3.5012634542e+01   -1.1595759291e+01   -5.1102678690e+01   -2.1515011784e+01    3.3062745610e+00   -1.1341261852e+01    1.0296874312e-01    4.1660000000e+03    1.5230458451e+00    9.9622186976e-01
       136   -4.5948736535e+01    2.1126660865e+03   -8.0789267781e+01    3.4840531247e+01   -1.1603661943e+01   -5.1102678690e+01   -2.1521211168e+01    3.4382840202e+00   -1.1346349751e+01    1.0296874312e-01    4.1520000000e+03    1.5125445140e+00    9.9607400722e-01
       137   -4.5931612381e+01    2.1110213586e+03   -8.0785196204e+01    3.4853583823e+01   -1.1625572433e+01   -5.1102678690e+01   -2.1510808149e+01    3.4538630682e+00   -1.1371186069e+01    1.0296874312e-01    4.1460000000e+03    1.5147974110e+00    9.9607964122e-01
       138   -4.5928184293e+01    2.1107642163e+03   -8.0665964036e+01    3.4737779744e+01   -1.1672228598e+01   -5.1102678690e+01   -2.1394275182e+01    3.5032184331e+00   -1.1420772124e+01    1.0296874312e-01    4.1420000000e+03    1.5092574081e+00    9.9650850627e-01
       139   -4.5951545861e+01    2.1128562544e+03   -8.0712823047e+01    3.4761277186e+01   -1.1598668665e+01   -5.1102678690e+01   -2.1471126276e+01    3.4596505842e+00   -1.1344844003e+01    1.0296874312e-01    4.1510000000e+03    1.4959965530e+00    9.9644646306e-01
       140   -4.5941570055e+01    2.1121337033e+03   -8.0619964115e+01    3.4678394059e+01   -1.1547556655e+01   -5.1102678690e+01   -2.1455449248e+01    3.4857204788e+00   -1.1294730970e+01    1.0296874312e-01    4.1540000000e+03    1.5051106371e+00    9.9634388541e-01
       141   -4.5941071533e+01    2.1119032664e+03   -8.0548642912e+01    3.4607571378e+01   -1.1598388876e+01   -5.1102678690e+01   -2.1343688832e+01    3.4961134868e+00   -1.1344209251e+01    1.0296874312e-01    4.1480000000e+03    1.4980442520e+00    9.9629518072e-01
       142   -4.5921459548e+01    2.1104959167e+03   -8.0416896630e+01    3.4495437083e+01   -1.1615764632e+01   -5.1102678690e+01   -2.1347904386e+01    3.6494510778e+00   -1.1361940413e+01    1.0296874312e-01    4.1470000000e+03    1.5109859740e+00    9.9649180920e-01
       143   -4.5924195653e+01    2.1103491964e+03   -8.0421016982e+01    3.4496821330e+01   -1.1687924376e+01   -5.1102678690e+01   -2.1373997070e+01    3.7435831544e+00   -1.1432615551e+01    1.0296874312e-01    4.1340000000e+03    1.4942311679e+00    9.9608053407e-01
       144   -4.5935645987e+01    2.1113705855e+03   -8.0648671691e+01    3.4713025704e+01   -1.1685438514e+01   -5.1102678690e+01   -2.1461955419e+01    3.6014009323e+00   -1.1428561259e+01    1.0296874312e-01    4.1480000000e+03    1.5016561749e+00    9.9627958223e-01
       145   -4.5959019466e+01    2.1136028609e+03   -8.0665571328e+01    3.4706551863e+01   -1.1654752885e+01   -5.1102678690e+01   -2.1559467620e+01    3.6513278664e+00   -1.1397345397e+01    1.0296874312e-01    4.1680000000e+03    1.5084733320e+00    9.9609093096e-01
       146   -4.5952546408e+01    2.1129464281e+03   -8.0628791124e+01    3.4676244716e+01   -1.1631830679e+01   -5.1102678690e+01   -2.1502444214e+01    3.6081624595e+00   -1.1375582988e+01    1.0296874312e-01    4.1520000000e+03    1.5157955199e+00    9.9612752161e-01
       147   -4.5961237006e+01    2.1137339889e+03   -8.0434857042e+01    3.4473620036e+01   -1.1617623628e+01   -5.1102678690e+01   -2.1450131402e+01    3.7355766774e+00   -1.1357777822e+01    1.0296874312e-01    4.1420000000e+03    1.4981147881e+00    9.9633995412e-01
       148   -4.5955297969e+01    2.1131437065e+03   -8.0644981864e+01    3.4689683896e+01   -1.1642731182e+01   -5.1102678690e+01   -2.1434998356e+01    3.5354263645e+00   -1.1378741692e+01    1.0296874312e-01    4.1460000000e+03    1.5033277670e+00    9.9604191797e-01
       149   -4.5948640056e+01    2.1125690629e+03   -8.0665857260e+01    3.4717217204e+01   -1.1645362577e+01   -5.1102678690e+01   -2.1343362914e+01    3.4255469217e+00   -1.1384983987e+01    1.0296874312e-01    4.1640000000e+03    1.5129148479e+00    9.9656791908e-01
       150   -4.5940665324e+01    2.1118505330e+03   -8.0527250349e+01    3.4586585025e+01   -1.1613299710e+01   -5.1102678690e+01   -2.1275299871e+01    3.4640279224e+00   -1.1350998083e+01    1.0296874312e-01    4.1850000000e+03    1.5297344000e+00    9.9616385499e-01
       151   -4.5946850578e+01    2.1124651362e+03   -8.0378988107e+01    3.4432137529e+01   -1.1642635560e+01   -5.1102678690e+01   -2.1170906806e+01    3.5372329499e+00   -1.1378559195e+01    1.0296874312e-01    4.1680000000e+03    1.5203712260e+00    9.9609748804e-01
       152   -4.5954898430e+01    2.1131317048e+03   -8.0503371143e+01    3.4548472713e+01   -1.1637338037e+01   -5.1102678690e+01   -2.1206983052e+01    3.4436286376e+00   -1.1375196048e+01    1.0296874312e-01    4.1690000000e+03    1.4974434570e+00    9.9607687230e-01
       153   -4.5955347183e+01    2.1131109471e+03   -8.0789458373e+01    3.4834111190e+01   -1.1663339034e+01   -5.1102678690e+01   -2.1410805202e+01    3.3873645534e+00   -1.1399090641e+01    1.0296874312e-01    4.1660000000e+03    1.5089499650e+00    9.9609093637e-01
       154   -4.5983719423e+01    2.1158066091e+03   -8.0736058241e+01    3.4752338818e+01   -1.1668736712e+01   -5.1102678690e+01   -2.1306315775e+01    3.3416729362e+00   -1.1406011192e+01    1.0296874312e-01    4.1590000000e+03    1.5135741620e+00    9.9627100840e-01
       155   -4.5985860225e+01    2.1160324796e+03   -8.0754389207e+01    3.4768528982e+01   -1.1690355680e+01   -5.1102678690e+01   -2.1402805000e+01    3.4414501632e+00   -1.1431576609e+01    1.0296874312e-01    4.1710000000e+03    1.5169143690e+00    9.9627761768e-01
       156   -4.5982226133e+01    2.1157352457e+03   -8.0897305784e+01    3.4915079652e+01   -1.1661549238e+01   -5.1102678690e+01   -2.1471971937e+01    3.3388940809e+00   -1.1405337720e+01    1.0296874312e-01    4.1630000000e+03    1.5386951540e+00    9.9605626200e-01
       157   -4.5950089266e+01    2.1126848856e+03   -8.0830967898e+01    3.4880878632e+01   -1.1624338917e+01   -5.1102678690e+01   -2.1496409728e+01    3.3924594375e+00   -1.1367894674e+01    1.0296874312e-01    4.1580000000e+03    1.5479610671e+00    9.9652109882e-01
       158   -4.5896678460e+01    2.1078698407e+03   -8.0729846420e+01    3.4833167961e+01   -1.1612716370e+01   -5.1102678690e+01   -2.1481277255e+01    3.4668258950e+00   -1.1352415499e+01    1.0296874312e-01    4.1430000000e+03    1.5153552530e+00    9.9649434280e-01
       159   -4.5927756217e+01    2.1107265079e+03   -8.0646755746e+01    3.4718999528e+01   -1.1604318206e+01   -5.1102678690e+01   -2.1249145767e+01    3.3093869171e+00   -1.1346100058e+01    1.0296874312e-01    4.1510000000e+03    1.5088383490e+00    9.9639452088e-01
       160   -4.5921398167e+01    2.1101388276e+03   -8.0527446799e+01    3.4606048632e+01   -1.1609327945e+01   -5.1102678690e+01   -2.1268788785e+01    3.4533486224e+00   -1.1350829754e+01    1.0296874312e-01    4.1540000000e+03    1.5280344289e+00    9.9629301011e-01
       161   -4.5916810417e+01    2.1096520992e+03   -8.0574615924e+01    3.4657805507e+01   -1.1607681877e+01   -5.1102678690e+01   -2.1306486807e+01    3.4422314503e+00   -1.1352707490e+01    1.0296874312e-01    4.1460000000e+03    1.5134051830e+00    9.9633194746e-01
       162   -4.5926734033e+01    2.1106101727e+03   -8.0877264434e+01    3.4950530400e+01   -1.1656098144e+01   -5.1102678690e+01   -2.1391673987e+01    3.2731863882e+00   -1.1400940289e+01    1.0296874312e-01    4.1580000000e+03    1.5147225170e+00    9.9651523362e-01
       163   -4.5962829176e+01    2.1139434636e+03   -8.0926725730e+01    3.4963896554e+01   -1.1641683172e+01   -5.1102678690e+01   -2.1548191658e+01    3.3658277913e+00   -1.1387480659e+01    1.0296874312e-01    4.1470000000e+03    1.5157418180e+00    9.9641566265e-01
       164   -4.5960512939e+01    2.1137734264e+03   -8.0946318758e+01    3.4985805819e+01   -1.1613520180e+01   -5.1102678690e+01   -2.1572484296e+01    3.3423644087e+00   -1.1358172755e+01    1.0296874312e-01    4.1560000000e+03    1.5271870650e+00    9.9626113385e-01
       165   -4.5927035074e+01    2.1106354413e+03   -8.0786222666e+01    3.4859187592e+01   -1.1619847506e+01   -5.1102678690e+01   -2.1566573316e+01    3.5028768475e+00   -1.1364685975e+01    1.0296874312e-01    4.1380000000e+03    1.5152942521e+00    9.9628317250e-01
       166   -4.5952947229e+01    2.1130145115e+03   -8.0876674311e+01    3.4923727082e+01   -1.1627759070e+01   -5.1102678690e+01   -2.1602598689e+01    3.4563621386e+00   -1.1374701868e+01    1.0296874312e-01    4.1380000000e+03    1.5168596930e+00    9.9637943519e-01
       167   -4.5989558397e+01    2.1165001467e+03   -8.0761801392e+01    3.4772242996e+01   -1.1579020449e+01   -5.1102678690e+01   -2.1631094734e+01    3.5509924808e+00   -1.1325710794e+01    1.0296874312e-01    4.1200000000e+03    1.4937385630e+00    9.9589493456e-01
       168   -4.5982722455e+01    2.1159785100e+03   -8.0775520472e+01    3.4792798018e+01   -1.1534531196e+01   -5.1102678690e+01   -2.1645045541e+01    3.5067349558e+00   -1.1279299641e+01    1.0296874312e-01    4.1210000000e+03    1.4991269211e+00    9.9619420184e-01
       169   -4.6002141021e+01    2.1176823422e+03   -8.0822092856e+01    3.4819951836e+01   -1.1558626980e+01   -5.1102678690e+01   -2.1552193326e+01    3.3914061403e+00   -1.1306633467e+01    1.0296874312e-01    4.1140000000e+03    1.4929845140e+00    9.9647544968e-01
       170   -4.6000541623e+01    2.1174453612e+03   -8.0869330526e+01    3.4868788903e+01   -1.1533850581e+01   -5.1102678690e+01   -2.1692404449e+01    3.4596031947e+00   -1.1285042301e+01    1.0296874312e-01    4.1200000000e+03    1.4963361250e+00    9.9641729415e-01
       171   -4.5982128740e+01    2.1157133864e+03   -8.0970522176e+01    3.4988393436e+01   -1.1555811176e+01   -5.1102678690e+01   -2.1718015189e+01    3.4059828790e+00   -1.1307590084e+01    1.0296874312e-01    4.1160000000e+03    1.4961960331e+00    9.9627669255e-01
       172   -4.5988543251e+01    2.1163411754e+03   -8.1005315677e+01    3.5016772426e+01   -1.1555350878e+01   -5.1102678690e+01   -2.1806468918e+01    3.4591828088e+00   -1.1306134163e+01    1.0296874312e-01    4.1080000000e+03    1.4841706890e+00    9.9603958891e-01
       173   -4.5995485577e+01    2.1169411035e+03   -8.0913199188e+01    3.4917713611e+01   -1.1527933143e+01   -5.1102678690e+01   -2.1761662005e+01    3.4790746505e+00   -1.1271847763e+01    1.0296874312e-01    4.1050000000e+03    1.4814244410e+00    9.9637052593e-01
       174   -4.5958154991e+01    2.1135307330e+03   -8.0778172899e+01    3.4820017908e+01   -1.1490133968e+01   -5.1102678690e+01   -2.1747233162e+01    3.5618729214e+00   -1.1232493570e+01    1.0296874312e-01    4.1020000000e+03    1.4770490649e+00    9.9624329432e-01
       175   -4.5954162138e+01    2.1132094159e+03   -8.0997083748e+01    3.5042921610e+01   -1.1505125071e+01   -5.1102678690e+01   -2.1677232135e+01    3.2879521488e+00   -1.1249905045e+01    1.0296874312e-01    4.1030000000e+03    1.4829426471e+00    9.9600999025e-01
       176   -4.5978087885e+01    2.1154187835e+03   -8.0910860842e+01    3.4932772956e+01   -1.1513647744e+01   -5.1102678690e+01   -2.1521038480e+01    3.2265040731e+00   -1.1263793405e+01    1.0296874312e-01    4.1110000000e+03    1.4774043589e+00    9.9624512552e-01
       177   -4.5961159915e+01    2.1138474207e+03   -8.0714793745e+01    3.4753633831e+01   -1.1567908245e+01   -5.1102678690e+01   -2.1492396921e+01    3.4481901112e+00   -1.1321691172e+01    1.0296874312e-01    4.1160000000e+03    1.4948611170e+00    9.9600176014e-01
       178   -4.5930832592e+01    2.1110236620e+03   -8.0631226685e+01    3.4700394093e+01   -1.1581545474e+01   -5.1102678690e+01   -2.1522535286e+01    3.5755327650e+00   -1.1335203848e+01    1.0296874312e-01    4.1030000000e+03    1.4854614380e+00    9.9615454767e-01
       179   -4.5931390952e+01    2.1113520490e+03   -8.0909795393e+01    3.4978404441e+01   -1.1543669492e+01   -5.1102678690e+01   -2.1593795438e+01    3.3303482277e+00   -1.1300854284e+01    1.0296874312e-01    4.1040000000e+03    1.4761297849e+00    9.9600317305e-01
       180   -4.5970834512e+01    2.1146275977e+03   -8.0955536410e+01    3.4984701898e+01   -1.1516285758e+01   -5.1102678690e+01   -2.1696755171e+01    3.3601832092e+00   -1.1274129709e+01    1.0296874312e-01    4.0920000000e+03    1.4815884240e+00    9.9631636629e-01
       181   -4.5954902111e+01    2.1132735538e+03   -8.0971450607e+01    3.5016548496e+01   -1.1555370940e+01   -5.1102678690e+01   -2.1725588456e+01    3.4121874799e+00   -1.1309462030e+01    1.0296874312e-01    4.0720000000e+03    1.4775954090e+00    9.9582567402e-01
       182   -4.5962309108e+01    2.1139380264e+03   -8.0896335694e+01    3.4934026586e+01   -1.1575681458e+01   -5.1102678690e+01   -2.1707983068e+01    3.4900075228e+00   -1.1328622983e+01    1.0296874312e-01    4.0540000000e+03    1.4696613140e+00    9.9636109060e-01
       183   -4.5950516324e+01    2.1127372690e+03   -8.0971923778e+01    3.5021407454e+01   -1.1592588034e+01   -5.1102678690e+01   -2.1690464831e+01    3.4138077779e+00   -1.1346264126e+01    1.0296874312e-01    4.0530000000e+03    1.4703497830e+00    9.9601851852e-01
       184   -4.5928385614e+01    2.1107372889e+03   -8.0884316447e+01    3.4955930833e+01   -1.1523902434e+01   -5.1102678690e+01   -2.1663834421e+01    3.4060990988e+00   -1.1275342601e+01    1.0296874312e-01    4.0580000000e+03    1.4660066450e+00    9.9636932659e-01
       185   -4.5904190818e+01    2.1085563027e+03   -8.0932062807e+01    3.5027871988e+01   -1.1549953824e+01   -5.1102678690e+01   -2.1660032625e+01    3.3806023327e+00   -1.1300888427e+01    1.0296874312e-01    4.0780000000e+03    1.4896404520e+00    9.9617535021e-01
       186   -4.5916662517e+01    2.1097170893e+03   -8.1035133089e+01    3.5118470571e+01   -1.1604951847e+01   -5.1102678690e+01   -2.1650599661e+01    3.3230971107e+00   -1.1351856059e+01    1.0296874312e-01    4.0750000000e+03    1.4944711160e+00    9.9594056373e-01
       187   -4.5922753983e+01    2.1104265742e+03   -8.1116786004e+01    3.5194032021e+01   -1.1638146386e+01   -5.1102678690e+01   -2.1623184106e+01    3.2472231785e+00   -1.1384419795e+01    1.0296874312e-01    4.0820000000e+03    1.4980469410e+00    9.9608128834e-01
       188   -4.5936124913e+01    2.1114818634e+03   -8.0914418301e+01    3.4978293389e+01   -1.1590054197e+01   -5.1102678690e+01   -2.1534385366e+01    3.3126999527e+00   -1.1333671050e+01    1.0296874312e-01    4.0770000000e+03    1.4935422960e+00    9.9614830924e-01
       189   -4.5925882369e+01    2.1105214721e+03   -8.1012787207e+01    3.5086904838e+01   -1.1595224787e+01   -5.1102678690e+01   -2.1470647051e+01    3.1557633206e+00   -1.1337488539e+01    1.0296874312e-01    4.0710000000e+03    1.4802774901e+00    9.9632488338e-01
       190   -4.5927151010e+01    2.1109958270e+03   -8.1225971085e+01    3.5298820075e+01   -1.1608789830e+01   -5.1102678690e+01   -2.1339839494e+01    2.8253369303e+00   -1.1352650873e+01    1.0296874312e-01    4.0760000000e+03    1.4803145069e+00    9.9634202454e-01
       191   -4.5909686846e+01    2.1090411853e+03   -8.0619737387e+01    3.4710050541e+01   -1.1583555156e+01   -5.1102678690e+01   -2.1261911655e+01    3.3284081140e+00   -1.1326589733e+01    1.0296874312e-01    4.0710000000e+03    1.4704012050e+00    9.9619445126e-01
       192   -4.5897383876e+01    2.1079241862e+03   -8.0619823933e+01    3.4722440057e+01   -1.1581476897e+01   -5.1102678690e+01   -2.1307825193e+01    3.3721568478e+00   -1.1317413903e+01    1.0296874312e-01    4.0570000000e+03    1.4598285171e+00    9.9625615006e-01
       193   -4.5898631479e+01    2.1081114424e+03   -8.0674193458e+01    3.4775561980e+01   -1.1557973731e+01   -5.1102678690e+01   -2.1270336207e+01    3.2567951701e+00   -1.1293162003e+01    1.0296874312e-01    4.0590000000e+03    1.4576883120e+00    9.9637971407e-01
       194   -4.5918192594e+01    2.1107374778e+03   -8.0640191103e+01    3.4721998509e+01   -1.1625572463e+01   -5.1102678690e+01   -2.1350182658e+01    3.4382427087e+00   -1.1363593859e+01    1.0296874312e-01    4.0750000000e+03    1.4678884550e+00    9.9630227552e-01
       195   -4.5979260366e+01    2.1154833561e+03   -8.0463322978e+01    3.4484062612e+01   -1.1620300774e+01   -5.1102678690e+01   -2.1185760675e+01    3.4454171621e+00   -1.1357476669e+01    1.0296874312e-01    4.0910000000e+03    1.4817579191e+00    9.9658812729e-01
       196   -4.5960370765e+01    2.1136573292e+03   -8.0452692794e+01    3.4492322029e+01   -1.1573298440e+01   -5.1102678690e+01   -2.1167697526e+01    3.3909818617e+00   -1.1309110464e+01    1.0296874312e-01    4.0920000000e+03    1.4874614250e+00    9.9640216329e-01
       197   -4.5946358209e+01    2.1125744225e+03   -8.0578518315e+01    3.4632160107e+01   -1.1543527376e+01   -5.1102678690e+01   -2.1248511556e+01    3.3161993076e+00   -1.1277650642e+01    1.0296874312e-01    4.1150000000e+03    1.4982907550e+00    9.9618716447e-01
       198   -4.5944377596e+01    2.1122818315e+03   -8.0541468205e+01    3.4597090609e+01   -1.1546184327e+01   -5.1102678690e+01   -2.1277037527e+01    3.3844323387e+00   -1.1280159213e+01    1.0296874312e-01    4.1310000000e+03    1.5026702490e+00    9.9650926823e-01
       199   -4.5943463144e+01    2.1121135365e+03   -8.0502162503e+01    3.4558699359e+01   -1.1564834346e+01   -5.1102678690e+01   -2.1095855602e+01    3.2612061360e+00   -1.1302108818e+01    1.0296874312e-01    4.1290000000e+03    1.5111956031e+00    9.9618349456e-01
