#   index    LocalEnergy         LocalEnergy_sq      LocalPotential      Kinetic             ElecElec            IonIon              LocalECP            NonLocalECP         MPC                 KEcorr              BlockWeight         BlockCPU            AcceptRatio         
         0   -4.5811015394e+01    2.1000279419e+03   -8.0366843421e+01    3.4555828027e+01   -1.1582606150e+01   -5.1102678690e+01   -2.0842626336e+01    3.1610677552e+00   -1.1311402703e+01    1.0296874312e-01    2.0480000000e+03    7.4110011803e-01    9.9057006836e-01
         1   -4.5801668778e+01    2.0993059870e+03   -8.0370779618e+01    3.4569110840e+01   -1.1649548821e+01   -5.1102678690e+01   -2.0780460698e+01    3.1619085916e+00   -1.1378169774e+01    1.0296874312e-01    2.0500000000e+03    7.4186385295e-01    9.9084472656e-01
         2   -4.5802362114e+01    2.0992091073e+03   -8.0139700520e+01    3.4337338406e+01   -1.1571907698e+01   -5.1102678690e+01   -2.0722707484e+01    3.2575933522e+00   -1.1298626151e+01    1.0296874312e-01    2.0510000000e+03    7.3738226504e-01    9.9161585366e-01
         3   -4.5819180182e+01    2.1007075631e+03   -8.0448528750e+01    3.4629348568e+01   -1.1592235660e+01   -5.1102678690e+01   -2.0982131279e+01    3.2285168796e+00   -1.1323634387e+01    1.0296874312e-01    2.0490000000e+03    7.3431201710e-01    9.9148281326e-01
         4   -4.5857292407e+01    2.1043865501e+03   -8.0558220408e+01    3.4700928001e+01   -1.1624677714e+01   -5.1102678690e+01   -2.0986268303e+01    3.1554042992e+00   -1.1354285597e+01    1.0296874312e-01    2.0560000000e+03    7.3535554600e-01    9.9098645681e-01
         5   -4.5828355337e+01    2.1015331175e+03   -8.0406512986e+01    3.4578157648e+01   -1.1619055738e+01   -5.1102678690e+01   -2.0959607737e+01    3.2748291805e+00   -1.1354989324e+01    1.0296874312e-01    2.0410000000e+03    7.3970139096e-01    9.9098674611e-01
         6   -4.5877775079e+01    2.1061169829e+03   -8.0425878248e+01    3.4548103169e+01   -1.1619594597e+01   -5.1102678690e+01   -2.0950203975e+01    3.2465990146e+00   -1.1352487264e+01    1.0296874312e-01    2.0480000000e+03    7.3149473593e-01    9.9102768251e-01
         7   -4.5850184182e+01    2.1036653968e+03   -8.0629622929e+01    3.4779438747e+01   -1.1587867339e+01   -5.1102678690e+01   -2.1034571489e+01    3.0954945898e+00   -1.1322553392e+01    1.0296874312e-01    2.0420000000e+03    7.3839480197e-01    9.9130249023e-01
         8   -4.5899051812e+01    2.1081568040e+03   -8.0569746485e+01    3.4670694674e+01   -1.1586592795e+01   -5.1102678690e+01   -2.1082230723e+01    3.2017557234e+00   -1.1317355800e+01    1.0296874312e-01    2.0360000000e+03    7.3885272001e-01    9.9144527424e-01
         9   -4.5913420277e+01    2.1095846271e+03   -8.0601265827e+01    3.4687845550e+01   -1.1622368148e+01   -5.1102678690e+01   -2.1188295188e+01    3.3120761990e+00   -1.1353114527e+01    1.0296874312e-01    2.0550000000e+03    7.3416442506e-01    9.9049914047e-01
        10   -4.5977527040e+01    2.1155251747e+03   -8.0598251612e+01    3.4620724572e+01   -1.1598902007e+01   -5.1102678690e+01   -2.1129714971e+01    3.2330440560e+00   -1.1335627987e+01    1.0296874312e-01    2.0540000000e+03    7.4293365504e-01    9.9076946472e-01
        11   -4.5918331386e+01    2.1098446936e+03   -8.0710195780e+01    3.4791864394e+01   -1.1569259484e+01   -5.1102678690e+01   -2.1190470283e+01    3.1522126773e+00   -1.1297789616e+01    1.0296874312e-01    2.0450000000e+03    7.4320430902e-01    9.9076497079e-01
        12   -4.5925315853e+01    2.1109041898e+03   -8.0724081410e+01    3.4798765557e+01   -1.1584059501e+01   -5.1102678690e+01   -2.1189959935e+01    3.1526167163e+00   -1.1308650064e+01    1.0296874312e-01    2.0490000000e+03    7.3650603101e-01    9.9121332518e-01
        13   -4.5878024411e+01    2.1060890661e+03   -8.0781812499e+01    3.4903788089e+01   -1.1549256616e+01   -5.1102678690e+01   -2.1179809685e+01    3.0499324914e+00   -1.1276119800e+01    1.0296874312e-01    2.0500000000e+03    7.4587828992e-01    9.9139824305e-01
        14   -4.5930771581e+01    2.1111696834e+03   -8.0531558405e+01    3.4600786824e+01   -1.1541343130e+01   -5.1102678690e+01   -2.1152266050e+01    3.2647294660e+00   -1.1266468565e+01    1.0296874312e-01    2.0540000000e+03    7.4000428501e-01    9.9039634146e-01
        15   -4.5888976266e+01    2.1072378400e+03   -8.0564177243e+01    3.4675200977e+01   -1.1565503889e+01   -5.1102678690e+01   -2.1259027982e+01    3.3630333186e+00   -1.1293573915e+01    1.0296874312e-01    2.0420000000e+03    7.3965567607e-01    9.9082582765e-01
        16   -4.5892496082e+01    2.1073446281e+03   -8.0718392734e+01    3.4825896652e+01   -1.1573163520e+01   -5.1102678690e+01   -2.1249000016e+01    3.2064494920e+00   -1.1299132388e+01    1.0296874312e-01    2.0530000000e+03    7.3649986996e-01    9.9127693438e-01
        17   -4.5914442104e+01    2.1095224549e+03   -8.0517105146e+01    3.4602663042e+01   -1.1544659702e+01   -5.1102678690e+01   -2.1248008833e+01    3.3782420788e+00   -1.1274810790e+01    1.0296874312e-01    2.0440000000e+03    7.4257863499e-01    9.9016682903e-01
        18   -4.5928184788e+01    2.1107080759e+03   -8.0558628542e+01    3.4630443754e+01   -1.1564509394e+01   -5.1102678690e+01   -2.1322601564e+01    3.4311611060e+00   -1.1300337533e+01    1.0296874312e-01    2.0450000000e+03    7.3979846796e-01    9.9104085127e-01
        19   -4.5933381225e+01    2.1112382077e+03   -8.0446056607e+01    3.4512675381e+01   -1.1528190930e+01   -5.1102678690e+01   -2.1224222660e+01    3.4090356745e+00   -1.1264248356e+01    1.0296874312e-01    2.0600000000e+03    7.3512874497e-01    9.9061735941e-01
        20   -4.5901665581e+01    2.1083617319e+03   -8.0262769513e+01    3.4361103931e+01   -1.1575970223e+01   -5.1102678690e+01   -2.0864454729e+01    3.2803341300e+00   -1.1311587888e+01    1.0296874312e-01    2.0540000000e+03    7.4037824897e-01    9.9136832524e-01
        21   -4.5900515787e+01    2.1081702860e+03   -8.0339621411e+01    3.4439105623e+01   -1.1561117339e+01   -5.1102678690e+01   -2.0950648578e+01    3.2748231962e+00   -1.1295128354e+01    1.0296874312e-01    2.0510000000e+03    7.3918829893e-01    9.9169303797e-01
        22   -4.5930722677e+01    2.1110439929e+03   -8.0295325989e+01    3.4364603311e+01   -1.1536776839e+01   -5.1102678690e+01   -2.0964681785e+01    3.3088113254e+00   -1.1276370949e+01    1.0296874312e-01    2.0480000000e+03    7.3489302292e-01    9.9096477328e-01
        23   -4.5922332691e+01    2.1103382343e+03   -8.0267433230e+01    3.4345100539e+01   -1.1577482142e+01   -5.1102678690e+01   -2.0926578428e+01    3.3393060306e+00   -1.1317509634e+01    1.0296874312e-01    2.0360000000e+03    7.3948048707e-01    9.9142456055e-01
        24   -4.5888545563e+01    2.1070360154e+03   -8.0341014028e+01    3.4452468465e+01   -1.1627804893e+01   -5.1102678690e+01   -2.0984264658e+01    3.3737342132e+00   -1.1365362805e+01    1.0296874312e-01    2.0480000000e+03    7.3242414196e-01    9.9105169450e-01
        25   -4.5909005204e+01    2.1089985411e+03   -8.0490373810e+01    3.4581368606e+01   -1.1602871645e+01   -5.1102678690e+01   -2.1069374612e+01    3.2845511375e+00   -1.1338707371e+01    1.0296874312e-01    2.0500000000e+03    7.4438478902e-01    9.9136352539e-01
        26   -4.5935811265e+01    2.1114485487e+03   -8.0474206222e+01    3.4538394958e+01   -1.1587405803e+01   -5.1102678690e+01   -2.0995065878e+01    3.2109441497e+00   -1.1321781575e+01    1.0296874312e-01    2.0380000000e+03    7.4275120103e-01    9.9106707317e-01
        27   -4.5933829024e+01    2.1113123065e+03   -8.0487253188e+01    3.4553424164e+01   -1.1551236270e+01   -5.1102678690e+01   -2.0958375896e+01    3.1250376683e+00   -1.1285558251e+01    1.0296874312e-01    2.0350000000e+03    7.3672583199e-01    9.9093780667e-01
        28   -4.5926306728e+01    2.1105649177e+03   -8.0443183825e+01    3.4516877097e+01   -1.1515126681e+01   -5.1102678690e+01   -2.1009749602e+01    3.1843711476e+00   -1.1249517558e+01    1.0296874312e-01    2.0440000000e+03    7.3484422907e-01    9.9117014742e-01
        29   -4.5922998276e+01    2.1102123729e+03   -8.0350460982e+01    3.4427462706e+01   -1.1561608767e+01   -5.1102678690e+01   -2.0954469513e+01    3.2682959888e+00   -1.1292865922e+01    1.0296874312e-01    2.0330000000e+03    7.3633390304e-01    9.9104085127e-01
        30   -4.5921445051e+01    2.1100828869e+03   -8.0382677210e+01    3.4461232159e+01   -1.1475120045e+01   -5.1102678690e+01   -2.1135078392e+01    3.3301999171e+00   -1.1206857889e+01    1.0296874312e-01    2.0280000000e+03    7.3135188606e-01    9.9114608952e-01
        31   -4.5946106959e+01    2.1124394463e+03   -8.0499320817e+01    3.4553213858e+01   -1.1547827974e+01   -5.1102678690e+01   -2.1215898004e+01    3.3670838515e+00   -1.1279105461e+01    1.0296874312e-01    2.0210000000e+03    7.3324520397e-01    9.9203340730e-01
        32   -4.5937336777e+01    2.1121287006e+03   -8.0294737646e+01    3.4357400869e+01   -1.1531764241e+01   -5.1102678690e+01   -2.1141248015e+01    3.4809533003e+00   -1.1258408655e+01    1.0296874312e-01    2.0190000000e+03    7.3230583000e-01    9.9061417615e-01
        33   -4.5910432322e+01    2.1091260995e+03   -8.0422587222e+01    3.4512154900e+01   -1.1522112538e+01   -5.1102678690e+01   -2.1209020439e+01    3.4112244453e+00   -1.1251729826e+01    1.0296874312e-01    2.0270000000e+03    7.2906899604e-01    9.9119304111e-01
        34   -4.5911435035e+01    2.1094427280e+03   -8.0553002911e+01    3.4641567876e+01   -1.1521114068e+01   -5.1102678690e+01   -2.1199149620e+01    3.2699394674e+00   -1.1254826228e+01    1.0296874312e-01    2.0270000000e+03    7.3586888495e-01    9.9132030094e-01
        35   -4.5891187613e+01    2.1074326186e+03   -8.0259291477e+01    3.4368103864e+01   -1.1550018754e+01   -5.1102678690e+01   -2.1195408695e+01    3.5888146624e+00   -1.1281062187e+01    1.0296874312e-01    2.0220000000e+03    7.3299840500e-01    9.9037987173e-01
        36   -4.5892270379e+01    2.1074812858e+03   -8.0378218145e+01    3.4485947767e+01   -1.1568397409e+01   -5.1102678690e+01   -2.1111794751e+01    3.4046527050e+00   -1.1302577774e+01    1.0296874312e-01    2.0220000000e+03    7.2885892901e-01    9.9100519288e-01
        37   -4.5880001748e+01    2.1063107241e+03   -8.0431763125e+01    3.4551761377e+01   -1.1516619585e+01   -5.1102678690e+01   -2.1188888338e+01    3.3764234880e+00   -1.1246913484e+01    1.0296874312e-01    2.0160000000e+03    7.3293323501e-01    9.9115974283e-01
        38   -4.5926890211e+01    2.1107156471e+03   -8.0677586243e+01    3.4750696032e+01   -1.1561341155e+01   -5.1102678690e+01   -2.1278191855e+01    3.2646254578e+00   -1.1296142921e+01    1.0296874312e-01    2.0070000000e+03    7.2533482709e-01    9.9052889385e-01
        39   -4.5919576376e+01    2.1098637004e+03   -8.0564313904e+01    3.4644737528e+01   -1.1573116865e+01   -5.1102678690e+01   -2.1168929751e+01    3.2804114024e+00   -1.1308303854e+01    1.0296874312e-01    2.0090000000e+03    7.2795100498e-01    9.9107810164e-01
        40   -4.5916132310e+01    2.1097959982e+03   -8.0576011665e+01    3.4659879354e+01   -1.1553212650e+01   -5.1102678690e+01   -2.1159804937e+01    3.2396846124e+00   -1.1279437407e+01    1.0296874312e-01    2.0030000000e+03    7.2522226197e-01    9.9096254355e-01
        41   -4.5933783504e+01    2.1113613571e+03   -8.0531276798e+01    3.4597493294e+01   -1.1565924465e+01   -5.1102678690e+01   -2.1231646585e+01    3.3689729427e+00   -1.1293220574e+01    1.0296874312e-01    2.0080000000e+03    7.2347989201e-01    9.9095107339e-01
        42   -4.5891814814e+01    2.1074028982e+03   -8.0633977361e+01    3.4742162547e+01   -1.1643222370e+01   -5.1102678690e+01   -2.1164391641e+01    3.2763153409e+00   -1.1372257388e+01    1.0296874312e-01    2.0070000000e+03    7.2023118602e-01    9.9080241534e-01
        43   -4.5932456546e+01    2.1112057648e+03   -8.0633452432e+01    3.4700995886e+01   -1.1585700195e+01   -5.1102678690e+01   -2.1369819361e+01    3.4247458147e+00   -1.1316869542e+01    1.0296874312e-01    2.0080000000e+03    7.2226278309e-01    9.9031514699e-01
        44   -4.5957042838e+01    2.1134908673e+03   -8.0712393767e+01    3.4755350929e+01   -1.1587384563e+01   -5.1102678690e+01   -2.1414540180e+01    3.3922096671e+00   -1.1318462437e+01    1.0296874312e-01    2.0090000000e+03    7.2446830804e-01    9.9154942729e-01
        45   -4.5935918802e+01    2.1114697159e+03   -8.0831540151e+01    3.4895621348e+01   -1.1622222013e+01   -5.1102678690e+01   -2.1433053673e+01    3.3264142263e+00   -1.1353478787e+01    1.0296874312e-01    2.0100000000e+03    7.2606646596e-01    9.9086921354e-01
        46   -4.5895164054e+01    2.1076030316e+03   -8.0579115091e+01    3.4683951037e+01   -1.1613781450e+01   -5.1102678690e+01   -2.1338172853e+01    3.4755179022e+00   -1.1342736021e+01    1.0296874312e-01    2.0080000000e+03    7.2404733195e-01    9.9163557214e-01
        47   -4.5882640989e+01    2.1064958849e+03   -8.0641603030e+01    3.4758962041e+01   -1.1587943456e+01   -5.1102678690e+01   -2.1299612282e+01    3.3486313992e+00   -1.1315629902e+01    1.0296874312e-01    2.0130000000e+03    7.2591691103e-01    9.9060009960e-01
        48   -4.5920197479e+01    2.1099443024e+03   -8.0687384145e+01    3.4767186666e+01   -1.1569013718e+01   -5.1102678690e+01   -2.1307527276e+01    3.2918355400e+00   -1.1294826441e+01    1.0296874312e-01    2.0160000000e+03    7.2824747697e-01    9.9082526080e-01
        49   -4.5969358354e+01    2.1156356069e+03   -8.0561548195e+01    3.4592189842e+01   -1.1520333329e+01   -5.1102678690e+01   -2.1362920542e+01    3.4243843664e+00   -1.1242868216e+01    1.0296874312e-01    2.0100000000e+03    7.3001934006e-01    9.9017237103e-01
        50   -4.5922458124e+01    2.1101825427e+03   -8.0723648309e+01    3.4801190185e+01   -1.1548003340e+01   -5.1102678690e+01   -2.1370562657e+01    3.2975963781e+00   -1.1277253470e+01    1.0296874312e-01    2.0140000000e+03    7.3149989301e-01    9.9180659204e-01
        51   -4.5934518465e+01    2.1113508487e+03   -8.0678337156e+01    3.4743818691e+01   -1.1496988078e+01   -5.1102678690e+01   -2.1363568927e+01    3.2848985390e+00   -1.1225010547e+01    1.0296874312e-01    2.0230000000e+03    7.2968719795e-01    9.9095394737e-01
        52   -4.5988631677e+01    2.1169792349e+03   -8.0463065581e+01    3.4474433904e+01   -1.1467543046e+01   -5.1102678690e+01   -2.1286376342e+01    3.3935324969e+00   -1.1196378747e+01    1.0296874312e-01    2.0230000000e+03    7.3196983908e-01    9.9099419179e-01
        53   -4.5909528367e+01    2.1091759488e+03   -8.0536176775e+01    3.4626648407e+01   -1.1550525777e+01   -5.1102678690e+01   -2.1330667983e+01    3.4476956761e+00   -1.1284176773e+01    1.0296874312e-01    2.0230000000e+03    7.3150752706e-01    9.9096329708e-01
        54   -4.5915749929e+01    2.1097465697e+03   -8.0572448196e+01    3.4656698267e+01   -1.1542640994e+01   -5.1102678690e+01   -2.1348875256e+01    3.4217467438e+00   -1.1274398309e+01    1.0296874312e-01    2.0180000000e+03    7.3434653494e-01    9.9071613940e-01
        55   -4.5877636885e+01    2.1060290596e+03   -8.0465594329e+01    3.4587957444e+01   -1.1586973448e+01   -5.1102678690e+01   -2.1141544658e+01    3.3656024670e+00   -1.1322854233e+01    1.0296874312e-01    2.0150000000e+03    7.2738597298e-01    9.9067765114e-01
        56   -4.5881725078e+01    2.1064154286e+03   -8.0660781333e+01    3.4779056255e+01   -1.1653569949e+01   -5.1102678690e+01   -2.1144929211e+01    3.2403965173e+00   -1.1390213857e+01    1.0296874312e-01    2.0070000000e+03    7.2726425307e-01    9.9067928040e-01
        57   -4.5921364371e+01    2.1101496579e+03   -8.0430403797e+01    3.4509039426e+01   -1.1654897915e+01   -5.1102678690e+01   -2.1008955667e+01    3.3361284758e+00   -1.1391464478e+01    1.0296874312e-01    2.0010000000e+03    7.2161214508e-01    9.9098467862e-01
        58   -4.5937436928e+01    2.1116301470e+03   -8.0429990566e+01    3.4492553638e+01   -1.1635657794e+01   -5.1102678690e+01   -2.0877574880e+01    3.1859207993e+00   -1.1372624569e+01    1.0296874312e-01    2.0030000000e+03    7.2273760103e-01    9.9059845077e-01
        59   -4.5958219262e+01    2.1134055907e+03   -8.0502947672e+01    3.4544728410e+01   -1.1626587533e+01   -5.1102678690e+01   -2.0909944077e+01    3.1362626274e+00   -1.1361282275e+01    1.0296874312e-01    2.0050000000e+03    7.2058732400e-01    9.9157513729e-01
        60   -4.5966849952e+01    2.1145608456e+03   -8.0278664878e+01    3.4311814926e+01   -1.1642200566e+01   -5.1102678690e+01   -2.0939506621e+01    3.4057209995e+00   -1.1375318747e+01    1.0296874312e-01    2.0100000000e+03    7.2216900904e-01    9.9116271820e-01
        61   -4.5889879279e+01    2.1073491833e+03   -8.0575535465e+01    3.4685656186e+01   -1.1649160471e+01   -5.1102678690e+01   -2.1025470588e+01    3.2017742842e+00   -1.1385142442e+01    1.0296874312e-01    2.0110000000e+03    7.2637722897e-01    9.9074937811e-01
        62   -4.5891548103e+01    2.1074804147e+03   -8.0527046894e+01    3.4635498791e+01   -1.1634351572e+01   -5.1102678690e+01   -2.1136856427e+01    3.3468397957e+00   -1.1367514613e+01    1.0296874312e-01    2.0240000000e+03    7.3160132603e-01    9.9122016410e-01
        63   -4.5908567600e+01    2.1090004548e+03   -8.0543347383e+01    3.4634779783e+01   -1.1688634805e+01   -5.1102678690e+01   -2.1140854201e+01    3.3888203141e+00   -1.1424724142e+01    1.0296874312e-01    2.0210000000e+03    7.3177812202e-01    9.9102952075e-01
        64   -4.5936065702e+01    2.1115778740e+03   -8.0464563101e+01    3.4528497399e+01   -1.1631408612e+01   -5.1102678690e+01   -2.1241533217e+01    3.5110574183e+00   -1.1367444601e+01    1.0296874312e-01    2.0120000000e+03    7.3108764307e-01    9.9050593765e-01
        65   -4.5901796301e+01    2.1083559936e+03   -8.0342246318e+01    3.4440450017e+01   -1.1540323416e+01   -5.1102678690e+01   -2.1003369254e+01    3.3041250417e+00   -1.1276942352e+01    1.0296874312e-01    2.0170000000e+03    7.2883204301e-01    9.9077410537e-01
        66   -4.5937286980e+01    2.1116022225e+03   -8.0296747043e+01    3.4359460063e+01   -1.1642150096e+01   -5.1102678690e+01   -2.0914257753e+01    3.3623394966e+00   -1.1378415290e+01    1.0296874312e-01    2.0220000000e+03    7.3485631205e-01    9.9095190878e-01
        67   -4.5915716363e+01    2.1097073209e+03   -8.0545098181e+01    3.4629381817e+01   -1.1648010482e+01   -5.1102678690e+01   -2.1081736871e+01    3.2873278625e+00   -1.1384911725e+01    1.0296874312e-01    2.0240000000e+03    7.3409785994e-01    9.9103610287e-01
        68   -4.5903123429e+01    2.1083631805e+03   -8.0486528889e+01    3.4583405459e+01   -1.1641988730e+01   -5.1102678690e+01   -2.1143508309e+01    3.4016468402e+00   -1.1379968591e+01    1.0296874312e-01    2.0200000000e+03    7.3393572401e-01    9.9089056324e-01
        69   -4.5903575138e+01    2.1084387733e+03   -8.0512368499e+01    3.4608793361e+01   -1.1622997559e+01   -5.1102678690e+01   -2.1197650889e+01    3.4109586389e+00   -1.1364847124e+01    1.0296874312e-01    2.0220000000e+03    7.3244958301e-01    9.9062500000e-01
        70   -4.5910145244e+01    2.1093425859e+03   -8.0478349348e+01    3.4568204103e+01   -1.1589715267e+01   -5.1102678690e+01   -2.1147989199e+01    3.3620338091e+00   -1.1333748870e+01    1.0296874312e-01    2.0290000000e+03    7.3554723000e-01    9.9047972305e-01
        71   -4.5906103185e+01    2.1086179854e+03   -8.0566686718e+01    3.4660583533e+01   -1.1609814874e+01   -5.1102678690e+01   -2.1285077616e+01    3.4308844623e+00   -1.1354881460e+01    1.0296874312e-01    2.0230000000e+03    7.3419019300e-01    9.8991190241e-01
        72   -4.5879868957e+01    2.1063509012e+03   -8.0828175348e+01    3.4948306390e+01   -1.1667426626e+01   -5.1102678690e+01   -2.1408906579e+01    3.3508365476e+00   -1.1415217671e+01    1.0296874312e-01    2.0220000000e+03    7.3386842804e-01    9.9097874444e-01
        73   -4.5883341026e+01    2.1065203940e+03   -8.0630071593e+01    3.4746730567e+01   -1.1674102155e+01   -5.1102678690e+01   -2.1440429608e+01    3.5871388596e+00   -1.1424713570e+01    1.0296874312e-01    2.0190000000e+03    7.3597758403e-01    9.9109792285e-01
        74   -4.5911737267e+01    2.1093984899e+03   -8.0737785446e+01    3.4826048179e+01   -1.1628878571e+01   -5.1102678690e+01   -2.1572110282e+01    3.5658820973e+00   -1.1382354906e+01    1.0296874312e-01    2.0170000000e+03    7.3686162895e-01    9.9100730560e-01
        75   -4.5922014502e+01    2.1102126364e+03   -8.1008107018e+01    3.5086092516e+01   -1.1671625934e+01   -5.1102678690e+01   -2.1522295495e+01    3.2884931012e+00   -1.1424522135e+01    1.0296874312e-01    2.0160000000e+03    7.3019274499e-01    9.9082796232e-01
        76   -4.5887013123e+01    2.1068715084e+03   -8.0881441389e+01    3.4994428267e+01   -1.1627589861e+01   -5.1102678690e+01   -2.1531114825e+01    3.3799419867e+00   -1.1381545490e+01    1.0296874312e-01    2.0190000000e+03    7.3111875507e-01    9.9094742063e-01
        77   -4.5910197870e+01    2.1090525078e+03   -8.0781170985e+01    3.4870973115e+01   -1.1570081436e+01   -5.1102678690e+01   -2.1513136615e+01    3.4047257560e+00   -1.1320261983e+01    1.0296874312e-01    2.0150000000e+03    7.3549468501e-01    9.9122399703e-01
        78   -4.5913117857e+01    2.1095211468e+03   -8.0699390120e+01    3.4786272263e+01   -1.1599273721e+01   -5.1102678690e+01   -2.1529660001e+01    3.5322222931e+00   -1.1347067139e+01    1.0296874312e-01    2.0250000000e+03    7.3055023002e-01    9.9041563275e-01
        79   -4.5962736337e+01    2.1139543809e+03   -8.0873011891e+01    3.4910275554e+01   -1.1636083987e+01   -5.1102678690e+01   -2.1540902344e+01    3.4066531302e+00   -1.1388446469e+01    1.0296874312e-01    2.0300000000e+03    7.3648624297e-01    9.9040123457e-01
        80   -4.5937893824e+01    2.1117207290e+03   -8.0609744526e+01    3.4671850702e+01   -1.1638344336e+01   -5.1102678690e+01   -2.1410160862e+01    3.5414393621e+00   -1.1387771153e+01    1.0296874312e-01    2.0370000000e+03    7.3553101602e-01    9.9091748768e-01
        81   -4.5944516031e+01    2.1124106985e+03   -8.0923893912e+01    3.4979377880e+01   -1.1623937880e+01   -5.1102678690e+01   -2.1681797711e+01    3.4845203696e+00   -1.1375109532e+01    1.0296874312e-01    2.0370000000e+03    7.3770091205e-01    9.9113279332e-01
        82   -4.5953291390e+01    2.1130640939e+03   -8.0936075772e+01    3.4982784382e+01   -1.1640302812e+01   -5.1102678690e+01   -2.1645511051e+01    3.4524167809e+00   -1.1391885967e+01    1.0296874312e-01    2.0320000000e+03    7.3523406999e-01    9.9081062838e-01
        83   -4.5962012695e+01    2.1139039180e+03   -8.0883906246e+01    3.4921893551e+01   -1.1646584348e+01   -5.1102678690e+01   -2.1597242914e+01    3.4625997062e+00   -1.1397400842e+01    1.0296874312e-01    2.0370000000e+03    7.4014172307e-01    9.9100332185e-01
        84   -4.5945389462e+01    2.1123459430e+03   -8.0781868459e+01    3.4836478998e+01   -1.1648631274e+01   -5.1102678690e+01   -2.1501992871e+01    3.4714343752e+00   -1.1397752020e+01    1.0296874312e-01    2.0440000000e+03    7.4027571396e-01    9.9082596956e-01
        85   -4.5951641695e+01    2.1128620443e+03   -8.0774415552e+01    3.4822773856e+01   -1.1629475778e+01   -5.1102678690e+01   -2.1449976641e+01    3.4077155579e+00   -1.1382606905e+01    1.0296874312e-01    2.0450000000e+03    7.4188502703e-01    9.9224865460e-01
        86   -4.5993640035e+01    2.1168324316e+03   -8.0783439764e+01    3.4789799730e+01   -1.1566783428e+01   -5.1102678690e+01   -2.1528620074e+01    3.4146424281e+00   -1.1323312363e+01    1.0296874312e-01    2.0520000000e+03    7.4223824206e-01    9.9151894866e-01
        87   -4.5961911623e+01    2.1138683845e+03   -8.0725208401e+01    3.4763296778e+01   -1.1594587639e+01   -5.1102678690e+01   -2.1501111421e+01    3.4731693485e+00   -1.1349266717e+01    1.0296874312e-01    2.0550000000e+03    7.4653040199e-01    9.9026864035e-01
        88   -4.5983293283e+01    2.1158998429e+03   -8.0838066336e+01    3.4854773053e+01   -1.1544207139e+01   -5.1102678690e+01   -2.1419531416e+01    3.2283509088e+00   -1.1293772712e+01    1.0296874312e-01    2.0570000000e+03    7.4662476406e-01    9.9079987835e-01
        89   -4.5968852101e+01    2.1144803723e+03   -8.0526457525e+01    3.4557605424e+01   -1.1568277923e+01   -5.1102678690e+01   -2.1296847072e+01    3.4413461606e+00   -1.1315333504e+01    1.0296874312e-01    2.0540000000e+03    7.4653528701e-01    9.9140131259e-01
        90   -4.5934873389e+01    2.1112581396e+03   -8.0819796882e+01    3.4884923493e+01   -1.1613905892e+01   -5.1102678690e+01   -2.1449072031e+01    3.3458597318e+00   -1.1355504378e+01    1.0296874312e-01    2.0560000000e+03    7.4437844194e-01    9.9109968354e-01
        91   -4.5899429116e+01    2.1082118777e+03   -8.0849553080e+01    3.4950123963e+01   -1.1595952437e+01   -5.1102678690e+01   -2.1403876758e+01    3.2529548058e+00   -1.1337007942e+01    1.0296874312e-01    2.0630000000e+03    7.4923054699e-01    9.9077395428e-01
        92   -4.5914197599e+01    2.1095384620e+03   -8.0741010514e+01    3.4826812914e+01   -1.1555138536e+01   -5.1102678690e+01   -2.1404071364e+01    3.3208780769e+00   -1.1299409734e+01    1.0296874312e-01    2.0650000000e+03    7.4900073104e-01    9.9024478914e-01
        93   -4.5883031313e+01    2.1074607398e+03   -8.0632003652e+01    3.4748972339e+01   -1.1565660808e+01   -5.1102678690e+01   -2.1304869868e+01    3.3412057146e+00   -1.1310013800e+01    1.0296874312e-01    2.0680000000e+03    7.5149676495e-01    9.9040556901e-01
        94   -4.5900066358e+01    2.1081991599e+03   -8.0764101752e+01    3.4864035394e+01   -1.1655190822e+01   -5.1102678690e+01   -2.1273676978e+01    3.2674447382e+00   -1.1398016475e+01    1.0296874312e-01    2.0700000000e+03    7.5507618103e-01    9.9061593327e-01
        95   -4.5933320987e+01    2.1112213417e+03   -8.0605751416e+01    3.4672430429e+01   -1.1596402848e+01   -5.1102678690e+01   -2.1189957317e+01    3.2832874394e+00   -1.1338533803e+01    1.0296874312e-01    2.0700000000e+03    7.5544886896e-01    9.9024758454e-01
        96   -4.5915268076e+01    2.1095329447e+03   -8.0651412699e+01    3.4736144623e+01   -1.1639128133e+01   -5.1102678690e+01   -2.1162850586e+01    3.2532447099e+00   -1.1382720440e+01    1.0296874312e-01    2.0660000000e+03    7.5607167394e-01    9.9180253623e-01
        97   -4.5909479885e+01    2.1091300136e+03   -8.0642355549e+01    3.4732875665e+01   -1.1669937083e+01   -5.1102678690e+01   -2.1259790319e+01    3.3900505423e+00   -1.1414169510e+01    1.0296874312e-01    2.0550000000e+03    7.5300661195e-01    9.9137826718e-01
        98   -4.5938050608e+01    2.1125700504e+03   -8.0754130642e+01    3.4816080034e+01   -1.1643353502e+01   -5.1102678690e+01   -2.1214377367e+01    3.2062789185e+00   -1.1385500075e+01    1.0296874312e-01    2.0640000000e+03    7.4731849693e-01    9.9086070560e-01
        99   -4.5905128650e+01    2.1086460639e+03   -8.0785795991e+01    3.4880667341e+01   -1.1576772116e+01   -5.1102678690e+01   -2.1366520188e+01    3.2601750040e+00   -1.1311874259e+01    1.0296874312e-01    2.0630000000e+03    7.5337960909e-01    9.9099140019e-01
       100   -4.5955765417e+01    2.1133846186e+03   -8.0612515017e+01    3.4656749600e+01   -1.1596142087e+01   -5.1102678690e+01   -2.1421224319e+01    3.5075300791e+00   -1.1331288890e+01    1.0296874312e-01    2.0720000000e+03    7.5028617692e-01    9.9069922443e-01
       101   -4.5944167783e+01    2.1122592068e+03   -8.0598707568e+01    3.4654539785e+01   -1.1606029011e+01   -5.1102678690e+01   -2.1393982656e+01    3.5039827891e+00   -1.1343038817e+01    1.0296874312e-01    2.0750000000e+03    7.5663113594e-01    9.9083011583e-01
       102   -4.5916866970e+01    2.1096339851e+03   -8.0656210479e+01    3.4739343510e+01   -1.1626894914e+01   -5.1102678690e+01   -2.1352262064e+01    3.4256251894e+00   -1.1366981088e+01    1.0296874312e-01    2.0780000000e+03    7.5267413002e-01    9.9129518072e-01
       103   -4.5928753899e+01    2.1107162736e+03   -8.0650626901e+01    3.4721873002e+01   -1.1627031096e+01   -5.1102678690e+01   -2.1237940096e+01    3.3170229815e+00   -1.1364852833e+01    1.0296874312e-01    2.0810000000e+03    7.5483163702e-01    9.9135286333e-01
       104   -4.5960181421e+01    2.1136592964e+03   -8.0663294660e+01    3.4703113239e+01   -1.1688514456e+01   -5.1102678690e+01   -2.1231753437e+01    3.3596519235e+00   -1.1431368727e+01    1.0296874312e-01    2.0860000000e+03    7.5563952990e-01    9.9023906776e-01
       105   -4.5961575347e+01    2.1139291160e+03   -8.0777930950e+01    3.4816355603e+01   -1.1669840362e+01   -5.1102678690e+01   -2.1203065526e+01    3.1976536283e+00   -1.1411515305e+01    1.0296874312e-01    2.0850000000e+03    7.5859053794e-01    9.9033736817e-01
       106   -4.5927438498e+01    2.1107167959e+03   -8.0706437753e+01    3.4778999255e+01   -1.1656483473e+01   -5.1102678690e+01   -2.1070402484e+01    3.1231268950e+00   -1.1397455576e+01    1.0296874312e-01    2.0910000000e+03    7.5562225003e-01    9.9121702638e-01
       107   -4.5913149440e+01    2.1093760082e+03   -8.0763926154e+01    3.4850776715e+01   -1.1640084988e+01   -5.1102678690e+01   -2.1175490215e+01    3.1543277391e+00   -1.1377275102e+01    1.0296874312e-01    2.0910000000e+03    7.5891856593e-01    9.9059959350e-01
       108   -4.5878842462e+01    2.1061201056e+03   -8.0586160432e+01    3.4707317970e+01   -1.1705426166e+01   -5.1102678690e+01   -2.1021474229e+01    3.2434186532e+00   -1.1442650248e+01    1.0296874312e-01    2.0960000000e+03    7.5644038606e-01    9.9077893352e-01
       109   -4.5942233941e+01    2.1121974900e+03   -8.0353983103e+01    3.4411749162e+01   -1.1669880233e+01   -5.1102678690e+01   -2.1185342888e+01    3.6039187082e+00   -1.1410236822e+01    1.0296874312e-01    2.1020000000e+03    7.6026011608e-01    9.9100966126e-01
       110   -4.5924693150e+01    2.1104229118e+03   -8.0485181165e+01    3.4560488015e+01   -1.1612526966e+01   -5.1102678690e+01   -2.1122711284e+01    3.3527357744e+00   -1.1351378846e+01    1.0296874312e-01    2.1050000000e+03    7.6068270602e-01    9.9116912464e-01
       111   -4.5927277423e+01    2.1106510488e+03   -8.0592205695e+01    3.4664928272e+01   -1.1593078946e+01   -5.1102678690e+01   -2.1240548528e+01    3.3441004694e+00   -1.1338362686e+01    1.0296874312e-01    2.1030000000e+03    7.6353820902e-01    9.9061757720e-01
       112   -4.5931761625e+01    2.1111835346e+03   -8.0805230061e+01    3.4873468435e+01   -1.1683372880e+01   -5.1102678690e+01   -2.1230347459e+01    3.2111689697e+00   -1.1431005685e+01    1.0296874312e-01    2.1170000000e+03    7.6197682903e-01    9.9124762244e-01
       113   -4.5898095650e+01    2.1080062933e+03   -8.0606734019e+01    3.4708638369e+01   -1.1693490801e+01   -5.1102678690e+01   -2.1169521444e+01    3.3589569155e+00   -1.1442354019e+01    1.0296874312e-01    2.1130000000e+03    7.6652165095e-01    9.9101027397e-01
       114   -4.5936270993e+01    2.1115207048e+03   -8.0510175833e+01    3.4573904840e+01   -1.1683190078e+01   -5.1102678690e+01   -2.1150935668e+01    3.4266286030e+00   -1.1429607407e+01    1.0296874312e-01    2.1160000000e+03    7.6679205196e-01    9.9049041647e-01
       115   -4.5916227458e+01    2.1095765770e+03   -8.0391002134e+01    3.4474774676e+01   -1.1645754156e+01   -5.1102678690e+01   -2.1115983430e+01    3.4734141423e+00   -1.1387600718e+01    1.0296874312e-01    2.1110000000e+03    7.7140562597e-01    9.9053343573e-01
       116   -4.5918887380e+01    2.1097854183e+03   -8.0432909439e+01    3.4514022058e+01   -1.1636918422e+01   -5.1102678690e+01   -2.1102181598e+01    3.4088692717e+00   -1.1381055846e+01    1.0296874312e-01    2.1060000000e+03    7.7182347502e-01    9.9082188536e-01
       117   -4.5875908558e+01    2.1060043071e+03   -8.0409013647e+01    3.4533105089e+01   -1.1628016282e+01   -5.1102678690e+01   -2.1107641998e+01    3.4293233236e+00   -1.1370917041e+01    1.0296874312e-01    2.1130000000e+03    7.6233515504e-01    9.9120073599e-01
       118   -4.5901228544e+01    2.1082764674e+03   -8.0368462359e+01    3.4467233815e+01   -1.1646798035e+01   -5.1102678690e+01   -2.1135829657e+01    3.5168440231e+00   -1.1391496432e+01    1.0296874312e-01    2.1050000000e+03    7.6407561707e-01    9.9046083767e-01
       119   -4.5910555539e+01    2.1091463648e+03   -8.0409276073e+01    3.4498720533e+01   -1.1622656342e+01   -5.1102678690e+01   -2.1129132564e+01    3.4451915242e+00   -1.1367989592e+01    1.0296874312e-01    2.1000000000e+03    7.6567148790e-01    9.9051365796e-01
       120   -4.5933427473e+01    2.1113684589e+03   -8.0043847648e+01    3.4110420175e+01   -1.1385185394e+01   -5.1102678690e+01   -2.1001151541e+01    3.4451679772e+00   -1.1129237838e+01    1.0296874312e-01    2.1020000000e+03    7.6220695907e-01    9.9136904762e-01
       121   -4.5914651367e+01    2.1095109263e+03   -8.0412326334e+01    3.4497674967e+01   -1.1632621981e+01   -5.1102678690e+01   -2.1082251692e+01    3.4052260297e+00   -1.1378110176e+01    1.0296874312e-01    2.1000000000e+03    7.6051923004e-01    9.9136239296e-01
       122   -4.5937579202e+01    2.1116819802e+03   -8.0346865185e+01    3.4409285983e+01   -1.1589043921e+01   -5.1102678690e+01   -2.0956707494e+01    3.3015649204e+00   -1.1329650193e+01    1.0296874312e-01    2.1050000000e+03    7.5917474704e-01    9.9130952381e-01
       123   -4.5902364670e+01    2.1085585009e+03   -8.0467503845e+01    3.4565139174e+01   -1.1657257351e+01   -5.1102678690e+01   -2.0884689038e+01    3.1771212347e+00   -1.1392091564e+01    1.0296874312e-01    2.1000000000e+03    7.6265791606e-01    9.9116686461e-01
       124   -4.5856820853e+01    2.1041100530e+03   -8.0534367224e+01    3.4677546370e+01   -1.1692597718e+01   -5.1102678690e+01   -2.0956959518e+01    3.2178687023e+00   -1.1429831627e+01    1.0296874312e-01    2.1020000000e+03    7.5916201703e-01    9.9019345238e-01
       125   -4.5909150587e+01    2.1089584733e+03   -8.0476826334e+01    3.4567675747e+01   -1.1711888037e+01   -5.1102678690e+01   -2.0904986444e+01    3.2427268369e+00   -1.1449708368e+01    1.0296874312e-01    2.0890000000e+03    7.6015612006e-01    9.9137725975e-01
       126   -4.5891190841e+01    2.1072436685e+03   -8.0356939257e+01    3.4465748416e+01   -1.1675087319e+01   -5.1102678690e+01   -2.0895570319e+01    3.3163970719e+00   -1.1410833401e+01    1.0296874312e-01    2.0820000000e+03    7.5541588198e-01    9.9100945428e-01
       127   -4.5927958427e+01    2.1107468912e+03   -8.0467403733e+01    3.4539445305e+01   -1.1639491765e+01   -5.1102678690e+01   -2.1038429799e+01    3.3131965215e+00   -1.1375051171e+01    1.0296874312e-01    2.0810000000e+03    7.5658473594e-01    9.9084414025e-01
       128   -4.5924717018e+01    2.1104417563e+03   -8.0437230851e+01    3.4512513833e+01   -1.1654476657e+01   -5.1102678690e+01   -2.0915533673e+01    3.2354581689e+00   -1.1391218756e+01    1.0296874312e-01    2.0880000000e+03    7.5283004099e-01    9.9187590101e-01
       129   -4.5917510271e+01    2.1098500208e+03   -8.0479352518e+01    3.4561842247e+01   -1.1605327896e+01   -5.1102678690e+01   -2.0924617936e+01    3.1532720048e+00   -1.1341473065e+01    1.0296874312e-01    2.0970000000e+03    7.5509487803e-01    9.9085548372e-01
       130   -4.5921199817e+01    2.1099757202e+03   -8.0516670319e+01    3.4595470502e+01   -1.1627558138e+01   -5.1102678690e+01   -2.1074099545e+01    3.2876660549e+00   -1.1363694825e+01    1.0296874312e-01    2.0920000000e+03    7.5969646894e-01    9.9083512160e-01
       131   -4.5901865434e+01    2.1082314526e+03   -8.0530586386e+01    3.4628720952e+01   -1.1662019730e+01   -5.1102678690e+01   -2.1241386111e+01    3.4754981459e+00   -1.1395741604e+01    1.0296874312e-01    2.0910000000e+03    7.5983230304e-01    9.9144060707e-01
       132   -4.5888457618e+01    2.1070972958e+03   -8.0550939733e+01    3.4662482114e+01   -1.1590171306e+01   -5.1102678690e+01   -2.1412044235e+01    3.5539544984e+00   -1.1321392800e+01    1.0296874312e-01    2.0850000000e+03    7.5704023801e-01    9.9083871353e-01
       133   -4.5899740453e+01    2.1080881495e+03   -8.0515595146e+01    3.4615854693e+01   -1.1571814059e+01   -5.1102678690e+01   -2.1303746306e+01    3.4626439101e+00   -1.1308181633e+01    1.0296874312e-01    2.0880000000e+03    7.5373211608e-01    9.9135191847e-01
       134   -4.5906326355e+01    2.1087938825e+03   -8.0568065298e+01    3.4661738943e+01   -1.1562951550e+01   -5.1102678690e+01   -2.1287187034e+01    3.3847519772e+00   -1.1297489542e+01    1.0296874312e-01    2.0810000000e+03    7.5723375997e-01    9.9110991379e-01
       135   -4.5939939670e+01    2.1118006581e+03   -8.0640292255e+01    3.4700352584e+01   -1.1583457983e+01   -5.1102678690e+01   -2.1398048714e+01    3.4438931333e+00   -1.1317484527e+01    1.0296874312e-01    2.0820000000e+03    7.5241957605e-01    9.9124519462e-01
       136   -4.5871819099e+01    2.1055524515e+03   -8.0508880583e+01    3.4637061484e+01   -1.1618233707e+01   -5.1102678690e+01   -2.1210475280e+01    3.4225070944e+00   -1.1355817842e+01    1.0296874312e-01    2.0820000000e+03    7.5360021892e-01    9.9094920749e-01
       137   -4.5858981996e+01    2.1043294270e+03   -8.0327557246e+01    3.4468575250e+01   -1.1647486080e+01   -5.1102678690e+01   -2.1057099607e+01    3.4797071315e+00   -1.1382483299e+01    1.0296874312e-01    2.0820000000e+03    7.5307291804e-01    9.9117435159e-01
       138   -4.5867794016e+01    2.1051005190e+03   -8.0525398595e+01    3.4657604579e+01   -1.1663486086e+01   -5.1102678690e+01   -2.1102041793e+01    3.3428079742e+00   -1.1400095629e+01    1.0296874312e-01    2.0730000000e+03    7.5180301210e-01    9.9199987992e-01
       139   -4.5893603019e+01    2.1076750373e+03   -8.0479608751e+01    3.4586005731e+01   -1.1636812315e+01   -5.1102678690e+01   -2.1238197933e+01    3.4980801879e+00   -1.1374063076e+01    1.0296874312e-01    2.0850000000e+03    7.5240767899e-01    9.9161842740e-01
       140   -4.5922889244e+01    2.1103254406e+03   -8.0548607465e+01    3.4625718221e+01   -1.1608837378e+01   -5.1102678690e+01   -2.1322331547e+01    3.4852401502e+00   -1.1345232060e+01    1.0296874312e-01    2.0830000000e+03    7.5652047002e-01    9.9081235012e-01
       141   -4.5916241561e+01    2.1097512167e+03   -8.0489369758e+01    3.4573128197e+01   -1.1638798245e+01   -5.1102678690e+01   -2.1234867013e+01    3.4869741906e+00   -1.1376341056e+01    1.0296874312e-01    2.0780000000e+03    7.5392811000e-01    9.9111857897e-01
       142   -4.5921862738e+01    2.1101107793e+03   -8.0506178916e+01    3.4584316179e+01   -1.1651549839e+01   -5.1102678690e+01   -2.1078245534e+01    3.3262951469e+00   -1.1385481032e+01    1.0296874312e-01    2.0790000000e+03    7.5447278493e-01    9.9072124639e-01
       143   -4.5896836845e+01    2.1077739879e+03   -8.0341809996e+01    3.4444973151e+01   -1.1654060147e+01   -5.1102678690e+01   -2.1041731135e+01    3.4566599769e+00   -1.1385407064e+01    1.0296874312e-01    2.0830000000e+03    7.5464334502e-01    9.9129689755e-01
       144   -4.5929145646e+01    2.1107766294e+03   -8.0372346318e+01    3.4443200672e+01   -1.1700473841e+01   -5.1102678690e+01   -2.1005072760e+01    3.4358789734e+00   -1.1435487484e+01    1.0296874312e-01    2.0860000000e+03    7.5747707195e-01    9.9090854537e-01
       145   -4.5947495266e+01    2.1124275135e+03   -8.0402581934e+01    3.4455086667e+01   -1.1692355928e+01   -5.1102678690e+01   -2.1193684263e+01    3.5861369471e+00   -1.1427015985e+01    1.0296874312e-01    2.0870000000e+03    7.5359204505e-01    9.9147591083e-01
       146   -4.5951666210e+01    2.1130533045e+03   -8.0254280545e+01    3.4302614335e+01   -1.1660782079e+01   -5.1102678690e+01   -2.1045877215e+01    3.5550574401e+00   -1.1392599782e+01    1.0296874312e-01    2.0750000000e+03    7.6043666294e-01    9.9150994250e-01
       147   -4.5933831855e+01    2.1112544674e+03   -8.0141962053e+01    3.4208130198e+01   -1.1613815036e+01   -5.1102678690e+01   -2.0903034987e+01    3.4775666603e+00   -1.1344085097e+01    1.0296874312e-01    2.0840000000e+03    7.4914259603e-01    9.9073795181e-01
       148   -4.5899639168e+01    2.1082087547e+03   -8.0249604015e+01    3.4349964847e+01   -1.1650112879e+01   -5.1102678690e+01   -2.0973430640e+01    3.4766181948e+00   -1.1382375675e+01    1.0296874312e-01    2.0730000000e+03    7.5679754000e-01    9.9031309981e-01
       149   -4.5912681391e+01    2.1092707763e+03   -8.0266488739e+01    3.4353807349e+01   -1.1608398272e+01   -5.1102678690e+01   -2.1069377676e+01    3.5139658987e+00   -1.1340871465e+01    1.0296874312e-01    2.0740000000e+03    7.4629109504e-01    9.9029184756e-01
       150   -4.5938477408e+01    2.1118787345e+03   -8.0236291579e+01    3.4297814171e+01   -1.1620324134e+01   -5.1102678690e+01   -2.0977365022e+01    3.4640762671e+00   -1.1352565697e+01    1.0296874312e-01    2.0810000000e+03    7.5308834400e-01    9.9067321601e-01
       151   -4.5967308780e+01    2.1142779317e+03   -8.0198616431e+01    3.4231307651e+01   -1.1603070487e+01   -5.1102678690e+01   -2.0946577941e+01    3.4537106876e+00   -1.1333810479e+01    1.0296874312e-01    2.0870000000e+03    7.5988876203e-01    9.9135031235e-01
       152   -4.5945451603e+01    2.1123940092e+03   -8.0246513349e+01    3.4301061746e+01   -1.1553177006e+01   -5.1102678690e+01   -2.1083713468e+01    3.4930558159e+00   -1.1286311927e+01    1.0296874312e-01    2.0970000000e+03    7.5958181301e-01    9.9159978438e-01
       153   -4.5953926752e+01    2.1131050000e+03   -8.0213740415e+01    3.4259813663e+01   -1.1509373877e+01   -5.1102678690e+01   -2.1179563519e+01    3.5778756721e+00   -1.1244295017e+01    1.0296874312e-01    2.0950000000e+03    7.5996996998e-01    9.9096924177e-01
       154   -4.5963116980e+01    2.1141957381e+03   -8.0474376436e+01    3.4511259456e+01   -1.1546051134e+01   -5.1102678690e+01   -2.1181859313e+01    3.3562127012e+00   -1.1278809254e+01    1.0296874312e-01    2.0970000000e+03    7.7158389904e-01    9.9073687351e-01
       155   -4.5976257859e+01    2.1153382345e+03   -8.0597216255e+01    3.4620958396e+01   -1.1570107975e+01   -5.1102678690e+01   -2.1099049009e+01    3.1746194200e+00   -1.1301327160e+01    1.0296874312e-01    2.0980000000e+03    7.6783738006e-01    9.9138650453e-01
       156   -4.5963634240e+01    2.1140195622e+03   -8.0346049279e+01    3.4382415039e+01   -1.1541380969e+01   -5.1102678690e+01   -2.1012244086e+01    3.3102544661e+00   -1.1277719183e+01    1.0296874312e-01    2.1020000000e+03    7.6723209303e-01    9.9176298856e-01
       157   -4.5911373380e+01    2.1092491659e+03   -8.0221014744e+01    3.4309641363e+01   -1.1593567437e+01   -5.1102678690e+01   -2.0863423862e+01    3.3386552456e+00   -1.1324991311e+01    1.0296874312e-01    2.0930000000e+03    7.6847457292e-01    9.9076772122e-01
       158   -4.5897731791e+01    2.1079353020e+03   -8.0245474912e+01    3.4347743121e+01   -1.1625006568e+01   -5.1102678690e+01   -2.0852152571e+01    3.3343629175e+00   -1.1359140162e+01    1.0296874312e-01    2.0890000000e+03    7.6362761494e-01    9.9108635929e-01
       159   -4.5946202377e+01    2.1122950680e+03   -8.0344225791e+01    3.4398023415e+01   -1.1565381032e+01   -5.1102678690e+01   -2.1173858773e+01    3.4976927040e+00   -1.1306169678e+01    1.0296874312e-01    2.0980000000e+03    7.6159720903e-01    9.9108425084e-01
       160   -4.5925286047e+01    2.1106425666e+03   -8.0620649098e+01    3.4695363051e+01   -1.1633471343e+01   -5.1102678690e+01   -2.1262372298e+01    3.3778732337e+00   -1.1375991142e+01    1.0296874312e-01    2.0880000000e+03    7.6594556810e-01    9.9051179695e-01
       161   -4.5917030550e+01    2.1098390213e+03   -8.0292151219e+01    3.4375120669e+01   -1.1608675420e+01   -5.1102678690e+01   -2.1207118459e+01    3.6263213499e+00   -1.1351063918e+01    1.0296874312e-01    2.0890000000e+03    7.6050418906e-01    9.9112488027e-01
       162   -4.5904187470e+01    2.1084386547e+03   -8.0363155877e+01    3.4458968407e+01   -1.1564090396e+01   -5.1102678690e+01   -2.1137538583e+01    3.4411517924e+00   -1.1303031170e+01    1.0296874312e-01    2.0850000000e+03    7.6305445505e-01    9.9141335567e-01
       163   -4.5884853767e+01    2.1067239377e+03   -8.0422565925e+01    3.4537712158e+01   -1.1590110202e+01   -5.1102678690e+01   -2.1088887351e+01    3.3591103186e+00   -1.1327442195e+01    1.0296874312e-01    2.0770000000e+03    7.5917609606e-01    9.9097721823e-01
       164   -4.5905421518e+01    2.1085809467e+03   -8.0137496868e+01    3.4232075350e+01   -1.1601388033e+01   -5.1102678690e+01   -2.0906694679e+01    3.4732645349e+00   -1.1346308546e+01    1.0296874312e-01    2.0730000000e+03    7.5590315298e-01    9.9169475205e-01
       165   -4.5933548501e+01    2.1112194723e+03   -8.0316889060e+01    3.4383340559e+01   -1.1633211653e+01   -5.1102678690e+01   -2.1033623574e+01    3.4526248574e+00   -1.1379077156e+01    1.0296874312e-01    2.0660000000e+03    7.5480730901e-01    9.9170887603e-01
       166   -4.5908299299e+01    2.1089709762e+03   -8.0463368339e+01    3.4555069040e+01   -1.1615800870e+01   -5.1102678690e+01   -2.1295051312e+01    3.5501625340e+00   -1.1358557257e+01    1.0296874312e-01    2.0750000000e+03    7.5090407196e-01    9.9075810745e-01
       167   -4.5915955362e+01    2.1096667693e+03   -8.0615595996e+01    3.4699640634e+01   -1.1625017883e+01   -5.1102678690e+01   -2.1201386721e+01    3.3134872980e+00   -1.1370699250e+01    1.0296874312e-01    2.0690000000e+03    7.5408978993e-01    9.9155120482e-01
       168   -4.5945845560e+01    2.1124572179e+03   -8.0689305294e+01    3.4743459734e+01   -1.1591182722e+01   -5.1102678690e+01   -2.1280331605e+01    3.2848877232e+00   -1.1333004049e+01    1.0296874312e-01    2.0630000000e+03    7.5139181991e-01    9.9083192363e-01
       169   -4.5895002703e+01    2.1076587234e+03   -8.0453593403e+01    3.4558590700e+01   -1.1587491544e+01   -5.1102678690e+01   -2.1180766856e+01    3.4173436865e+00   -1.1329601917e+01    1.0296874312e-01    2.0580000000e+03    7.5187745097e-01    9.9124454678e-01
       170   -4.5953417842e+01    2.1131189687e+03   -8.0385191227e+01    3.4431773385e+01   -1.1562512146e+01   -5.1102678690e+01   -2.1175323201e+01    3.4553228106e+00   -1.1304380163e+01    1.0296874312e-01    2.0580000000e+03    7.4859543494e-01    9.9053996599e-01
       171   -4.5936437747e+01    2.1115189114e+03   -8.0235360768e+01    3.4298923022e+01   -1.1575188729e+01   -5.1102678690e+01   -2.1135696061e+01    3.5782027122e+00   -1.1317572459e+01    1.0296874312e-01    2.0600000000e+03    7.4380067608e-01    9.9108661322e-01
       172   -4.5920280751e+01    2.1099355215e+03   -8.0535457711e+01    3.4615176960e+01   -1.1549392091e+01   -5.1102678690e+01   -2.1104435208e+01    3.2210482787e+00   -1.1291518225e+01    1.0296874312e-01    2.0590000000e+03    7.4689115502e-01    9.9147451456e-01
       173   -4.5906653642e+01    2.1087075423e+03   -8.0695758835e+01    3.4789105194e+01   -1.1581615547e+01   -5.1102678690e+01   -2.1237964377e+01    3.2264997797e+00   -1.1321412759e+01    1.0296874312e-01    2.0640000000e+03    7.4156765500e-01    9.9101505585e-01
       174   -4.5933190983e+01    2.1112643008e+03   -8.0566593152e+01    3.4633402169e+01   -1.1597882111e+01   -5.1102678690e+01   -2.1313059925e+01    3.4470275746e+00   -1.1338736640e+01    1.0296874312e-01    2.0620000000e+03    7.4618726794e-01    9.9071887112e-01
       175   -4.5950272077e+01    2.1127792857e+03   -8.0597700462e+01    3.4647428385e+01   -1.1582592300e+01   -5.1102678690e+01   -2.1131327221e+01    3.2188977504e+00   -1.1323085598e+01    1.0296874312e-01    2.0570000000e+03    7.4193741300e-01    9.9069471387e-01
       176   -4.5933589746e+01    2.1112876803e+03   -8.0800856876e+01    3.4867267131e+01   -1.1599267653e+01   -5.1102678690e+01   -2.1261537604e+01    3.1626270708e+00   -1.1335500610e+01    1.0296874312e-01    2.0460000000e+03    7.4016162299e-01    9.9077843947e-01
       177   -4.5955282366e+01    2.1135401567e+03   -8.0656153298e+01    3.4700870933e+01   -1.1616494062e+01   -5.1102678690e+01   -2.1230742999e+01    3.2937624531e+00   -1.1352083430e+01    1.0296874312e-01    2.0400000000e+03    7.3590368102e-01    9.9097324047e-01
       178   -4.5909351288e+01    2.1090461526e+03   -8.0692429556e+01    3.4783078267e+01   -1.1655919023e+01   -5.1102678690e+01   -2.1240957621e+01    3.3071257794e+00   -1.1394064159e+01    1.0296874312e-01    2.0460000000e+03    7.3410345893e-01    9.9050245098e-01
       179   -4.5941640601e+01    2.1120481744e+03   -8.0590375629e+01    3.4648735028e+01   -1.1604099136e+01   -5.1102678690e+01   -2.1265603058e+01    3.3820052557e+00   -1.1341888256e+01    1.0296874312e-01    2.0390000000e+03    7.3651455494e-01    9.9092741935e-01
       180   -4.5932453698e+01    2.1112902647e+03   -8.0485236271e+01    3.4552782573e+01   -1.1632593825e+01   -5.1102678690e+01   -2.1207536507e+01    3.4575727510e+00   -1.1373657040e+01    1.0296874312e-01    2.0440000000e+03    7.3346861999e-01    9.9134073075e-01
       181   -4.5948937540e+01    2.1128257838e+03   -8.0648096480e+01    3.4699158940e+01   -1.1673836875e+01   -5.1102678690e+01   -2.1253229274e+01    3.3816483595e+00   -1.1412329504e+01    1.0296874312e-01    2.0550000000e+03    7.3542328202e-01    9.9064334638e-01
       182   -4.5978235715e+01    2.1155048542e+03   -8.0430967250e+01    3.4452731536e+01   -1.1682843891e+01   -5.1102678690e+01   -2.1142349211e+01    3.4969045416e+00   -1.1423877635e+01    1.0296874312e-01    2.0550000000e+03    7.3996314697e-01    9.9148418491e-01
       183   -4.5972325831e+01    2.1148563152e+03   -8.0534007131e+01    3.4561681300e+01   -1.1701489578e+01   -5.1102678690e+01   -2.1150231067e+01    3.4203922039e+00   -1.1444024332e+01    1.0296874312e-01    2.0560000000e+03    7.4155698100e-01    9.9127128954e-01
       184   -4.5933879749e+01    2.1113944589e+03   -8.0758783739e+01    3.4824903990e+01   -1.1662530979e+01   -5.1102678690e+01   -2.1311631618e+01    3.3180575481e+00   -1.1398882592e+01    1.0296874312e-01    2.0600000000e+03    7.3866864399e-01    9.9104754377e-01
       185   -4.5935472650e+01    2.1116409758e+03   -8.0566052668e+01    3.4630580018e+01   -1.1675685244e+01   -5.1102678690e+01   -2.1166857671e+01    3.3791689372e+00   -1.1414056401e+01    1.0296874312e-01    2.0690000000e+03    7.4007840105e-01    9.9080703883e-01
       186   -4.5922099396e+01    2.1102229591e+03   -8.0697270121e+01    3.4775170724e+01   -1.1699502467e+01   -5.1102678690e+01   -2.1289764216e+01    3.3946752532e+00   -1.1446870409e+01    1.0296874312e-01    2.0690000000e+03    7.4340755795e-01    9.9013714355e-01
       187   -4.5920283360e+01    2.1100210982e+03   -8.0663619937e+01    3.4743336577e+01   -1.1734182004e+01   -5.1102678690e+01   -2.1252133812e+01    3.4253745696e+00   -1.1482995318e+01    1.0296874312e-01    2.0670000000e+03    7.4581274507e-01    9.9131524891e-01
       188   -4.5952721157e+01    2.1130528981e+03   -8.0668302792e+01    3.4715581636e+01   -1.1713300020e+01   -5.1102678690e+01   -2.1201854717e+01    3.3495306359e+00   -1.1461501412e+01    1.0296874312e-01    2.0620000000e+03    7.4308001704e-01    9.9097423803e-01
       189   -4.5956699514e+01    2.1133992835e+03   -8.0673324309e+01    3.4716624796e+01   -1.1705120043e+01   -5.1102678690e+01   -2.1287628105e+01    3.4221025287e+00   -1.1456319030e+01    1.0296874312e-01    2.0680000000e+03    7.4716256896e-01    9.9133123181e-01
       190   -4.5942015934e+01    2.1119904492e+03   -8.0428853557e+01    3.4486837624e+01   -1.1692980325e+01   -5.1102678690e+01   -2.1067467588e+01    3.4342730460e+00   -1.1444097509e+01    1.0296874312e-01    2.0770000000e+03    7.4372995296e-01    9.9064615571e-01
       191   -4.5923998292e+01    2.1102533778e+03   -8.0680457750e+01    3.4756459458e+01   -1.1731255221e+01   -5.1102678690e+01   -2.1033253276e+01    3.1867294368e+00   -1.1474495822e+01    1.0296874312e-01    2.0670000000e+03    7.4992615101e-01    9.9115310544e-01
       192   -4.5964393965e+01    2.1140263088e+03   -8.0720017917e+01    3.4755623952e+01   -1.1660593282e+01   -5.1102678690e+01   -2.1143104538e+01    3.1863585932e+00   -1.1406628589e+01    1.0296874312e-01    2.0650000000e+03    7.4408187391e-01    9.9023343009e-01
       193   -4.5954705019e+01    2.1130418323e+03   -8.0650347243e+01    3.4695642224e+01   -1.1663787265e+01   -5.1102678690e+01   -2.1128005858e+01    3.2441245711e+00   -1.1413337594e+01    1.0296874312e-01    2.0700000000e+03    7.4478507903e-01    9.9119249395e-01
       194   -4.5950951967e+01    2.1127160224e+03   -8.0548194755e+01    3.4597242788e+01   -1.1684869507e+01   -5.1102678690e+01   -2.0960663827e+01    3.2000172694e+00   -1.1434351251e+01    1.0296874312e-01    2.0660000000e+03    7.4350673205e-01    9.9165157005e-01
       195   -4.5942477968e+01    2.1119380430e+03   -8.0557627211e+01    3.4615149243e+01   -1.1686049286e+01   -5.1102678690e+01   -2.1031233045e+01    3.2623338100e+00   -1.1435946808e+01    1.0296874312e-01    2.0720000000e+03    7.4414244597e-01    9.9090936592e-01
       196   -4.5938557462e+01    2.1117079075e+03   -8.0544567695e+01    3.4606010234e+01   -1.1669058197e+01   -5.1102678690e+01   -2.0935709192e+01    3.1628783836e+00   -1.1416720509e+01    1.0296874312e-01    2.0760000000e+03    7.4392640195e-01    9.9149372587e-01
       197   -4.5949689432e+01    2.1127165590e+03   -8.0242630809e+01    3.4292941376e+01   -1.1660312859e+01   -5.1102678690e+01   -2.1002772996e+01    3.5231337371e+00   -1.1409025127e+01    1.0296874312e-01    2.0720000000e+03    7.4745030899e-01    9.9105852601e-01
       198   -4.5941939505e+01    2.1119159799e+03   -8.0340628741e+01    3.4398689236e+01   -1.1680589441e+01   -5.1102678690e+01   -2.1000456522e+01    3.4430959121e+00   -1.1428831195e+01    1.0296874312e-01    2.0740000000e+03    7.4745368899e-01    9.9117700290e-01
       199   -4.5925457911e+01    2.1104617585e+03   -8.0287247617e+01    3.4361789706e+01   -1.1682402875e+01   -5.1102678690e+01   -2.0961067487e+01    3.4589014355e+00   -1.1428274330e+01    1.0296874312e-01    2.0730000000e+03    7.5236597192e-01    9.9083895853e-01
