# Index          LocalEnergy            Variance              Weight        NumOfWalkers      AvgSentWalkers         TrialEnergy             DiffEff      LivingFraction
         0   -4.5935014990e+01    1.3509464532e+00    2.0680000000e+03    2.0730000000e+03    0.0000000000e+00   -4.5936934276e+01    9.9409969610e-01    9.9276410999e-01
         1   -4.5925410973e+01    1.2858044433e+00    2.0536066123e+03    2.0730000000e+03    0.0000000000e+00   -4.6906839937e+01    9.9364364337e-01    9.7684515195e-01
         2   -4.5937504896e+01    1.3367279290e+00    2.0481419426e+03    2.0420000000e+03    0.0000000000e+00   -4.5632012229e+01    9.9308355331e-01    9.9755142018e-01
         3   -4.5944071262e+01    1.8022450489e+00    2.0479199759e+03    2.0460000000e+03    0.0000000000e+00   -4.5839800931e+01    9.9402285719e-01    9.9706744868e-01
         4   -4.5947620166e+01    1.3852335054e+00    2.0478983111e+03    2.0520000000e+03    0.0000000000e+00   -4.6139193275e+01    9.9361336019e-01    9.9463937622e-01
         5   -4.5937206819e+01    1.4652278199e+00    2.0478711960e+03    2.0480000000e+03    0.0000000000e+00   -4.5947620166e+01    9.9425237143e-01    9.9609375000e-01
         6   -4.5936609530e+01    1.3549417593e+00    2.0480257714e+03    2.0470000000e+03    0.0000000000e+00   -4.5888366769e+01    9.9404656556e-01    9.9609184172e-01
         7   -4.5955479675e+01    1.3998923059e+00    2.0482894858e+03    2.0530000000e+03    0.0000000000e+00   -4.6180452616e+01    9.9298012256e-01    9.9464198734e-01
         8   -4.5927012444e+01    1.2772853562e+00    2.0477303613e+03    2.0510000000e+03    0.0000000000e+00   -4.6101856866e+01    9.9303840201e-01    9.9268649439e-01
         9   -4.5931058709e+01    1.3376043941e+00    2.0480358209e+03    2.0440000000e+03    0.0000000000e+00   -4.5731508960e+01    9.9408217097e-01    9.9657534247e-01
        10   -4.5954266840e+01    1.4418013378e+00    2.0482699206e+03    2.0490000000e+03    0.0000000000e+00   -4.5979874917e+01    9.9319456832e-01    9.9560761347e-01
        11   -4.5945113964e+01    1.3077200690e+00    2.0478946430e+03    2.0460000000e+03    0.0000000000e+00   -4.5856562875e+01    9.9422409878e-01    9.9755620723e-01
        12   -4.5956909180e+01    1.4964090748e+00    2.0481427815e+03    2.0500000000e+03    0.0000000000e+00   -4.6042722562e+01    9.9380311818e-01    9.9658536585e-01
        13   -4.5960930726e+01    1.3710241358e+00    2.0479581756e+03    2.0460000000e+03    0.0000000000e+00   -4.5859205215e+01    9.9324674604e-01    9.9657869013e-01
        14   -4.5987512467e+01    1.3723587797e+00    2.0481952851e+03    2.0430000000e+03    0.0000000000e+00   -4.5716491592e+01    9.9305077415e-01    9.9853157122e-01
        15   -4.5946231737e+01    1.4015094273e+00    2.0475924599e+03    2.0510000000e+03    0.0000000000e+00   -4.6133889658e+01    9.9419729114e-01    9.9512432960e-01
        16   -4.5966328348e+01    1.5037792031e+00    2.0481636796e+03    2.0470000000e+03    0.0000000000e+00   -4.5897391687e+01    9.9422657378e-01    9.9706888129e-01
        17   -4.5927523585e+01    1.2864370649e+00    2.0476153090e+03    2.0480000000e+03    0.0000000000e+00   -4.5966328348e+01    9.9369144842e-01    9.9707031250e-01
        18   -4.5935064656e+01    1.2924516648e+00    2.0481177879e+03    2.0530000000e+03    0.0000000000e+00   -4.6171366671e+01    9.9397711848e-01    9.9415489528e-01
        19   -4.5946083738e+01    1.4902802526e+00    2.0480093439e+03    2.0420000000e+03    0.0000000000e+00   -4.5641665912e+01    9.9438368705e-01    9.9706170421e-01
        20   -4.5952750015e+01    1.5939335395e+00    2.0478885177e+03    2.0430000000e+03    0.0000000000e+00   -4.5701644604e+01    9.9360438536e-01    9.9510523740e-01
        21   -4.5961176852e+01    1.3350392068e+00    2.0479842259e+03    2.0430000000e+03    0.0000000000e+00   -4.5708310880e+01    9.9339133978e-01    9.9265785609e-01
        22   -4.5954324293e+01    1.3003658637e+00    2.0479218773e+03    2.0380000000e+03    0.0000000000e+00   -4.5471699614e+01    9.9390975195e-01    9.9509322866e-01
        23   -4.5970042736e+01    1.3093881737e+00    2.0481108579e+03    2.0360000000e+03    0.0000000000e+00   -4.5366663444e+01    9.9325838712e-01    9.9803536346e-01
        24   -4.5954025800e+01    1.3091492294e+00    2.0477940707e+03    2.0440000000e+03    0.0000000000e+00   -4.5774539252e+01    9.9312473197e-01    9.9706457926e-01
        25   -4.5940602607e+01    1.2791635707e+00    2.0479031488e+03    2.0480000000e+03    0.0000000000e+00   -4.5954025800e+01    9.9358111375e-01    9.9755859375e-01
        26   -4.5939671935e+01    1.5518362717e+00    2.0480120777e+03    2.0520000000e+03    0.0000000000e+00   -4.6135724620e+01    9.9492347513e-01    9.9512670565e-01
        27   -4.5911659829e+01    1.3684655307e+00    2.0477090707e+03    2.0490000000e+03    0.0000000000e+00   -4.5988488143e+01    9.9329412514e-01    9.9511957052e-01
        28   -4.5901760078e+01    1.3824469972e+00    2.0478506184e+03    2.0460000000e+03    0.0000000000e+00   -4.5813955864e+01    9.9292696286e-01    9.9657869013e-01
        29   -4.5929750256e+01    1.3883142447e+00    2.0483022658e+03    2.0470000000e+03    0.0000000000e+00   -4.5852920028e+01    9.9323020135e-01    9.9658036150e-01
        30   -4.5917933514e+01    1.4116483820e+00    2.0478701277e+03    2.0470000000e+03    0.0000000000e+00   -4.5880910206e+01    9.9318676871e-01    9.9609184172e-01
        31   -4.5930461735e+01    1.8216371329e+00    2.0481141161e+03    2.0520000000e+03    0.0000000000e+00   -4.6113055527e+01    9.9395870208e-01    9.9610136452e-01
        32   -4.5916697176e+01    1.3212329945e+00    2.0477989249e+03    2.0490000000e+03    0.0000000000e+00   -4.5979277943e+01    9.9341201447e-01    9.9414348463e-01
        33   -4.5917306003e+01    1.4766121233e+00    2.0480593310e+03    2.0450000000e+03    0.0000000000e+00   -4.5770105407e+01    9.9339159298e-01    9.9657701711e-01
        34   -4.5903569464e+01    1.3622222331e+00    2.0478685403e+03    2.0480000000e+03    0.0000000000e+00   -4.5917306003e+01    9.9360572077e-01    9.9560546875e-01
        35   -4.5898776677e+01    1.3188966564e+00    2.0479798238e+03    2.0470000000e+03    0.0000000000e+00   -4.5854729414e+01    9.9409275170e-01    9.9511480215e-01
        36   -4.5905093986e+01    1.2996573201e+00    2.0480630197e+03    2.0460000000e+03    0.0000000000e+00   -4.5801072713e+01    9.9403699598e-01    9.9755620723e-01
        37   -4.5909024075e+01    1.3069549491e+00    2.0480497627e+03    2.0520000000e+03    0.0000000000e+00   -4.6100215999e+01    9.9375853358e-01    9.9317738791e-01
        38   -4.5936140068e+01    1.3689588060e+00    2.0482516942e+03    2.0420000000e+03    0.0000000000e+00   -4.5615625331e+01    9.9352816805e-01    9.9559255632e-01
        39   -4.5923975722e+01    1.2598317980e+00    2.0478986673e+03    2.0450000000e+03    0.0000000000e+00   -4.5789548300e+01    9.9470216660e-01    9.9755501222e-01
        40   -4.5925394826e+01    1.2327094758e+00    2.0479767131e+03    2.0460000000e+03    0.0000000000e+00   -4.5826271757e+01    9.9336887414e-01    9.9608993157e-01
        41   -4.5905864136e+01    1.2673532021e+00    2.0458565320e+03    2.0460000000e+03    0.0000000000e+00   -4.5922998682e+01    9.9411648770e-01    9.9560117302e-01
        42   -4.5903173621e+01    1.3552029782e+00    2.0436235553e+03    2.0440000000e+03    0.0000000000e+00   -4.5922730239e+01    9.9392562517e-01    9.9657534247e-01
        43   -4.5910485009e+01    1.2647442922e+00    2.0437975214e+03    2.0440000000e+03    0.0000000000e+00   -4.5916456527e+01    9.9410489979e-01    9.9706457926e-01
        44   -4.5906847325e+01    1.2898992278e+00    2.0498737757e+03    2.0500000000e+03    0.0000000000e+00   -4.5915578162e+01    9.9345655790e-01    9.9512195122e-01
        45   -4.5899206792e+01    1.4768874651e+00    2.0447402118e+03    2.0450000000e+03    0.0000000000e+00   -4.5912312745e+01    9.9344638209e-01    9.9217603912e-01
        46   -4.5913957746e+01    1.3339138333e+00    2.0369751938e+03    2.0370000000e+03    0.0000000000e+00   -4.5907237870e+01    9.9417179181e-01    9.9509081983e-01
        47   -4.5900336534e+01    1.4179831100e+00    2.0370285023e+03    2.0370000000e+03    0.0000000000e+00   -4.5905321206e+01    9.9480425884e-01    9.9558173785e-01
        48   -4.5906323310e+01    1.3269562082e+00    2.0319772613e+03    2.0320000000e+03    0.0000000000e+00   -4.5903269970e+01    9.9393067591e-01    9.9704724409e-01
        49   -4.5908410284e+01    1.4432381740e+00    2.0330807049e+03    2.0330000000e+03    0.0000000000e+00   -4.5902564573e+01    9.9305466457e-01    9.9655681259e-01
        50   -4.5897927005e+01    1.2654672255e+00    2.0330254912e+03    2.0330000000e+03    0.0000000000e+00   -4.5902205330e+01    9.9379950090e-01    9.9606492868e-01
        51   -4.5932545166e+01    1.3351060524e+00    2.0322465027e+03    2.0320000000e+03    0.0000000000e+00   -4.5901609123e+01    9.9300994829e-01    9.9606299213e-01
        52   -4.5941348498e+01    1.4112887775e+00    2.0317060016e+03    2.0310000000e+03    0.0000000000e+00   -4.5900156435e+01    9.9323149198e-01    9.9655342196e-01
        53   -4.5925381616e+01    1.3100785069e+00    2.0325827806e+03    2.0320000000e+03    0.0000000000e+00   -4.5902498936e+01    9.9355891439e-01    9.9803149606e-01
        54   -4.5944320632e+01    1.4291271919e+00    2.0375336257e+03    2.0370000000e+03    0.0000000000e+00   -4.5907171285e+01    9.9440207894e-01    9.9558173785e-01
        55   -4.5948552753e+01    1.3268844470e+00    2.0328104312e+03    2.0320000000e+03    0.0000000000e+00   -4.5905568662e+01    9.9358414247e-01    9.9606299213e-01
        56   -4.5946083531e+01    1.4126041842e+00    2.0327994589e+03    2.0320000000e+03    0.0000000000e+00   -4.5907500461e+01    9.9344834858e-01    9.9704724409e-01
        57   -4.5940074579e+01    1.3183649432e+00    2.0366033989e+03    2.0360000000e+03    0.0000000000e+00   -4.5911420508e+01    9.9415097116e-01    9.9263261297e-01
        58   -4.5950046816e+01    1.5387252328e+00    2.0246872983e+03    2.0240000000e+03    0.0000000000e+00   -4.5907108406e+01    9.9295092273e-01    9.9456521739e-01
        59   -4.5945372098e+01    1.5486318137e+00    2.0216827024e+03    2.0210000000e+03    0.0000000000e+00   -4.5906739736e+01    9.9432878702e-01    9.9653636813e-01
        60   -4.5933312854e+01    1.3004221866e+00    2.0245072390e+03    2.0240000000e+03    0.0000000000e+00   -4.5909724839e+01    9.9394377216e-01    9.9357707510e-01
        61   -4.5952980163e+01    1.3282960182e+00    2.0167551843e+03    2.0160000000e+03    0.0000000000e+00   -4.5906900595e+01    9.9364559253e-01    9.9851190476e-01
        62   -4.5948317603e+01    1.4411554142e+00    2.0208123170e+03    2.0200000000e+03    0.0000000000e+00   -4.5909367479e+01    9.9440143958e-01    9.9702970297e-01
        63   -4.5935743435e+01    1.3570414303e+00    2.0226131078e+03    2.0220000000e+03    0.0000000000e+00   -4.5911654762e+01    9.9316797116e-01    9.9851632047e-01
        64   -4.5970531516e+01    1.5355792817e+00    2.0306950318e+03    2.0300000000e+03    0.0000000000e+00   -4.5916598695e+01    9.9431973046e-01    9.9852216749e-01
        65   -4.5944716608e+01    1.2989585073e+00    2.0367055753e+03    2.0360000000e+03    0.0000000000e+00   -4.5919962674e+01    9.9339943026e-01    9.9459724951e-01
        66   -4.5961537340e+01    1.4520023878e+00    2.0306660756e+03    2.0300000000e+03    0.0000000000e+00   -4.5918730300e+01    9.9356628617e-01    9.9605911330e-01
        67   -4.5915335406e+01    1.3237268395e+00    2.0303351817e+03    2.0300000000e+03    0.0000000000e+00   -4.5919365796e+01    9.9332179079e-01    9.9655172414e-01
        68   -4.5901978862e+01    1.2403544209e+00    2.0287615881e+03    2.0290000000e+03    0.0000000000e+00   -4.5920063908e+01    9.9342135984e-01    9.9655002464e-01
        69   -4.5920358441e+01    1.3319343529e+00    2.0268088496e+03    2.0270000000e+03    0.0000000000e+00   -4.5918593261e+01    9.9315535604e-01    9.9605328071e-01
        70   -4.5923154389e+01    1.4391256368e+00    2.0270977647e+03    2.0270000000e+03    0.0000000000e+00   -4.5917695887e+01    9.9395581740e-01    9.9605328071e-01
        71   -4.5915130928e+01    1.4424253179e+00    2.0260411621e+03    2.0260000000e+03    0.0000000000e+00   -4.5916955835e+01    9.9421783377e-01    9.9605133268e-01
        72   -4.5906898390e+01    1.4197074029e+00    2.0288162964e+03    2.0290000000e+03    0.0000000000e+00   -4.5918291686e+01    9.9363785524e-01    9.9507146378e-01
        73   -4.5885199696e+01    1.4293863175e+00    2.0275789543e+03    2.0280000000e+03    0.0000000000e+00   -4.5917420486e+01    9.9340363750e-01    9.9654832347e-01
        74   -4.5913631902e+01    1.2451848158e+00    2.0285979682e+03    2.0290000000e+03    0.0000000000e+00   -4.5917315352e+01    9.9335168035e-01    9.9753573189e-01
        75   -4.5932323669e+01    1.4019490576e+00    2.0291131774e+03    2.0290000000e+03    0.0000000000e+00   -4.5916131457e+01    9.9360623590e-01    9.9359290291e-01
        76   -4.5935906854e+01    1.3992204697e+00    2.0244321520e+03    2.0240000000e+03    0.0000000000e+00   -4.5913335809e+01    9.9379614800e-01    9.9654150198e-01
        77   -4.5950130604e+01    1.4112842229e+00    2.0236172572e+03    2.0230000000e+03    0.0000000000e+00   -4.5913036208e+01    9.9296533984e-01    9.9851705388e-01
        78   -4.5906443507e+01    1.8307990702e+00    2.0301920665e+03    2.0300000000e+03    0.0000000000e+00   -4.5916769087e+01    9.9383147803e-01    9.9655172414e-01
        79   -4.5940917753e+01    1.2867277161e+00    2.0371284320e+03    2.0370000000e+03    0.0000000000e+00   -4.5920840498e+01    9.9413899186e-01    9.9656357388e-01
        80   -4.5946007196e+01    1.3050073461e+00    2.0464323215e+03    2.0460000000e+03    0.0000000000e+00   -4.5924754465e+01    9.9394991038e-01    9.9657869013e-01
        81   -4.5951184421e+01    1.3785802641e+00    2.0454719839e+03    2.0450000000e+03    0.0000000000e+00   -4.5924635983e+01    9.9407710417e-01    9.9511002445e-01
        82   -4.5927536963e+01    1.4484802379e+00    2.0413115195e+03    2.0410000000e+03    0.0000000000e+00   -4.5923152013e+01    9.9382420392e-01    9.9510044096e-01
        83   -4.5924403034e+01    1.4618033511e+00    2.0400672798e+03    2.0400000000e+03    0.0000000000e+00   -4.5923234229e+01    9.9390998570e-01    9.9656862745e-01
        84   -4.5918801223e+01    1.3536785598e+00    2.0439418242e+03    2.0440000000e+03    0.0000000000e+00   -4.5925201931e+01    9.9384906704e-01    9.9804305284e-01
        85   -4.5923700732e+01    1.5978934369e+00    2.0457800290e+03    2.0460000000e+03    0.0000000000e+00   -4.5926118728e+01    9.9338598844e-01    9.9755620723e-01
        86   -4.5929834358e+01    1.5028922477e+00    2.0458666816e+03    2.0460000000e+03    0.0000000000e+00   -4.5925938412e+01    9.9390485883e-01    9.9657869013e-01
        87   -4.5910726034e+01    1.4409719557e+00    2.0458988465e+03    2.0460000000e+03    0.0000000000e+00   -4.5925870013e+01    9.9358879076e-01    9.9657869013e-01
        88   -4.5951085283e+01    1.4676833430e+00    2.0510807594e+03    2.0510000000e+03    0.0000000000e+00   -4.5928373060e+01    9.9412949090e-01    9.9609946368e-01
        89   -4.5909434012e+01    1.3012584863e+00    2.0509946609e+03    2.0510000000e+03    0.0000000000e+00   -4.5928042790e+01    9.9322671633e-01    9.9707459776e-01
        90   -4.5899755167e+01    1.4036243429e+00    2.0514770584e+03    2.0520000000e+03    0.0000000000e+00   -4.5929020363e+01    9.9344040110e-01    9.9756335283e-01
        91   -4.5894385020e+01    1.3934887948e+00    2.0572545934e+03    2.0580000000e+03    0.0000000000e+00   -4.5931594287e+01    9.9311099071e-01    9.9514091351e-01
        92   -4.5908636545e+01    1.2037506497e+00    2.0544500214e+03    2.0550000000e+03    0.0000000000e+00   -4.5929616878e+01    9.9279178269e-01    9.9513381995e-01
        93   -4.5923468388e+01    1.3218865886e+00    2.0507661901e+03    2.0510000000e+03    0.0000000000e+00   -4.5927068137e+01    9.9385322371e-01    9.9609946368e-01
        94   -4.5913464043e+01    1.2749683039e+00    2.0538097599e+03    2.0540000000e+03    0.0000000000e+00   -4.5928215551e+01    9.9369967702e-01    9.9610516066e-01
        95   -4.5893530556e+01    1.2105796919e+00    2.0524775816e+03    2.0530000000e+03    0.0000000000e+00   -4.5927695454e+01    9.9382411323e-01    9.9610326352e-01
        96   -4.5886512376e+01    1.2443257658e+00    2.0502312056e+03    2.0510000000e+03    0.0000000000e+00   -4.5926510207e+01    9.9351774685e-01    9.9561189664e-01
        97   -4.5900116369e+01    1.2079708376e+00    2.0483277676e+03    2.0490000000e+03    0.0000000000e+00   -4.5924981687e+01    9.9444669721e-01    9.9414348463e-01
        98   -4.5934648644e+01    1.4143744847e+00    2.0449179514e+03    2.0450000000e+03    0.0000000000e+00   -4.5922372759e+01    9.9434650692e-01    9.9706601467e-01
        99   -4.5950206382e+01    1.3810429958e+00    2.0453879269e+03    2.0450000000e+03    0.0000000000e+00   -4.5921970686e+01    9.9361343274e-01    9.9657701711e-01
       100   -4.5968107620e+01    1.3793009031e+00    2.0457185539e+03    2.0450000000e+03    0.0000000000e+00   -4.5922157554e+01    9.9273641603e-01    9.9559902200e-01
       101   -4.5927330764e+01    1.3521515160e+00    2.0464710883e+03    2.0460000000e+03    0.0000000000e+00   -4.5923082217e+01    9.9392420887e-01    9.9657869013e-01
       102   -4.5950879846e+01    1.3068299317e+00    2.0482975612e+03    2.0480000000e+03    0.0000000000e+00   -4.5924769714e+01    9.9288051720e-01    9.9658203125e-01
       103   -4.5936184145e+01    1.4408844587e+00    2.0483347884e+03    2.0480000000e+03    0.0000000000e+00   -4.5924810366e+01    9.9323866344e-01    9.9902343750e-01
       104   -4.5924943656e+01    1.2484542542e+00    2.0550288328e+03    2.0550000000e+03    0.0000000000e+00   -4.5928629842e+01    9.9445640650e-01    9.9464720195e-01
       105   -4.5928392371e+01    1.2633144039e+00    2.0530146205e+03    2.0530000000e+03    0.0000000000e+00   -4.5927824847e+01    9.9411719541e-01    9.9707744764e-01
       106   -4.5930969721e+01    1.3567770874e+00    2.0550085704e+03    2.0550000000e+03    0.0000000000e+00   -4.5928791848e+01    9.9389792439e-01    9.9513381995e-01
       107   -4.5945479590e+01    1.3737162348e+00    2.0512303505e+03    2.0510000000e+03    0.0000000000e+00   -4.5926888445e+01    9.9358632834e-01    9.9707459776e-01
       108   -4.5934492873e+01    1.1871590694e+00    2.0572228791e+03    2.0570000000e+03    0.0000000000e+00   -4.5929891121e+01    9.9408531598e-01    9.9756927564e-01
       109   -4.5927326088e+01    1.2591091025e+00    2.0580061972e+03    2.0580000000e+03    0.0000000000e+00   -4.5930666617e+01    9.9394698970e-01    9.9854227405e-01
       110   -4.5881455972e+01    1.3097827808e+00    2.0623652504e+03    2.0630000000e+03    0.0000000000e+00   -4.5933217459e+01    9.9376383672e-01    9.9757634513e-01
       111   -4.5954388082e+01    1.2686854085e+00    2.0636434690e+03    2.0640000000e+03    0.0000000000e+00   -4.5933721878e+01    9.9428599303e-01    9.9563953488e-01
       112   -4.5939243632e+01    1.4252313657e+00    2.0632723810e+03    2.0630000000e+03    0.0000000000e+00   -4.5932619434e+01    9.9375591083e-01    9.9854580708e-01
       113   -4.5942829865e+01    1.3699897459e+00    2.0700584086e+03    2.0700000000e+03    0.0000000000e+00   -4.5936404974e+01    9.9363815785e-01    9.9468599034e-01
       114   -4.5935900626e+01    1.4938245539e+00    2.0731238032e+03    2.0730000000e+03    0.0000000000e+00   -4.5938035951e+01    9.9449274852e-01    9.9662325133e-01
       115   -4.5948028930e+01    1.4017685545e+00    2.0730507124e+03    2.0730000000e+03    0.0000000000e+00   -4.5938261645e+01    9.9350051005e-01    9.9565846599e-01
       116   -4.5912027465e+01    1.5761211465e+00    2.0718394980e+03    2.0720000000e+03    0.0000000000e+00   -4.5937907716e+01    9.9465114833e-01    9.9469111969e-01
       117   -4.5898059110e+01    1.4260859145e+00    2.0683267979e+03    2.0690000000e+03    0.0000000000e+00   -4.5936741542e+01    9.9344959178e-01    9.9661672305e-01
       118   -4.5932250597e+01    1.1954296569e+00    2.0685483701e+03    2.0690000000e+03    0.0000000000e+00   -4.5936555485e+01    9.9329603975e-01    9.9371677139e-01
       119   -4.5940614380e+01    1.4252912033e+00    2.0630582452e+03    2.0630000000e+03    0.0000000000e+00   -4.5933293160e+01    9.9413977467e-01    9.9757634513e-01
       120   -4.5898281926e+01    1.2378583889e+00    2.0626614568e+03    2.0630000000e+03    0.0000000000e+00   -4.5933371347e+01    9.9355596711e-01    9.9709161415e-01
       121   -4.5920593927e+01    1.3847364875e+00    2.0644704043e+03    2.0650000000e+03    0.0000000000e+00   -4.5934519853e+01    9.9376434601e-01    9.9757869249e-01
       122   -4.5922105492e+01    1.3271897028e+00    2.0636818373e+03    2.0640000000e+03    0.0000000000e+00   -4.5933694359e+01    9.9327994585e-01    9.9563953488e-01
       123   -4.5880321663e+01    1.3229545479e+00    2.0673269299e+03    2.0680000000e+03    0.0000000000e+00   -4.5935566392e+01    9.9361547362e-01    9.9613152805e-01
       124   -4.5897244604e+01    1.2673508574e+00    2.0699773560e+03    2.0710000000e+03    0.0000000000e+00   -4.5936971463e+01    9.9405641904e-01    9.9565427330e-01
       125   -4.5893890316e+01    1.2287185706e+00    2.0692004689e+03    2.0700000000e+03    0.0000000000e+00   -4.5935953406e+01    9.9395860654e-01    9.9516908213e-01
       126   -4.5897634735e+01    1.2819167432e+00    2.0652271842e+03    2.0660000000e+03    0.0000000000e+00   -4.5933693310e+01    9.9389111700e-01    9.9467570184e-01
       127   -4.5917634088e+01    1.2000085228e+00    2.0674818052e+03    2.0680000000e+03    0.0000000000e+00   -4.5934303973e+01    9.9439533059e-01    9.9613152805e-01
       128   -4.5940393709e+01    1.3915122143e+00    2.0688988111e+03    2.0690000000e+03    0.0000000000e+00   -4.5934481154e+01    9.9472677404e-01    9.9710004833e-01
       129   -4.5946085294e+01    1.5047802877e+00    2.0681640139e+03    2.0680000000e+03    0.0000000000e+00   -4.5933923044e+01    9.9332916525e-01    9.9806576402e-01
       130   -4.5926677148e+01    1.4764356465e+00    2.0680006978e+03    2.0680000000e+03    0.0000000000e+00   -4.5934102921e+01    9.9391698627e-01    9.9516441006e-01
       131   -4.5939101185e+01    1.7429771082e+00    2.0668287129e+03    2.0670000000e+03    0.0000000000e+00   -4.5933857714e+01    9.9400050991e-01    9.9516207063e-01
       132   -4.5892913295e+01    1.5577200143e+00    2.0654617441e+03    2.0660000000e+03    0.0000000000e+00   -4.5933396130e+01    9.9386263520e-01    9.9515972894e-01
       133   -4.5867854510e+01    1.3343235866e+00    2.0609867055e+03    2.0620000000e+03    0.0000000000e+00   -4.5931613583e+01    9.9366168583e-01    9.9660523763e-01
       134   -4.5898769299e+01    1.4495052111e+00    2.0639992293e+03    2.0650000000e+03    0.0000000000e+00   -4.5932728194e+01    9.9375887954e-01    9.9564164649e-01
       135   -4.5879171947e+01    1.3911148384e+00    2.0631287146e+03    2.0640000000e+03    0.0000000000e+00   -4.5931647950e+01    9.9285776577e-01    9.9612403101e-01
       136   -4.5891625472e+01    1.3996970793e+00    2.0680356204e+03    2.0690000000e+03    0.0000000000e+00   -4.5933806079e+01    9.9397651930e-01    9.9613339778e-01
       137   -4.5935230841e+01    1.3988365871e+00    2.0666049638e+03    2.0670000000e+03    0.0000000000e+00   -4.5932380895e+01    9.9401146188e-01    9.9564586357e-01
       138   -4.5889642552e+01    1.4393402390e+00    2.0696187041e+03    2.0700000000e+03    0.0000000000e+00   -4.5933509580e+01    9.9385659899e-01    9.9468599034e-01
       139   -4.5909335554e+01    1.2582351689e+00    2.0633807426e+03    2.0640000000e+03    0.0000000000e+00   -4.5930732135e+01    9.9375156755e-01    9.9467054264e-01
       140   -4.5886705099e+01    1.2918190684e+00    2.0584052110e+03    2.0590000000e+03    0.0000000000e+00   -4.5927973641e+01    9.9317081761e-01    9.9562894609e-01
       141   -4.5914184688e+01    1.3089733818e+00    2.0604561518e+03    2.0610000000e+03    0.0000000000e+00   -4.5928813016e+01    9.9361019139e-01    9.9805919457e-01
       142   -4.5874875873e+01    1.2939186404e+00    2.0632474663e+03    2.0640000000e+03    0.0000000000e+00   -4.5929916774e+01    9.9347557712e-01    9.9563953488e-01
       143   -4.5891966742e+01    1.3788518535e+00    2.0620904840e+03    2.0630000000e+03    0.0000000000e+00   -4.5929354977e+01    9.9359766495e-01    9.9418322831e-01
       144   -4.5915169970e+01    1.4861176443e+00    2.0535851902e+03    2.0540000000e+03    0.0000000000e+00   -4.5924529185e+01    9.9416295980e-01    9.9318403116e-01
       145   -4.5896381586e+01    1.4847005892e+00    2.0437248579e+03    2.0440000000e+03    0.0000000000e+00   -4.5919366489e+01    9.9388244609e-01    9.9510763209e-01
       146   -4.5914816833e+01    1.6465504258e+00    2.0416982626e+03    2.0420000000e+03    0.0000000000e+00   -4.5918329503e+01    9.9358834314e-01    9.9314397649e-01
       147   -4.5904587031e+01    1.5164134195e+00    2.0348956269e+03    2.0350000000e+03    0.0000000000e+00   -4.5914663060e+01    9.9281761374e-01    9.9606879607e-01
       148   -4.5934148756e+01    1.4813966078e+00    2.0400926072e+03    2.0400000000e+03    0.0000000000e+00   -4.5917059511e+01    9.9373229791e-01    9.9509803922e-01
       149   -4.5926206438e+01    1.3971406548e+00    2.0382963446e+03    2.0380000000e+03    0.0000000000e+00   -4.5915928305e+01    9.9337951392e-01    9.9509322866e-01
       150   -4.5906692254e+01    1.5620492891e+00    2.0419198843e+03    2.0420000000e+03    0.0000000000e+00   -4.5918010232e+01    9.9333076640e-01    9.9706170421e-01
       151   -4.5915234939e+01    1.4248011678e+00    2.0456887639e+03    2.0460000000e+03    0.0000000000e+00   -4.5920014587e+01    9.9304390168e-01    9.9657869013e-01
       152   -4.5904630669e+01    1.3965655117e+00    2.0458098679e+03    2.0460000000e+03    0.0000000000e+00   -4.5919886914e+01    9.9384781648e-01    9.9706744868e-01
       153   -4.5924590348e+01    1.3219938063e+00    2.0428514344e+03    2.0430000000e+03    0.0000000000e+00   -4.5918369748e+01    9.9387565919e-01    9.9314733235e-01
       154   -4.5914382758e+01    1.3866042659e+00    2.0360942619e+03    2.0360000000e+03    0.0000000000e+00   -4.5914795571e+01    9.9326855108e-01    9.9263261297e-01
       155   -4.5867612314e+01    1.1974308863e+00    2.0315909474e+03    2.0320000000e+03    0.0000000000e+00   -4.5912863073e+01    9.9308452839e-01    9.9655511811e-01
       156   -4.5888280370e+01    1.4507443202e+00    2.0272945989e+03    2.0280000000e+03    0.0000000000e+00   -4.5910838116e+01    9.9313809436e-01    9.9457593688e-01
       157   -4.5899118893e+01    1.3428820465e+00    2.0266879629e+03    2.0270000000e+03    0.0000000000e+00   -4.5909891569e+01    9.9350863741e-01    9.9506660089e-01
       158   -4.5911591769e+01    1.3972024236e+00    2.0319549155e+03    2.0320000000e+03    0.0000000000e+00   -4.5912084740e+01    9.9296737798e-01    9.9655511811e-01
       159   -4.5938864014e+01    1.3015920201e+00    2.0302636307e+03    2.0300000000e+03    0.0000000000e+00   -4.5910925137e+01    9.9376491554e-01    9.9556650246e-01
       160   -4.5958488361e+01    1.3476954106e+00    2.0297517250e+03    2.0290000000e+03    0.0000000000e+00   -4.5910364394e+01    9.9403627511e-01    9.9655002464e-01
       161   -4.5944535923e+01    1.2754841210e+00    2.0338312873e+03    2.0330000000e+03    0.0000000000e+00   -4.5912492372e+01    9.9379619949e-01    9.9606492868e-01
       162   -4.5992628847e+01    1.3321848748e+00    2.0381251646e+03    2.0370000000e+03    0.0000000000e+00   -4.5914774736e+01    9.9386550607e-01    9.9361806578e-01
       163   -4.5986588994e+01    1.2425726303e+00    2.0375676669e+03    2.0360000000e+03    0.0000000000e+00   -4.5914481873e+01    9.9388045317e-01    9.9557956778e-01
       164   -4.5977416833e+01    1.4022284589e+00    2.0383358308e+03    2.0370000000e+03    0.0000000000e+00   -4.5915555737e+01    9.9354184638e-01    9.9509081983e-01
       165   -4.5991759022e+01    1.4421064744e+00    2.0423924631e+03    2.0410000000e+03    0.0000000000e+00   -4.5918042665e+01    9.9301653373e-01    9.9608035277e-01
       166   -4.5979963975e+01    1.4381484564e+00    2.0382891554e+03    2.0370000000e+03    0.0000000000e+00   -4.5916524969e+01    9.9456758826e-01    9.9509081983e-01
       167   -4.5975882567e+01    1.3261454513e+00    2.0342921695e+03    2.0330000000e+03    0.0000000000e+00   -4.5915109354e+01    9.9399970775e-01    9.9458927693e-01
       168   -4.5956870640e+01    1.5523794310e+00    2.0350584141e+03    2.0340000000e+03    0.0000000000e+00   -4.5916050363e+01    9.9300108896e-01    9.9705014749e-01
       169   -4.5965529452e+01    1.3059157259e+00    2.0378596306e+03    2.0370000000e+03    0.0000000000e+00   -4.5917934844e+01    9.9416614859e-01    9.9852724595e-01
       170   -4.5955633113e+01    1.2866208436e+00    2.0457454118e+03    2.0450000000e+03    0.0000000000e+00   -4.5922112575e+01    9.9345577102e-01    9.9755501222e-01
       171   -4.5956556926e+01    1.5581734057e+00    2.0445214811e+03    2.0440000000e+03    0.0000000000e+00   -4.5921943694e+01    9.9359814544e-01    9.9461839530e-01
       172   -4.5955634769e+01    1.4013540365e+00    2.0485579825e+03    2.0480000000e+03    0.0000000000e+00   -4.5924139141e+01    9.9392555234e-01    9.9609375000e-01
       173   -4.5942861924e+01    1.3026000786e+00    2.0564807585e+03    2.0560000000e+03    0.0000000000e+00   -4.5928281524e+01    9.9361923629e-01    9.9562256809e-01
       174   -4.5942942822e+01    1.3734663379e+00    2.0572926842e+03    2.0570000000e+03    0.0000000000e+00   -4.5929001010e+01    9.9396418261e-01    9.9659698590e-01
       175   -4.5943075245e+01    1.3791767087e+00    2.0582486000e+03    2.0580000000e+03    0.0000000000e+00   -4.5929622191e+01    9.9330595506e-01    9.9368318756e-01
       176   -4.5963721060e+01    1.3344024465e+00    2.0546409432e+03    2.0540000000e+03    0.0000000000e+00   -4.5927810427e+01    9.9424250628e-01    9.9756572541e-01
       177   -4.5988459424e+01    1.3689120049e+00    2.0599416469e+03    2.0590000000e+03    0.0000000000e+00   -4.5930374519e+01    9.9380883111e-01    9.9660029140e-01
       178   -4.5967687870e+01    1.3599728732e+00    2.0639187868e+03    2.0630000000e+03    0.0000000000e+00   -4.5932595783e+01    9.9449810247e-01    9.9563742123e-01
       179   -4.5961446547e+01    1.5051130592e+00    2.0606451814e+03    2.0600000000e+03    0.0000000000e+00   -4.5931594929e+01    9.9313890384e-01    9.9611650485e-01
       180   -4.5938141548e+01    1.4100075657e+00    2.0593457117e+03    2.0590000000e+03    0.0000000000e+00   -4.5931408911e+01    9.9373655304e-01    9.9660029140e-01
       181   -4.5950934255e+01    1.4601635098e+00    2.0542846007e+03    2.0540000000e+03    0.0000000000e+00   -4.5929228619e+01    9.9344752056e-01    9.9318403116e-01
       182   -4.5934806953e+01    1.4940191199e+00    2.0513485311e+03    2.0510000000e+03    0.0000000000e+00   -4.5927850355e+01    9.9355362838e-01    9.9561189664e-01
       183   -4.5955085779e+01    1.3652357605e+00    2.0493890375e+03    2.0490000000e+03    0.0000000000e+00   -4.5927046407e+01    9.9359370237e-01    9.9609565642e-01
       184   -4.5946305073e+01    1.3329514562e+00    2.0484590168e+03    2.0480000000e+03    0.0000000000e+00   -4.5926615528e+01    9.9361044401e-01    9.9560546875e-01
       185   -4.5935928560e+01    1.5264823634e+00    2.0462993920e+03    2.0460000000e+03    0.0000000000e+00   -4.5925834835e+01    9.9318688827e-01    9.9706744868e-01
       186   -4.5933630825e+01    1.3965246422e+00    2.0511293920e+03    2.0510000000e+03    0.0000000000e+00   -4.5928409161e+01    9.9345819791e-01    9.9463676255e-01
       187   -4.5929087172e+01    1.5758278053e+00    2.0470472684e+03    2.0470000000e+03    0.0000000000e+00   -4.5926518099e+01    9.9353383069e-01    9.9511480215e-01
       188   -4.5926368003e+01    1.3574418842e+00    2.0440291502e+03    2.0440000000e+03    0.0000000000e+00   -4.5925096223e+01    9.9320948242e-01    9.9755381605e-01
       189   -4.5939580228e+01    1.3042371489e+00    2.0461241564e+03    2.0460000000e+03    0.0000000000e+00   -4.5926087882e+01    9.9450451634e-01    9.9804496579e-01
       190   -4.5924406680e+01    1.4349043073e+00    2.0530649332e+03    2.0530000000e+03    0.0000000000e+00   -4.5929498707e+01    9.9396468990e-01    9.9220652703e-01
       191   -4.5963553492e+01    1.3856505295e+00    2.0433907805e+03    2.0430000000e+03    0.0000000000e+00   -4.5924698798e+01    9.9385615283e-01    9.9657366618e-01
       192   -4.5970019683e+01    1.7465665389e+00    2.0448122926e+03    2.0440000000e+03    0.0000000000e+00   -4.5925170151e+01    9.9356396491e-01    9.9363992172e-01
       193   -4.5981487393e+01    1.4532122951e+00    2.0421336758e+03    2.0410000000e+03    0.0000000000e+00   -4.5923939456e+01    9.9307399207e-01    9.9755022048e-01
       194   -4.5960220552e+01    1.4745703463e+00    2.0438865342e+03    2.0430000000e+03    0.0000000000e+00   -4.5925195878e+01    9.9448086909e-01    9.9363680861e-01
       195   -4.5927310128e+01    1.3993110418e+00    2.0364678664e+03    2.0360000000e+03    0.0000000000e+00   -4.5922111062e+01    9.9400407729e-01    9.9410609037e-01
       196   -4.5973145036e+01    1.4544819807e+00    2.0356958650e+03    2.0350000000e+03    0.0000000000e+00   -4.5921826403e+01    9.9346746621e-01    9.9557739558e-01
       197   -4.5980154926e+01    1.3933270290e+00    2.0391538541e+03    2.0380000000e+03    0.0000000000e+00   -4.5923293887e+01    9.9256014605e-01    9.9411187439e-01
       198   -4.5981798483e+01    1.3814544760e+00    2.0312137557e+03    2.0300000000e+03    0.0000000000e+00   -4.5919645279e+01    9.9406214100e-01    9.9605911330e-01
       199   -4.5965102620e+01    1.4386356510e+00    2.0330889011e+03    2.0320000000e+03    0.0000000000e+00   -4.5920955058e+01    9.9423804063e-01    9.9557086614e-01
       200   -4.5933125071e+01    1.4169868323e+00    2.0285934887e+03    2.0280000000e+03    0.0000000000e+00   -4.5919315866e+01    9.9333561961e-01    9.9654832347e-01
       201   -4.5938255929e+01    1.3939274168e+00    2.0302656954e+03    2.0300000000e+03    0.0000000000e+00   -4.5920525009e+01    9.9374698125e-01    9.9458128079e-01
       202   -4.5940459925e+01    1.2988096260e+00    2.0253977430e+03    2.0250000000e+03    0.0000000000e+00   -4.5918082201e+01    9.9384167558e-01    9.9901234568e-01
       203   -4.5955663788e+01    1.4215162030e+00    2.0295149829e+03    2.0290000000e+03    0.0000000000e+00   -4.5920110038e+01    9.9396253886e-01    9.9753573189e-01
       204   -4.5973406038e+01    1.2951549225e+00    2.0358590403e+03    2.0350000000e+03    0.0000000000e+00   -4.5923130048e+01    9.9331136867e-01    9.9410319410e-01
       205   -4.5947270410e+01    1.3965159398e+00    2.0307939493e+03    2.0300000000e+03    0.0000000000e+00   -4.5920828603e+01    9.9317013023e-01    9.9605911330e-01
       206   -4.5975167389e+01    1.3044076644e+00    2.0387783136e+03    2.0380000000e+03    0.0000000000e+00   -4.5925025296e+01    9.9419958679e-01    9.9656526006e-01
       207   -4.5968481350e+01    1.3259904635e+00    2.0459029338e+03    2.0450000000e+03    0.0000000000e+00   -4.5928558045e+01    9.9288804777e-01    9.9706601467e-01
       208   -4.5969108596e+01    1.3715695525e+00    2.0468069043e+03    2.0460000000e+03    0.0000000000e+00   -4.5929315634e+01    9.9410105410e-01    9.9804496579e-01
       209   -4.5980206531e+01    1.3880305207e+00    2.0528269554e+03    2.0520000000e+03    0.0000000000e+00   -4.5932469862e+01    9.9351050294e-01    9.9610136452e-01
       210   -4.5991844612e+01    1.4229846827e+00    2.0541140398e+03    2.0530000000e+03    0.0000000000e+00   -4.5933184073e+01    9.9282900716e-01    9.9561617146e-01
       211   -4.5971532936e+01    1.4522973230e+00    2.0599627911e+03    2.0590000000e+03    0.0000000000e+00   -4.5936391608e+01    9.9362931858e-01    9.9854298203e-01
       212   -4.6002986036e+01    1.3455030190e+00    2.0639316677e+03    2.0630000000e+03    0.0000000000e+00   -4.5938685959e+01    9.9431068815e-01    9.9612215221e-01
       213   -4.5970450185e+01    1.3450344265e+00    2.0629965952e+03    2.0620000000e+03    0.0000000000e+00   -4.5938433159e+01    9.9313226196e-01    9.9515033948e-01
       214   -4.5960735572e+01    1.3794931716e+00    2.0605663622e+03    2.0600000000e+03    0.0000000000e+00   -4.5937872903e+01    9.9411901706e-01    9.9126213592e-01
       215   -4.5947611794e+01    1.3833416965e+00    2.0494596449e+03    2.0490000000e+03    0.0000000000e+00   -4.5932738330e+01    9.9274083194e-01    9.9755978526e-01
       216   -4.5952290758e+01    1.2863366109e+00    2.0623319629e+03    2.0620000000e+03    0.0000000000e+00   -4.5939224695e+01    9.9423867754e-01    9.9466537342e-01
       217   -4.5962646233e+01    1.3388476423e+00    2.0604291739e+03    2.0600000000e+03    0.0000000000e+00   -4.5938340167e+01    9.9438598064e-01    9.9757281553e-01
       218   -4.5972167099e+01    1.8382256774e+00    2.0663936022e+03    2.0660000000e+03    0.0000000000e+00   -4.5941359751e+01    9.9342981821e-01    9.9515972894e-01
       219   -4.5960738836e+01    1.3412239539e+00    2.0633872943e+03    2.0630000000e+03    0.0000000000e+00   -4.5940074419e+01    9.9340776294e-01    9.9612215221e-01
       220   -4.5956824886e+01    1.3839950819e+00    2.0633328610e+03    2.0630000000e+03    0.0000000000e+00   -4.5940293254e+01    9.9426707807e-01    9.9660688318e-01
       221   -4.5975441355e+01    1.4993795483e+00    2.0624985188e+03    2.0620000000e+03    0.0000000000e+00   -4.5939961682e+01    9.9394451322e-01    9.9757516974e-01
       222   -4.5984700788e+01    1.4520026328e+00    2.0677616504e+03    2.0670000000e+03    0.0000000000e+00   -4.5942513665e+01    9.9418045314e-01    9.9709724238e-01
       223   -4.5935203957e+01    1.3143849605e+00    2.0712884324e+03    2.0710000000e+03    0.0000000000e+00   -4.5944677361e+01    9.9477946357e-01    9.9565427330e-01
       224   -4.5949418041e+01    1.5938900906e+00    2.0699528901e+03    2.0700000000e+03    0.0000000000e+00   -4.5944472600e+01    9.9332520594e-01    9.9613526570e-01
       225   -4.5954254071e+01    1.2687536632e+00    2.0711427417e+03    2.0710000000e+03    0.0000000000e+00   -4.5944963230e+01    9.9384088832e-01    9.9565427330e-01
       226   -4.5975579092e+01    1.4321614799e+00    2.0733723001e+03    2.0730000000e+03    0.0000000000e+00   -4.5946012474e+01    9.9354859365e-01    9.9710564399e-01
       227   -4.5946580787e+01    1.4140383870e+00    2.0762838365e+03    2.0760000000e+03    0.0000000000e+00   -4.5947567562e+01    9.9390382720e-01    9.9566473988e-01
       228   -4.5953277180e+01    1.5159567361e+00    2.0780454420e+03    2.0780000000e+03    0.0000000000e+00   -4.5948751717e+01    9.9368759884e-01    9.9566891242e-01
       229   -4.6001618472e+01    1.1945540117e+00    2.0836942411e+03    2.0830000000e+03    0.0000000000e+00   -4.5951220443e+01    9.9330230524e-01    9.9519923188e-01
       230   -4.6001737078e+01    1.3651757353e+00    2.0870507277e+03    2.0860000000e+03    0.0000000000e+00   -4.5952759649e+01    9.9450319165e-01    9.9856184084e-01
       231   -4.5987685051e+01    1.3633816899e+00    2.0937525123e+03    2.0930000000e+03    0.0000000000e+00   -4.5956461796e+01    9.9352591263e-01    9.9187768753e-01
       232   -4.6011684166e+01    1.4182544644e+00    2.0849805122e+03    2.0840000000e+03    0.0000000000e+00   -4.5952501487e+01    9.9448113553e-01    9.9472168906e-01
       233   -4.6011750883e+01    1.2361641790e+00    2.0852091454e+03    2.0840000000e+03    0.0000000000e+00   -4.5952774072e+01    9.9404475696e-01    9.9616122841e-01
       234   -4.6004156579e+01    1.3682440419e+00    2.0821721870e+03    2.0810000000e+03    0.0000000000e+00   -4.5951726977e+01    9.9389003856e-01    9.9759730899e-01
       235   -4.5990881998e+01    1.4539255961e+00    2.0838620806e+03    2.0830000000e+03    0.0000000000e+00   -4.5953077381e+01    9.9369840445e-01    9.9663946231e-01
       236   -4.5988265462e+01    1.3953567682e+00    2.0807462885e+03    2.0800000000e+03    0.0000000000e+00   -4.5951983177e+01    9.9353981023e-01    9.9711538462e-01
       237   -4.5947808285e+01    1.3749620652e+00    2.0882882643e+03    2.0880000000e+03    0.0000000000e+00   -4.5956098110e+01    9.9268612253e-01    9.9616858238e-01
       238   -4.5981666510e+01    1.2823979070e+00    2.0901746178e+03    2.0900000000e+03    0.0000000000e+00   -4.5957315660e+01    9.9400409725e-01    9.9617224880e-01
       239   -4.5947182005e+01    1.3374560446e+00    2.0921651465e+03    2.0920000000e+03    0.0000000000e+00   -4.5958326376e+01    9.9298067388e-01    9.9474187380e-01
       240   -4.5972671910e+01    1.7628412890e+00    2.0839963440e+03    2.0840000000e+03    0.0000000000e+00   -4.5954717938e+01    9.9260206360e-01    9.9664107486e-01
       241   -4.5976066202e+01    1.2421701000e+00    2.0863030987e+03    2.0860000000e+03    0.0000000000e+00   -4.5955726373e+01    9.9352903114e-01    9.9568552253e-01
       242   -4.5970457253e+01    1.3418793106e+00    2.0843652976e+03    2.0840000000e+03    0.0000000000e+00   -4.5954942042e+01    9.9337209137e-01    9.9616122841e-01
       243   -4.5994541805e+01    1.4173541541e+00    2.0835775976e+03    2.0830000000e+03    0.0000000000e+00   -4.5954651980e+01    9.9419583521e-01    9.9759961594e-01
       244   -4.5938427629e+01    1.5461870891e+00    2.0831918780e+03    2.0830000000e+03    0.0000000000e+00   -4.5954812522e+01    9.9389235652e-01    9.9903984638e-01
       245   -4.5967836487e+01    1.3654828540e+00    2.0868872238e+03    2.0870000000e+03    0.0000000000e+00   -4.5957007450e+01    9.9360945827e-01    9.9520843316e-01
       246   -4.5970320105e+01    1.4199755605e+00    2.0832728060e+03    2.0830000000e+03    0.0000000000e+00   -4.5955090364e+01    9.9318162966e-01    9.9711953913e-01
       247   -4.5950643766e+01    1.4149452691e+00    2.0870636178e+03    2.0870000000e+03    0.0000000000e+00   -4.5957152267e+01    9.9414181893e-01    9.9472927647e-01
       248   -4.5972334588e+01    1.3799453825e+00    2.0871156154e+03    2.0870000000e+03    0.0000000000e+00   -4.5957306266e+01    9.9356286427e-01    9.9377096310e-01
       249   -4.5970862114e+01    1.3664736897e+00    2.0793416036e+03    2.0790000000e+03    0.0000000000e+00   -4.5953524027e+01    9.9402642793e-01    9.9807599808e-01
       250   -4.5966349616e+01    1.3599191307e+00    2.0842169529e+03    2.0840000000e+03    0.0000000000e+00   -4.5956087255e+01    9.9355281643e-01    9.9568138196e-01
       251   -4.5957350513e+01    1.6037498940e+00    2.0820247013e+03    2.0820000000e+03    0.0000000000e+00   -4.5955279709e+01    9.9380395509e-01    9.9615754083e-01
       252   -4.5960860304e+01    1.6393692195e+00    2.0808228935e+03    2.0810000000e+03    0.0000000000e+00   -4.5954929170e+01    9.9346337174e-01    9.9615569438e-01
       253   -4.5922417867e+01    1.4519778240e+00    2.0795725859e+03    2.0800000000e+03    0.0000000000e+00   -4.5954534930e+01    9.9433334619e-01    9.9759615385e-01
       254   -4.5925991061e+01    1.3381279212e+00    2.0823324832e+03    2.0830000000e+03    0.0000000000e+00   -4.5956078206e+01    9.9328209310e-01    9.9711953913e-01
       255   -4.5947310106e+01    1.3931640673e+00    2.0865486783e+03    2.0870000000e+03    0.0000000000e+00   -4.5957918928e+01    9.9356679447e-01    9.9808337326e-01
       256   -4.5960410385e+01    1.5026455339e+00    2.0968614002e+03    2.0970000000e+03    0.0000000000e+00   -4.5962638571e+01    9.9379597178e-01    9.9427753934e-01
       257   -4.5917087744e+01    1.3168006401e+00    2.0925974570e+03    2.0930000000e+03    0.0000000000e+00   -4.5960767583e+01    9.9425447330e-01    9.9761108457e-01
       258   -4.5915162553e+01    1.3163358128e+00    2.0930376803e+03    2.0940000000e+03    0.0000000000e+00   -4.5961343314e+01    9.9421303333e-01    9.9617956065e-01
       259   -4.5961715073e+01    1.3845107332e+00    2.0925239733e+03    2.0930000000e+03    0.0000000000e+00   -4.5960764991e+01    9.9354651181e-01    9.9426660296e-01
       260   -4.5936220017e+01    1.4532981088e+00    2.0868020168e+03    2.0870000000e+03    0.0000000000e+00   -4.5957785686e+01    9.9427726730e-01    9.9616674653e-01
       261   -4.5942540240e+01    1.3154426906e+00    2.0836035812e+03    2.0840000000e+03    0.0000000000e+00   -4.5956450319e+01    9.9327701917e-01    9.9568138196e-01
       262   -4.5952326342e+01    1.3931076100e+00    2.0858552479e+03    2.0860000000e+03    0.0000000000e+00   -4.5957396917e+01    9.9294739185e-01    9.9712368169e-01
       263   -4.5969955814e+01    1.4932123480e+00    2.0870674776e+03    2.0870000000e+03    0.0000000000e+00   -4.5957892009e+01    9.9355320933e-01    9.9664590321e-01
       264   -4.5960382004e+01    1.3848333914e+00    2.0910799403e+03    2.0910000000e+03    0.0000000000e+00   -4.5959866169e+01    9.9365286796e-01    9.9569583931e-01
       265   -4.5991686458e+01    3.9115512181e+00    2.0869678550e+03    2.0870000000e+03    0.0000000000e+00   -4.5958088569e+01    9.9400501537e-01    9.9808337326e-01
       266   -4.5951719622e+01    1.5453464469e+00    2.0907493977e+03    2.0910000000e+03    0.0000000000e+00   -4.5960096978e+01    9.9383868026e-01    9.9569583931e-01
       267   -4.5955350835e+01    1.2610010270e+00    2.0887867527e+03    2.0890000000e+03    0.0000000000e+00   -4.5959370737e+01    9.9429669229e-01    9.9712781235e-01
       268   -4.5924400645e+01    1.2044988382e+00    2.0865621782e+03    2.0870000000e+03    0.0000000000e+00   -4.5958466263e+01    9.9335452402e-01    9.9616674653e-01
       269   -4.5928133499e+01    1.4456504494e+00    2.0853228275e+03    2.0860000000e+03    0.0000000000e+00   -4.5958055762e+01    9.9404083544e-01    9.9760306807e-01
       270   -4.5889592868e+01    2.1452926483e+00    2.0898910790e+03    2.0910000000e+03    0.0000000000e+00   -4.5960383432e+01    9.9393498254e-01    9.9378287901e-01
       271   -4.5900849447e+01    1.4610670078e+00    2.0846891583e+03    2.0860000000e+03    0.0000000000e+00   -4.5957939710e+01    9.9425175627e-01    9.9328859060e-01
       272   -4.5954337134e+01    1.4558042109e+00    2.0794542179e+03    2.0800000000e+03    0.0000000000e+00   -4.5954843892e+01    9.9305307341e-01    9.9519230769e-01
       273   -4.5950576176e+01    1.3302384310e+00    2.0749982575e+03    2.0750000000e+03    0.0000000000e+00   -4.5952271958e+01    9.9392029582e-01    9.9807228916e-01
       274   -4.5936847682e+01    1.2836454810e+00    2.0767347033e+03    2.0770000000e+03    0.0000000000e+00   -4.5953300147e+01    9.9344256992e-01    9.9662975445e-01
       275   -4.5929772238e+01    1.3376274294e+00    2.0755778758e+03    2.0760000000e+03    0.0000000000e+00   -4.5952866809e+01    9.9348073173e-01    9.9566473988e-01
       276   -4.5934556101e+01    1.3640263645e+00    2.0696155919e+03    2.0700000000e+03    0.0000000000e+00   -4.5949962113e+01    9.9456751892e-01    9.9710144928e-01
       277   -4.5917389561e+01    1.3846678032e+00    2.0734362001e+03    2.0740000000e+03    0.0000000000e+00   -4.5951852510e+01    9.9381749869e-01    9.9276759884e-01
       278   -4.5940327114e+01    1.3310908246e+00    2.0676638029e+03    2.0680000000e+03    0.0000000000e+00   -4.5948935689e+01    9.9476570460e-01    9.9613152805e-01
       279   -4.5959660378e+01    1.2896926830e+00    2.0740004075e+03    2.0740000000e+03    0.0000000000e+00   -4.5951741512e+01    9.9376053495e-01    9.9710703954e-01
       280   -4.5934978349e+01    1.5742240913e+00    2.0768271038e+03    2.0770000000e+03    0.0000000000e+00   -4.5953191951e+01    9.9432716355e-01    9.9711121810e-01
       281   -4.5955496525e+01    1.4800869756e+00    2.0767595963e+03    2.0770000000e+03    0.0000000000e+00   -4.5953277135e+01    9.9355473221e-01    9.9759268175e-01
       282   -4.5936086527e+01    1.3103405005e+00    2.0767904244e+03    2.0770000000e+03    0.0000000000e+00   -4.5953259623e+01    9.9384041084e-01    9.9422243621e-01
       283   -4.5941419368e+01    1.3317671172e+00    2.0727782373e+03    2.0730000000e+03    0.0000000000e+00   -4.5951398980e+01    9.9367902172e-01    9.9517607332e-01
       284   -4.5944224373e+01    1.3190421395e+00    2.0748124263e+03    2.0750000000e+03    0.0000000000e+00   -4.5952350270e+01    9.9435786635e-01    9.9566265060e-01
       285   -4.5899630527e+01    1.9417032172e+00    2.0753563105e+03    2.0760000000e+03    0.0000000000e+00   -4.5952840925e+01    9.9406653447e-01    9.9470134875e-01
       286   -4.5925730984e+01    1.2726031826e+00    2.0702224971e+03    2.0710000000e+03    0.0000000000e+00   -4.5950449716e+01    9.9276658909e-01    9.9517141478e-01
       287   -4.5926537249e+01    1.3838468840e+00    2.0665364870e+03    2.0670000000e+03    0.0000000000e+00   -4.5948355882e+01    9.9346354294e-01    9.9709724238e-01
       288   -4.5932142809e+01    1.3093744935e+00    2.0665765504e+03    2.0670000000e+03    0.0000000000e+00   -4.5948301889e+01    9.9390078636e-01    9.9709724238e-01
       289   -4.5932522524e+01    1.2759927715e+00    2.0736192534e+03    2.0740000000e+03    0.0000000000e+00   -4.5951632397e+01    9.9348225972e-01    9.9566055931e-01
       290   -4.5939244559e+01    1.3784241906e+00    2.0737252492e+03    2.0740000000e+03    0.0000000000e+00   -4.5951604900e+01    9.9409250158e-01    9.9710703954e-01
       291   -4.5979297836e+01    1.3475094156e+00    2.0830973925e+03    2.0830000000e+03    0.0000000000e+00   -4.5955909188e+01    9.9289761842e-01    9.9759961594e-01
       292   -4.5945011257e+01    1.2882018164e+00    2.0850792729e+03    2.0850000000e+03    0.0000000000e+00   -4.5956869995e+01    9.9405380456e-01    9.9376498801e-01
       293   -4.5961540350e+01    1.3352275991e+00    2.0789845479e+03    2.0790000000e+03    0.0000000000e+00   -4.5954147567e+01    9.9314291708e-01    9.9422799423e-01
       294   -4.5956457493e+01    1.2567686940e+00    2.0731422331e+03    2.0730000000e+03    0.0000000000e+00   -4.5951280569e+01    9.9379261889e-01    9.9565846599e-01
       295   -4.5975545962e+01    1.3519791145e+00    2.0683312455e+03    2.0680000000e+03    0.0000000000e+00   -4.5948953508e+01    9.9445840103e-01    9.9854932302e-01
       296   -4.5945668822e+01    1.3103368904e+00    2.0740985317e+03    2.0740000000e+03    0.0000000000e+00   -4.5951917935e+01    9.9337630057e-01    9.9469623915e-01
       297   -4.5964004599e+01    1.2291402241e+00    2.0711465697e+03    2.0710000000e+03    0.0000000000e+00   -4.5950611433e+01    9.9308874048e-01    9.9855142443e-01
       298   -4.5950627474e+01    1.3096868431e+00    2.0750470144e+03    2.0750000000e+03    0.0000000000e+00   -4.5952565133e+01    9.9399016146e-01    9.9759036145e-01
       299   -4.5946981219e+01    1.2567242147e+00    2.0768743083e+03    2.0770000000e+03    0.0000000000e+00   -4.5953623261e+01    9.9396943579e-01    9.9759268175e-01
       300   -4.5938507729e+01    1.2512585160e+00    2.0866988509e+03    2.0870000000e+03    0.0000000000e+00   -4.5958468902e+01    9.9372172029e-01    9.9760421658e-01
       301   -4.5945556602e+01    1.3381408899e+00    2.0916028020e+03    2.0920000000e+03    0.0000000000e+00   -4.5960890082e+01    9.9365061296e-01    9.9713193117e-01
       302   -4.5968027534e+01    1.4330118142e+00    2.0928776871e+03    2.0930000000e+03    0.0000000000e+00   -4.5961363683e+01    9.9321114229e-01    9.9569995222e-01
       303   -4.5929860744e+01    1.2545144377e+00    2.0868081450e+03    2.0870000000e+03    0.0000000000e+00   -4.5958515407e+01    9.9344496675e-01    9.9520843316e-01
       304   -4.5953477742e+01    1.2545696118e+00    2.0806641750e+03    2.0810000000e+03    0.0000000000e+00   -4.5955743811e+01    9.9415260154e-01    9.9615569438e-01
       305   -4.5950244745e+01    1.2630658842e+00    2.0848939219e+03    2.0850000000e+03    0.0000000000e+00   -4.5957626767e+01    9.9240402560e-01    9.9520383693e-01
       306   -4.5956433232e+01    1.4190361378e+00    2.0839661804e+03    2.0840000000e+03    0.0000000000e+00   -4.5957198750e+01    9.9343684734e-01    9.9664107486e-01
       307   -4.5951697561e+01    1.2763256578e+00    2.0810317932e+03    2.0810000000e+03    0.0000000000e+00   -4.5955797393e+01    9.9352289163e-01    9.9807784719e-01
       308   -4.5949364756e+01    1.2429820199e+00    2.0848064600e+03    2.0850000000e+03    0.0000000000e+00   -4.5957779718e+01    9.9360567601e-01    9.9424460432e-01
       309   -4.6012428895e+01    1.3955743023e+00    2.0805906933e+03    2.0800000000e+03    0.0000000000e+00   -4.5955422708e+01    9.9395544061e-01    9.9663461538e-01
       310   -4.5971952207e+01    1.2888880651e+00    2.0797613731e+03    2.0790000000e+03    0.0000000000e+00   -4.5954976809e+01    9.9405733888e-01    9.9663299663e-01
       311   -4.5992112034e+01    1.3699461466e+00    2.0855378732e+03    2.0850000000e+03    0.0000000000e+00   -4.5958126093e+01    9.9341034452e-01    9.9568345324e-01
       312   -4.5990681845e+01    1.3851052461e+00    2.0867121555e+03    2.0860000000e+03    0.0000000000e+00   -4.5958722253e+01    9.9260796848e-01    9.9568552253e-01
       313   -4.5978905098e+01    1.3746803560e+00    2.0825616409e+03    2.0820000000e+03    0.0000000000e+00   -4.5956992516e+01    9.9392823215e-01    9.9663784822e-01
       314   -4.5977775085e+01    1.3196516541e+00    2.0814094614e+03    2.0810000000e+03    0.0000000000e+00   -4.5956695140e+01    9.9436329349e-01    9.9615569438e-01
       315   -4.5925691043e+01    1.2386455211e+00    2.0779269647e+03    2.0780000000e+03    0.0000000000e+00   -4.5955391375e+01    9.9385138667e-01    9.9759384023e-01
       316   -4.5888154765e+01    1.3910931180e+00    2.0789373345e+03    2.0800000000e+03    0.0000000000e+00   -4.5956487166e+01    9.9388702634e-01    9.9567307692e-01
       317   -4.5910721243e+01    1.3481513671e+00    2.0728309197e+03    2.0740000000e+03    0.0000000000e+00   -4.5953543176e+01    9.9387766641e-01    9.9469623915e-01
       318   -4.5920956830e+01    1.3583608579e+00    2.0682766545e+03    2.0690000000e+03    0.0000000000e+00   -4.5950939634e+01    9.9353297295e-01    9.9516674722e-01
       319   -4.5924730190e+01    1.3680481882e+00    2.0734560065e+03    2.0740000000e+03    0.0000000000e+00   -4.5953245758e+01    9.9421684379e-01    9.9614271938e-01
       320   -4.5923350283e+01    1.2564132388e+00    2.0763906842e+03    2.0770000000e+03    0.0000000000e+00   -4.5954620931e+01    9.9440091960e-01    9.9711121810e-01
       321   -4.5918765297e+01    1.4523020957e+00    2.0782300804e+03    2.0790000000e+03    0.0000000000e+00   -4.5955527061e+01    9.9351755361e-01    9.9422799423e-01
       322   -4.5925182394e+01    1.3065266893e+00    2.0743826220e+03    2.0750000000e+03    0.0000000000e+00   -4.5953540378e+01    9.9369662747e-01    9.9710843373e-01
       323   -4.5916520633e+01    1.3028941403e+00    2.0732783024e+03    2.0740000000e+03    0.0000000000e+00   -4.5952981734e+01    9.9363770691e-01    9.9517839923e-01
       324   -4.5924184009e+01    1.3809658463e+00    2.0713235003e+03    2.0720000000e+03    0.0000000000e+00   -4.5951963484e+01    9.9368350416e-01    9.9806949807e-01
       325   -4.5928852617e+01    1.2962817083e+00    2.0794150922e+03    2.0800000000e+03    0.0000000000e+00   -4.5955733572e+01    9.9438055990e-01    9.9567307692e-01
       326   -4.5968828672e+01    1.2497431620e+00    2.0778681189e+03    2.0780000000e+03    0.0000000000e+00   -4.5954715468e+01    9.9390874844e-01    9.9470644851e-01
       327   -4.5955108018e+01    1.4874623580e+00    2.0722221799e+03    2.0720000000e+03    0.0000000000e+00   -4.5951784455e+01    9.9442982939e-01    9.9662162162e-01
       328   -4.5971428360e+01    1.4230267037e+00    2.0752055276e+03    2.0750000000e+03    0.0000000000e+00   -4.5953330919e+01    9.9356067588e-01    9.9469879518e-01
       329   -4.5936977945e+01    1.3908173971e+00    2.0790590843e+03    2.0790000000e+03    0.0000000000e+00   -4.5955308244e+01    9.9424587625e-01    9.9470899471e-01
       330   -4.5917373679e+01    1.3386185501e+00    2.0764876299e+03    2.0770000000e+03    0.0000000000e+00   -4.5954453171e+01    9.9457273547e-01    9.9277804526e-01
       331   -4.5938281933e+01    1.3478697090e+00    2.0675310447e+03    2.0680000000e+03    0.0000000000e+00   -4.5950098849e+01    9.9357704254e-01    9.9564796905e-01
       332   -4.5952565837e+01    1.3524508162e+00    2.0698802953e+03    2.0700000000e+03    0.0000000000e+00   -4.5950986709e+01    9.9396035108e-01    9.9951690821e-01
       333   -4.5956022402e+01    1.3410438498e+00    2.0729591489e+03    2.0730000000e+03    0.0000000000e+00   -4.5952428041e+01    9.9435724767e-01    9.9179932465e-01
       334   -4.5983645896e+01    1.4256935693e+00    2.0654849942e+03    2.0650000000e+03    0.0000000000e+00   -4.5948603172e+01    9.9323095867e-01    9.9418886199e-01
       335   -4.5990699573e+01    1.4473412509e+00    2.0618581756e+03    2.0610000000e+03    0.0000000000e+00   -4.5946717420e+01    9.9305851105e-01    9.9660359049e-01
       336   -4.5976515327e+01    1.5872188283e+00    2.0597884535e+03    2.0590000000e+03    0.0000000000e+00   -4.5945892681e+01    9.9334651297e-01    9.9708596406e-01
       337   -4.5993476019e+01    1.5478558597e+00    2.0636524015e+03    2.0630000000e+03    0.0000000000e+00   -4.5948002388e+01    9.9353123165e-01    9.9418322831e-01
       338   -4.6007451522e+01    1.3839293491e+00    2.0590043234e+03    2.0580000000e+03    0.0000000000e+00   -4.5945695961e+01    9.9421092980e-01    9.9514091351e-01
       339   -4.5996883258e+01    1.6026956886e+00    2.0570840796e+03    2.0560000000e+03    0.0000000000e+00   -4.5944899761e+01    9.9409137536e-01    9.9610894942e-01
       340   -4.6002252829e+01    1.3992007991e+00    2.0590129832e+03    2.0580000000e+03    0.0000000000e+00   -4.5946093553e+01    9.9436780630e-01    9.9562682216e-01
       341   -4.5993165026e+01    1.4025879081e+00    2.0600971404e+03    2.0590000000e+03    0.0000000000e+00   -4.5946764262e+01    9.9388637482e-01    9.9514327343e-01
       342   -4.5950924903e+01    1.3831979066e+00    2.0614974325e+03    2.0610000000e+03    0.0000000000e+00   -4.5947936611e+01    9.9361031332e-01    9.9563318777e-01
       343   -4.6015134718e+01    1.3311407010e+00    2.0607370343e+03    2.0600000000e+03    0.0000000000e+00   -4.5947621443e+01    9.9376875076e-01    9.9611650485e-01
       344   -4.5983118543e+01    1.3934202077e+00    2.0570609289e+03    2.0560000000e+03    0.0000000000e+00   -4.5945707893e+01    9.9308148431e-01    9.9659533074e-01
       345   -4.5993933479e+01    1.3880783444e+00    2.0558802708e+03    2.0550000000e+03    0.0000000000e+00   -4.5945461805e+01    9.9310417849e-01    9.9513381995e-01
       346   -4.6002196160e+01    1.3541956096e+00    2.0540915200e+03    2.0530000000e+03    0.0000000000e+00   -4.5944622307e+01    9.9391897080e-01    9.9707744764e-01
       347   -4.5989278258e+01    1.3661959691e+00    2.0550691836e+03    2.0540000000e+03    0.0000000000e+00   -4.5945277846e+01    9.9452601388e-01    9.9610516066e-01
       348   -4.5960412940e+01    1.3310084922e+00    2.0515850289e+03    2.0510000000e+03    0.0000000000e+00   -4.5944010511e+01    9.9323420585e-01    9.9707459776e-01
       349   -4.5961203194e+01    1.4415425521e+00    2.0502946301e+03    2.0500000000e+03    0.0000000000e+00   -4.5943674060e+01    9.9411535786e-01    9.9658536585e-01
       350   -4.5961487763e+01    1.4201596413e+00    2.0523371879e+03    2.0520000000e+03    0.0000000000e+00   -4.5944706339e+01    9.9335754364e-01    9.9658869396e-01
       351   -4.5955568434e+01    1.4406936460e+00    2.0522659028e+03    2.0520000000e+03    0.0000000000e+00   -4.5944765657e+01    9.9343622324e-01    9.9756335283e-01
       352   -4.5967575244e+01    1.3617210621e+00    2.0512783164e+03    2.0510000000e+03    0.0000000000e+00   -4.5944338060e+01    9.9338936317e-01    9.9707459776e-01
       353   -4.5996773762e+01    1.4928013058e+00    2.0526980207e+03    2.0520000000e+03    0.0000000000e+00   -4.5944866064e+01    9.9436195872e-01    9.9853801170e-01
       354   -4.5961839988e+01    1.3822128518e+00    2.0596129072e+03    2.0590000000e+03    0.0000000000e+00   -4.5948350101e+01    9.9362456631e-01    9.9660029140e-01
       355   -4.5948413841e+01    1.4087023502e+00    2.0601254825e+03    2.0600000000e+03    0.0000000000e+00   -4.5949006387e+01    9.9286886539e-01    9.9271844660e-01
       356   -4.5921187268e+01    1.3975818791e+00    2.0558722814e+03    2.0560000000e+03    0.0000000000e+00   -4.5947121853e+01    9.9388346619e-01    9.9708171206e-01
       357   -4.5944431885e+01    1.3801300224e+00    2.0556589277e+03    2.0560000000e+03    0.0000000000e+00   -4.5947138227e+01    9.9354739238e-01    9.9367704280e-01
       358   -4.5925430392e+01    1.8943079346e+00    2.0468365957e+03    2.0470000000e+03    0.0000000000e+00   -4.5942681839e+01    9.9317923171e-01    9.9804592086e-01
       359   -4.5950027030e+01    1.3225199779e+00    2.0497766109e+03    2.0500000000e+03    0.0000000000e+00   -4.5944150281e+01    9.9323453647e-01    9.9707317073e-01
       360   -4.5972691772e+01    1.3340098910e+00    2.0542918876e+03    2.0540000000e+03    0.0000000000e+00   -4.5946044150e+01    9.9412180111e-01    9.9367088608e-01
       361   -4.5959957839e+01    1.2742010520e+00    2.0525038015e+03    2.0520000000e+03    0.0000000000e+00   -4.5945091487e+01    9.9334280997e-01    9.9171539961e-01
       362   -4.5938454560e+01    2.1238508790e+00    2.0402007531e+03    2.0400000000e+03    0.0000000000e+00   -4.5939318142e+01    9.9314990469e-01    9.9656862745e-01
       363   -4.5959511551e+01    1.4294525248e+00    2.0403207739e+03    2.0400000000e+03    0.0000000000e+00   -4.5939369925e+01    9.9233376319e-01    9.9362745098e-01
       364   -4.5976419706e+01    1.5266829982e+00    2.0326486900e+03    2.0320000000e+03    0.0000000000e+00   -4.5935425742e+01    9.9428169047e-01    9.9409448819e-01
       365   -4.5945966017e+01    1.3121993971e+00    2.0305652706e+03    2.0300000000e+03    0.0000000000e+00   -4.5934490982e+01    9.9281706638e-01    9.9507389163e-01
       366   -4.5968217077e+01    1.3154559118e+00    2.0245127586e+03    2.0240000000e+03    0.0000000000e+00   -4.5931632477e+01    9.9385649014e-01    9.9555335968e-01
       367   -4.5930839028e+01    1.2501328656e+00    2.0263686724e+03    2.0260000000e+03    0.0000000000e+00   -4.5932627916e+01    9.9320594262e-01    9.9605133268e-01
       368   -4.5924049495e+01    1.3031102287e+00    2.0268762171e+03    2.0270000000e+03    0.0000000000e+00   -4.5933196953e+01    9.9402645035e-01    9.9555994080e-01
       369   -4.5926568634e+01    1.4968850658e+00    2.0268528030e+03    2.0270000000e+03    0.0000000000e+00   -4.5933158459e+01    9.9397313231e-01    9.9802664036e-01
       370   -4.5915618456e+01    1.3496924152e+00    2.0307638631e+03    2.0310000000e+03    0.0000000000e+00   -4.5935071038e+01    9.9314355230e-01    9.9753815854e-01
       371   -4.5893179651e+01    1.3604038539e+00    2.0373266778e+03    2.0380000000e+03    0.0000000000e+00   -4.5938460821e+01    9.9425429435e-01    9.9705593719e-01
       372   -4.5916941622e+01    1.3208160568e+00    2.0392853471e+03    2.0400000000e+03    0.0000000000e+00   -4.5939358148e+01    9.9333196007e-01    9.9558823529e-01
       373   -4.5916301293e+01    1.4260295158e+00    2.0395640381e+03    2.0400000000e+03    0.0000000000e+00   -4.5939207721e+01    9.9297445875e-01    9.9411764706e-01
       374   -4.5932561092e+01    1.5991034912e+00    2.0347234718e+03    2.0350000000e+03    0.0000000000e+00   -4.5936675348e+01    9.9329778713e-01    9.9754299754e-01
       375   -4.5914871660e+01    1.4582317529e+00    2.0396718510e+03    2.0400000000e+03    0.0000000000e+00   -4.5939049511e+01    9.9324188358e-01    9.9656862745e-01
       376   -4.5947058748e+01    1.4121146862e+00    2.0418050293e+03    2.0420000000e+03    0.0000000000e+00   -4.5939998463e+01    9.9294600383e-01    9.9608227228e-01
       377   -4.5927116463e+01    1.3274530021e+00    2.0389370214e+03    2.0390000000e+03    0.0000000000e+00   -4.5938444969e+01    9.9427177420e-01    9.9509563512e-01
       378   -4.5929764678e+01    1.3678701285e+00    2.0378131232e+03    2.0380000000e+03    0.0000000000e+00   -4.5937966866e+01    9.9412667883e-01    9.9509322866e-01
       379   -4.5927061068e+01    1.3039697374e+00    2.0348370486e+03    2.0350000000e+03    0.0000000000e+00   -4.5936447304e+01    9.9342645807e-01    9.9754299754e-01
       380   -4.5948167794e+01    2.0907179161e+00    2.0357686800e+03    2.0360000000e+03    0.0000000000e+00   -4.5936900200e+01    9.9319531618e-01    9.9754420432e-01
       381   -4.5904116763e+01    1.2898370704e+00    2.0385774396e+03    2.0390000000e+03    0.0000000000e+00   -4.5938326506e+01    9.9386858446e-01    9.9607650809e-01
       382   -4.5924670692e+01    1.3732829444e+00    2.0365404471e+03    2.0370000000e+03    0.0000000000e+00   -4.5937361049e+01    9.9373710307e-01    9.9558173785e-01
       383   -4.5895185263e+01    1.3192081802e+00    2.0354575536e+03    2.0360000000e+03    0.0000000000e+00   -4.5936757387e+01    9.9317526443e-01    9.9607072692e-01
       384   -4.5899783261e+01    1.3638055916e+00    2.0342118659e+03    2.0350000000e+03    0.0000000000e+00   -4.5936213889e+01    9.9459633798e-01    9.9606879607e-01
       385   -4.5903429090e+01    1.3435607425e+00    2.0293157305e+03    2.0300000000e+03    0.0000000000e+00   -4.5933616482e+01    9.9312973459e-01    9.9655172414e-01
       386   -4.5899633394e+01    1.4878805268e+00    2.0263365493e+03    2.0270000000e+03    0.0000000000e+00   -4.5932014258e+01    9.9360341326e-01    9.9753330044e-01
       387   -4.5902796625e+01    1.3589849109e+00    2.0293137226e+03    2.0300000000e+03    0.0000000000e+00   -4.5933381103e+01    9.9438814324e-01    9.9605911330e-01
       388   -4.5908803140e+01    2.6968116802e+00    2.0284082917e+03    2.0290000000e+03    0.0000000000e+00   -4.5932766027e+01    9.9354737526e-01    9.9802858551e-01
       389   -4.5938019703e+01    1.3606511148e+00    2.0356787851e+03    2.0360000000e+03    0.0000000000e+00   -4.5936097486e+01    9.9433027889e-01    9.9607072692e-01
       390   -4.5965211435e+01    1.3546182599e+00    2.0392867376e+03    2.0390000000e+03    0.0000000000e+00   -4.5937475105e+01    9.9394752295e-01    9.9558607160e-01
       391   -4.5992693140e+01    1.4271596966e+00    2.0467994145e+03    2.0460000000e+03    0.0000000000e+00   -4.5940891284e+01    9.9499958526e-01    9.9608993157e-01
       392   -4.5949904965e+01    1.2924599965e+00    2.0456091344e+03    2.0450000000e+03    0.0000000000e+00   -4.5940468722e+01    9.9400896771e-01    9.9559902200e-01
       393   -4.5966845574e+01    1.3081273660e+00    2.0463734501e+03    2.0460000000e+03    0.0000000000e+00   -4.5941101392e+01    9.9372949407e-01    9.9608993157e-01
       394   -4.5957180305e+01    1.6489325929e+00    2.0464343063e+03    2.0460000000e+03    0.0000000000e+00   -4.5941123501e+01    9.9358748738e-01    9.9804496579e-01
       395   -4.5945589878e+01    1.3679495922e+00    2.0520952722e+03    2.0520000000e+03    0.0000000000e+00   -4.5944121465e+01    9.9334796437e-01    9.9951267057e-01
       396   -4.5925610004e+01    1.3813505062e+00    2.0626717674e+03    2.0630000000e+03    0.0000000000e+00   -4.5949509935e+01    9.9340228386e-01    9.9563742123e-01
       397   -4.5957001552e+01    1.4025204556e+00    2.0638502303e+03    2.0640000000e+03    0.0000000000e+00   -4.5950004009e+01    9.9463321480e-01    9.9612403101e-01
       398   -4.5934576184e+01    1.2565047636e+00    2.0669224619e+03    2.0670000000e+03    0.0000000000e+00   -4.5951410040e+01    9.9369665564e-01    9.9516207063e-01
       399   -4.5944334692e+01    1.3600521621e+00    2.0677723289e+03    2.0680000000e+03    0.0000000000e+00   -4.5951935014e+01    9.9403669538e-01    9.9371373308e-01

