#  Lmax = 1 nonlocal L channels1
#  Units = bohr hartree 
#  r  -r*V/zeff   Vnl ... 
2.210000000000e-03       2.398018095866e-02       0.000000000000e+00
1.921000000000e-02       2.068274626559e-01       0.000000000000e+00
3.621000000000e-02       3.822676962300e-01       0.000000000000e+00
5.321000000000e-02       5.446413607145e-01       0.000000000000e+00
7.021000000000e-02       6.894753683840e-01       0.000000000000e+00
8.721000000000e-02       8.136689585135e-01       0.000000000000e+00
1.042100000000e-01       9.155588532738e-01       0.000000000000e+00
1.212100000000e-01       9.948668049143e-01       0.000000000000e+00
1.382100000000e-01       1.052546406806e+00       0.000000000000e+00
1.552100000000e-01       1.090552674457e+00       0.000000000000e+00
1.722100000000e-01       1.111564424130e+00       0.000000000000e+00
1.892100000000e-01       1.118690399078e+00       0.000000000000e+00
2.062100000000e-01       1.115187395535e+00       0.000000000000e+00
2.232100000000e-01       1.104213964617e+00       0.000000000000e+00
2.402100000000e-01       1.088635744668e+00       0.000000000000e+00
2.572100000000e-01       1.070890904336e+00       0.000000000000e+00
2.742100000000e-01       1.052916374075e+00       0.000000000000e+00
2.912100000000e-01       1.036129837692e+00       0.000000000000e+00
3.082100000000e-01       1.021457138382e+00       0.000000000000e+00
3.252100000000e-01       1.009392988527e+00       0.000000000000e+00
3.422100000000e-01       1.000081746476e+00       0.000000000000e+00
3.592100000000e-01       9.934060549874e-01       0.000000000000e+00
3.762100000000e-01       9.890734593477e-01       0.000000000000e+00
3.932100000000e-01       9.866934435201e-01       0.000000000000e+00
4.102100000000e-01       9.858404994638e-01       0.000000000000e+00
4.272100000000e-01       9.861012683419e-01       0.000000000000e+00
4.442100000000e-01       9.871060231565e-01       0.000000000000e+00
4.612100000000e-01       9.885462200419e-01       0.000000000000e+00
4.782100000000e-01       9.901808156284e-01       0.000000000000e+00
4.952100000000e-01       9.918343076361e-01       0.000000000000e+00
5.122100000000e-01       9.933894138561e-01       0.000000000000e+00
5.292100000000e-01       9.947769178438e-01       0.000000000000e+00
5.462100000000e-01       9.959646205533e-01       0.000000000000e+00
5.632100000000e-01       9.969468271591e-01       0.000000000000e+00
5.802100000000e-01       9.977351945544e-01       0.000000000000e+00
5.972100000000e-01       9.983513561328e-01       0.000000000000e+00
6.142100000000e-01       9.988213932401e-01       0.000000000000e+00
6.312100000000e-01       9.991720003345e-01       0.000000000000e+00
6.482100000000e-01       9.994280744771e-01       0.000000000000e+00
6.652100000000e-01       9.996114105536e-01       0.000000000000e+00
6.822100000000e-01       9.997401931648e-01       0.000000000000e+00
6.992100000000e-01       9.998290134956e-01       0.000000000000e+00
7.162100000000e-01       9.998891975980e-01       0.000000000000e+00
7.332100000000e-01       9.999292833233e-01       0.000000000000e+00
7.502100000000e-01       9.999555392926e-01       0.000000000000e+00
7.672100000000e-01       9.999724578845e-01       0.000000000000e+00
7.842100000000e-01       9.999831863688e-01       0.000000000000e+00
8.012100000000e-01       9.999898833598e-01       0.000000000000e+00
8.182100000000e-01       9.999939995619e-01       0.000000000000e+00
8.352100000000e-01       9.999964912100e-01       0.000000000000e+00
8.522100000000e-01       9.999979769435e-01       0.000000000000e+00
8.692100000000e-01       9.999988497765e-01       0.000000000000e+00
8.862100000000e-01       9.999993550589e-01       0.000000000000e+00
9.032100000000e-01       9.999996433356e-01       0.000000000000e+00
9.202100000000e-01       9.999998054472e-01       0.000000000000e+00
9.372100000000e-01       9.999998953155e-01       0.000000000000e+00
9.542100000000e-01       9.999999444316e-01       0.000000000000e+00
9.712100000000e-01       9.999999708997e-01       0.000000000000e+00
9.882100000000e-01       9.999999849645e-01       0.000000000000e+00
1.005210000000e+00       9.999999923349e-01       0.000000000000e+00
1.022210000000e+00       9.999999961443e-01       0.000000000000e+00
1.039210000000e+00       9.999999980861e-01       0.000000000000e+00
1.056210000000e+00       9.999999990625e-01       0.000000000000e+00
1.073210000000e+00       9.999999995468e-01       0.000000000000e+00
1.090210000000e+00       9.999999997838e-01       0.000000000000e+00
1.107210000000e+00       9.999999998982e-01       0.000000000000e+00
1.124210000000e+00       9.999999999527e-01       0.000000000000e+00
1.141210000000e+00       9.999999999783e-01       0.000000000000e+00
1.158210000000e+00       9.999999999902e-01       0.000000000000e+00
1.175210000000e+00       9.999999999956e-01       0.000000000000e+00
1.192210000000e+00       9.999999999981e-01       0.000000000000e+00
1.209210000000e+00       9.999999999992e-01       0.000000000000e+00
1.226210000000e+00       9.999999999996e-01       0.000000000000e+00
1.243210000000e+00       9.999999999998e-01       0.000000000000e+00
1.260210000000e+00       9.999999999999e-01       0.000000000000e+00
1.277210000000e+00       1.000000000000e+00       0.000000000000e+00
1.294210000000e+00       1.000000000000e+00       0.000000000000e+00
1.311210000000e+00       1.000000000000e+00       0.000000000000e+00
1.328210000000e+00       1.000000000000e+00       0.000000000000e+00
1.345210000000e+00       1.000000000000e+00       0.000000000000e+00
1.362210000000e+00       1.000000000000e+00       0.000000000000e+00
1.379210000000e+00       1.000000000000e+00       0.000000000000e+00
1.396210000000e+00       1.000000000000e+00       0.000000000000e+00
1.413210000000e+00       1.000000000000e+00       0.000000000000e+00
1.430210000000e+00       1.000000000000e+00       0.000000000000e+00
1.447210000000e+00       1.000000000000e+00       0.000000000000e+00
1.464210000000e+00       1.000000000000e+00       0.000000000000e+00
1.481210000000e+00       1.000000000000e+00       0.000000000000e+00
1.498210000000e+00       1.000000000000e+00       0.000000000000e+00
1.515210000000e+00       1.000000000000e+00       0.000000000000e+00
1.532210000000e+00       1.000000000000e+00       0.000000000000e+00
1.549210000000e+00       1.000000000000e+00       0.000000000000e+00
1.566210000000e+00       1.000000000000e+00       0.000000000000e+00
1.583210000000e+00       1.000000000000e+00       0.000000000000e+00
1.600210000000e+00       1.000000000000e+00       0.000000000000e+00
1.617210000000e+00       1.000000000000e+00       0.000000000000e+00
1.634210000000e+00       1.000000000000e+00       0.000000000000e+00
1.651210000000e+00       1.000000000000e+00       0.000000000000e+00
1.668210000000e+00       1.000000000000e+00       0.000000000000e+00
1.685210000000e+00       1.000000000000e+00       0.000000000000e+00
1.702210000000e+00       1.000000000000e+00       0.000000000000e+00
1.719210000000e+00       1.000000000000e+00       0.000000000000e+00
1.736210000000e+00       1.000000000000e+00       0.000000000000e+00
1.753210000000e+00       1.000000000000e+00       0.000000000000e+00
1.770210000000e+00       1.000000000000e+00       0.000000000000e+00
1.787210000000e+00       1.000000000000e+00       0.000000000000e+00
1.804210000000e+00       1.000000000000e+00       0.000000000000e+00
1.821210000000e+00       1.000000000000e+00       0.000000000000e+00
1.838210000000e+00       1.000000000000e+00       0.000000000000e+00
1.855210000000e+00       1.000000000000e+00       0.000000000000e+00
1.872210000000e+00       1.000000000000e+00       0.000000000000e+00
1.889210000000e+00       1.000000000000e+00       0.000000000000e+00
1.906210000000e+00       1.000000000000e+00       0.000000000000e+00
1.923210000000e+00       1.000000000000e+00       0.000000000000e+00
1.940210000000e+00       1.000000000000e+00       0.000000000000e+00
1.957210000000e+00       1.000000000000e+00       0.000000000000e+00
1.974210000000e+00       1.000000000000e+00       0.000000000000e+00
1.991210000000e+00       1.000000000000e+00       0.000000000000e+00
2.008210000000e+00       1.000000000000e+00       0.000000000000e+00
2.025210000000e+00       1.000000000000e+00       0.000000000000e+00
2.042210000000e+00       1.000000000000e+00       0.000000000000e+00
2.059210000000e+00       1.000000000000e+00       0.000000000000e+00
2.076210000000e+00       1.000000000000e+00       0.000000000000e+00
2.093210000000e+00       1.000000000000e+00       0.000000000000e+00
2.110210000000e+00       1.000000000000e+00       0.000000000000e+00
2.127210000000e+00       1.000000000000e+00       0.000000000000e+00
2.144210000000e+00       1.000000000000e+00       0.000000000000e+00
2.161210000000e+00       1.000000000000e+00       0.000000000000e+00
2.178210000000e+00       1.000000000000e+00       0.000000000000e+00
2.195210000000e+00       1.000000000000e+00       0.000000000000e+00
2.212210000000e+00       1.000000000000e+00       0.000000000000e+00
2.229210000000e+00       1.000000000000e+00       0.000000000000e+00
2.246210000000e+00       1.000000000000e+00       0.000000000000e+00
2.263210000000e+00       1.000000000000e+00       0.000000000000e+00
2.280210000000e+00       1.000000000000e+00       0.000000000000e+00
2.297210000000e+00       1.000000000000e+00       0.000000000000e+00
2.314210000000e+00       1.000000000000e+00       0.000000000000e+00
2.331210000000e+00       1.000000000000e+00       0.000000000000e+00
2.348210000000e+00       1.000000000000e+00       0.000000000000e+00
2.365210000000e+00       1.000000000000e+00       0.000000000000e+00
2.382210000000e+00       1.000000000000e+00       0.000000000000e+00
2.399210000000e+00       1.000000000000e+00       0.000000000000e+00
2.416210000000e+00       1.000000000000e+00       0.000000000000e+00
2.433210000000e+00       1.000000000000e+00       0.000000000000e+00
2.450210000000e+00       1.000000000000e+00       0.000000000000e+00
2.467210000000e+00       1.000000000000e+00       0.000000000000e+00
2.484210000000e+00       1.000000000000e+00       0.000000000000e+00
2.501210000000e+00       1.000000000000e+00       0.000000000000e+00
2.518210000000e+00       1.000000000000e+00       0.000000000000e+00
2.535210000000e+00       1.000000000000e+00       0.000000000000e+00
2.552210000000e+00       1.000000000000e+00       0.000000000000e+00
2.569210000000e+00       1.000000000000e+00       0.000000000000e+00
2.586210000000e+00       1.000000000000e+00       0.000000000000e+00
2.603210000000e+00       1.000000000000e+00       0.000000000000e+00
2.620210000000e+00       1.000000000000e+00       0.000000000000e+00
2.637210000000e+00       1.000000000000e+00       0.000000000000e+00
2.654210000000e+00       1.000000000000e+00       0.000000000000e+00
2.671210000000e+00       1.000000000000e+00       0.000000000000e+00
2.688210000000e+00       1.000000000000e+00       0.000000000000e+00
2.705210000000e+00       1.000000000000e+00       0.000000000000e+00
2.722210000000e+00       1.000000000000e+00       0.000000000000e+00
2.739210000000e+00       1.000000000000e+00       0.000000000000e+00
2.756210000000e+00       1.000000000000e+00       0.000000000000e+00
2.773210000000e+00       1.000000000000e+00       0.000000000000e+00
2.790210000000e+00       1.000000000000e+00       0.000000000000e+00
2.807210000000e+00       1.000000000000e+00       0.000000000000e+00
2.824210000000e+00       1.000000000000e+00       0.000000000000e+00
2.841210000000e+00       1.000000000000e+00       0.000000000000e+00
2.858210000000e+00       1.000000000000e+00       0.000000000000e+00
2.875210000000e+00       1.000000000000e+00       0.000000000000e+00
2.892210000000e+00       1.000000000000e+00       0.000000000000e+00
2.909210000000e+00       1.000000000000e+00       0.000000000000e+00
2.926210000000e+00       1.000000000000e+00       0.000000000000e+00
2.943210000000e+00       1.000000000000e+00       0.000000000000e+00
2.960210000000e+00       1.000000000000e+00       0.000000000000e+00
2.977210000000e+00       1.000000000000e+00       0.000000000000e+00
2.994210000000e+00       1.000000000000e+00       0.000000000000e+00
3.011210000000e+00       1.000000000000e+00       0.000000000000e+00
3.028210000000e+00       1.000000000000e+00       0.000000000000e+00
3.045210000000e+00       1.000000000000e+00       0.000000000000e+00
3.062210000000e+00       1.000000000000e+00       0.000000000000e+00
3.079210000000e+00       1.000000000000e+00       0.000000000000e+00
3.096210000000e+00       1.000000000000e+00       0.000000000000e+00
3.113210000000e+00       1.000000000000e+00       0.000000000000e+00
3.130210000000e+00       1.000000000000e+00       0.000000000000e+00
3.147210000000e+00       1.000000000000e+00       0.000000000000e+00
3.164210000000e+00       1.000000000000e+00       0.000000000000e+00
3.181210000000e+00       1.000000000000e+00       0.000000000000e+00
3.198210000000e+00       1.000000000000e+00       0.000000000000e+00
3.215210000000e+00       1.000000000000e+00       0.000000000000e+00
3.232210000000e+00       1.000000000000e+00       0.000000000000e+00
3.249210000000e+00       1.000000000000e+00       0.000000000000e+00
3.266210000000e+00       1.000000000000e+00       0.000000000000e+00
3.283210000000e+00       1.000000000000e+00       0.000000000000e+00
3.300210000000e+00       1.000000000000e+00       0.000000000000e+00
3.317210000000e+00       1.000000000000e+00       0.000000000000e+00
3.334210000000e+00       1.000000000000e+00       0.000000000000e+00
3.351210000000e+00       1.000000000000e+00       0.000000000000e+00
3.368210000000e+00       1.000000000000e+00       0.000000000000e+00
3.385210000000e+00       1.000000000000e+00       0.000000000000e+00
3.402210000000e+00       1.000000000000e+00       0.000000000000e+00
3.419210000000e+00       1.000000000000e+00       0.000000000000e+00
3.436210000000e+00       1.000000000000e+00       0.000000000000e+00
3.453210000000e+00       1.000000000000e+00       0.000000000000e+00
3.470210000000e+00       1.000000000000e+00       0.000000000000e+00
3.487210000000e+00       1.000000000000e+00       0.000000000000e+00
3.504210000000e+00       1.000000000000e+00       0.000000000000e+00
3.521210000000e+00       1.000000000000e+00       0.000000000000e+00
3.538210000000e+00       1.000000000000e+00       0.000000000000e+00
3.555210000000e+00       1.000000000000e+00       0.000000000000e+00
3.572210000000e+00       1.000000000000e+00       0.000000000000e+00
3.589210000000e+00       1.000000000000e+00       0.000000000000e+00
3.606210000000e+00       1.000000000000e+00       0.000000000000e+00
3.623210000000e+00       1.000000000000e+00       0.000000000000e+00
3.640210000000e+00       1.000000000000e+00       0.000000000000e+00
3.657210000000e+00       1.000000000000e+00       0.000000000000e+00
3.674210000000e+00       1.000000000000e+00       0.000000000000e+00
3.691210000000e+00       1.000000000000e+00       0.000000000000e+00
3.708210000000e+00       1.000000000000e+00       0.000000000000e+00
3.725210000000e+00       1.000000000000e+00       0.000000000000e+00
3.742210000000e+00       1.000000000000e+00       0.000000000000e+00
3.759210000000e+00       1.000000000000e+00       0.000000000000e+00
3.776210000000e+00       1.000000000000e+00       0.000000000000e+00
3.793210000000e+00       1.000000000000e+00       0.000000000000e+00
3.810210000000e+00       1.000000000000e+00       0.000000000000e+00
3.827210000000e+00       1.000000000000e+00       0.000000000000e+00
3.844210000000e+00       1.000000000000e+00       0.000000000000e+00
3.861210000000e+00       1.000000000000e+00       0.000000000000e+00
3.878210000000e+00       1.000000000000e+00       0.000000000000e+00
3.895210000000e+00       1.000000000000e+00       0.000000000000e+00
3.912210000000e+00       1.000000000000e+00       0.000000000000e+00
3.929210000000e+00       1.000000000000e+00       0.000000000000e+00
3.946210000000e+00       1.000000000000e+00       0.000000000000e+00
3.963210000000e+00       1.000000000000e+00       0.000000000000e+00
3.980210000000e+00       1.000000000000e+00       0.000000000000e+00
3.997210000000e+00       1.000000000000e+00       0.000000000000e+00
4.014210000000e+00       1.000000000000e+00       0.000000000000e+00
4.031210000000e+00       1.000000000000e+00       0.000000000000e+00
4.048210000000e+00       1.000000000000e+00       0.000000000000e+00
4.065210000000e+00       1.000000000000e+00       0.000000000000e+00
4.082210000000e+00       1.000000000000e+00       0.000000000000e+00
4.099210000000e+00       1.000000000000e+00       0.000000000000e+00
4.116210000000e+00       1.000000000000e+00       0.000000000000e+00
4.133210000000e+00       1.000000000000e+00       0.000000000000e+00
4.150210000000e+00       1.000000000000e+00       0.000000000000e+00
4.167210000000e+00       1.000000000000e+00       0.000000000000e+00
4.184210000000e+00       1.000000000000e+00       0.000000000000e+00
4.201210000000e+00       1.000000000000e+00       0.000000000000e+00
4.218210000000e+00       1.000000000000e+00       0.000000000000e+00
4.235210000000e+00       1.000000000000e+00       0.000000000000e+00
4.252210000000e+00       1.000000000000e+00       0.000000000000e+00
4.269210000000e+00       1.000000000000e+00       0.000000000000e+00
4.286210000000e+00       1.000000000000e+00       0.000000000000e+00
4.303210000000e+00       1.000000000000e+00       0.000000000000e+00
4.320210000000e+00       1.000000000000e+00       0.000000000000e+00
4.337210000000e+00       1.000000000000e+00       0.000000000000e+00
4.354210000000e+00       1.000000000000e+00       0.000000000000e+00
4.371210000000e+00       1.000000000000e+00       0.000000000000e+00
4.388210000000e+00       1.000000000000e+00       0.000000000000e+00
4.405210000000e+00       1.000000000000e+00       0.000000000000e+00
4.422210000000e+00       1.000000000000e+00       0.000000000000e+00
4.439210000000e+00       1.000000000000e+00       0.000000000000e+00
4.456210000000e+00       1.000000000000e+00       0.000000000000e+00
4.473210000000e+00       1.000000000000e+00       0.000000000000e+00
4.490210000000e+00       1.000000000000e+00       0.000000000000e+00
4.507210000000e+00       1.000000000000e+00       0.000000000000e+00
4.524210000000e+00       1.000000000000e+00       0.000000000000e+00
4.541210000000e+00       1.000000000000e+00       0.000000000000e+00
4.558210000000e+00       1.000000000000e+00       0.000000000000e+00
4.575210000000e+00       1.000000000000e+00       0.000000000000e+00
4.592210000000e+00       1.000000000000e+00       0.000000000000e+00
4.609210000000e+00       1.000000000000e+00       0.000000000000e+00
4.626210000000e+00       1.000000000000e+00       0.000000000000e+00
4.643210000000e+00       1.000000000000e+00       0.000000000000e+00
4.660210000000e+00       1.000000000000e+00       0.000000000000e+00
4.677210000000e+00       1.000000000000e+00       0.000000000000e+00
4.694210000000e+00       1.000000000000e+00       0.000000000000e+00
4.711210000000e+00       1.000000000000e+00       0.000000000000e+00
4.728210000000e+00       1.000000000000e+00       0.000000000000e+00
4.745210000000e+00       1.000000000000e+00       0.000000000000e+00
4.762210000000e+00       1.000000000000e+00       0.000000000000e+00
4.779210000000e+00       1.000000000000e+00       0.000000000000e+00
4.796210000000e+00       1.000000000000e+00       0.000000000000e+00
4.813210000000e+00       1.000000000000e+00       0.000000000000e+00
4.830210000000e+00       1.000000000000e+00       0.000000000000e+00
4.847210000000e+00       1.000000000000e+00       0.000000000000e+00
4.864210000000e+00       1.000000000000e+00       0.000000000000e+00
4.881210000000e+00       1.000000000000e+00       0.000000000000e+00
4.898210000000e+00       1.000000000000e+00       0.000000000000e+00
4.915210000000e+00       1.000000000000e+00       0.000000000000e+00
4.932210000000e+00       1.000000000000e+00       0.000000000000e+00
4.949210000000e+00       1.000000000000e+00       0.000000000000e+00
4.966210000000e+00       1.000000000000e+00       0.000000000000e+00
4.983210000000e+00       1.000000000000e+00       0.000000000000e+00
