                     0              0.845269                  -0.5
                 0.008              0.841283             -0.496465
                 0.016              0.837325             -0.492979
                 0.024              0.833395             -0.489544
                 0.032              0.829492              -0.48616
                  0.04              0.825616             -0.482826
                 0.048              0.821767             -0.479542
                 0.056              0.817944             -0.476308
                 0.064              0.814146             -0.473125
                 0.072              0.810373             -0.469992
                  0.08              0.806626             -0.466909
                 0.088              0.802903             -0.463877
                 0.096              0.799204             -0.460895
                 0.104              0.795528             -0.457963
                 0.112              0.791876             -0.455082
                  0.12              0.788247             -0.452251
                 0.128               0.78464              -0.44947
                 0.136              0.781055              -0.44674
                 0.144              0.777492              -0.44406
                 0.152               0.77395              -0.44143
                  0.16              0.770429             -0.438851
                 0.168              0.766928             -0.436322
                 0.176              0.763448             -0.433843
                 0.184              0.759987             -0.431415
                 0.192              0.756545             -0.429036
                   0.2              0.753122             -0.426709
                 0.208              0.749717             -0.424431
                 0.216              0.746331             -0.422204
                 0.224              0.742962             -0.420027
                 0.232               0.73961             -0.417901
                  0.24              0.736276             -0.415824
                 0.248              0.732957             -0.413798
                 0.256              0.729655             -0.411823
                 0.264              0.726368             -0.409898
                 0.272              0.723096             -0.408023
                  0.28              0.719839             -0.406198
                 0.288              0.716597             -0.404424
                 0.296              0.713368               -0.4027
                 0.304              0.710153             -0.401026
                 0.312              0.706952             -0.399403
                  0.32              0.703763              -0.39783
                 0.328              0.700586             -0.396307
                 0.336              0.697422             -0.394835
                 0.344              0.694269             -0.393413
                 0.352              0.691127             -0.392041
                  0.36              0.687996              -0.39072
                 0.368              0.684875             -0.389448
                 0.376              0.681765             -0.388228
                 0.384              0.678664             -0.387057
                 0.392              0.675572             -0.385937
                   0.4              0.672489             -0.384867
                 0.408              0.669414             -0.383848
                 0.416              0.666347             -0.382879
                 0.424              0.663288              -0.38196
                 0.432              0.660235             -0.381091
                  0.44               0.65719             -0.380273
                 0.448              0.654151             -0.379505
                 0.456              0.651118             -0.378788
                 0.464               0.64809              -0.37812
                 0.472              0.645068             -0.377503
                  0.48               0.64205             -0.376898
                 0.488              0.639037             -0.376289
                 0.496              0.636029             -0.375674
                 0.504              0.633027             -0.375054
                 0.512              0.630029             -0.374428
                  0.52              0.627036             -0.373797
                 0.528              0.624048             -0.373161
                 0.536              0.621065             -0.372519
                 0.544              0.618088             -0.371872
                 0.552              0.615115              -0.37122
                  0.56              0.612148             -0.370563
                 0.568              0.609186               -0.3699
                 0.576               0.60623             -0.369232
                 0.584              0.603279             -0.368558
                 0.592              0.600333             -0.367879
                   0.6              0.597392             -0.367195
                 0.608              0.594458             -0.366506
                 0.616              0.591528             -0.365811
                 0.624              0.588605             -0.365111
                 0.632              0.585687             -0.364405
                  0.64              0.582774             -0.363694
                 0.648              0.579868             -0.362978
                 0.656              0.576967             -0.362257
                 0.664              0.574071              -0.36153
                 0.672              0.571182             -0.360798
                  0.68              0.568299              -0.36006
                 0.688              0.565421             -0.359317
                 0.696               0.56255             -0.358569
                 0.704              0.559684             -0.357816
                 0.712              0.556825             -0.357057
                  0.72              0.553971             -0.356293
                 0.728              0.551124             -0.355523
                 0.736              0.548283             -0.354749
                 0.744              0.545448             -0.353969
                 0.752              0.542619             -0.353183
                  0.76              0.539797             -0.352392
                 0.768              0.536981             -0.351596
                 0.776              0.534172             -0.350795
                 0.784              0.531368             -0.349988
                 0.792              0.528572             -0.349176
                   0.8              0.525782             -0.348359
                 0.808              0.522998             -0.347536
                 0.816              0.520221             -0.346708
                 0.824              0.517451             -0.345875
                 0.832              0.514687             -0.345036
                  0.84               0.51193             -0.344192
                 0.848               0.50918             -0.343342
                 0.856              0.506437             -0.342488
                 0.864                0.5037             -0.341628
                 0.872              0.500971             -0.340762
                  0.88              0.498248             -0.339892
                 0.888              0.495532             -0.339016
                 0.896              0.492824             -0.338134
                 0.904              0.490122             -0.337248
                 0.912              0.487428             -0.336356
                  0.92              0.484741             -0.335458
                 0.928              0.482061             -0.334556
                 0.936              0.479388             -0.333648
                 0.944              0.476722             -0.332735
                 0.952              0.474064             -0.331824
                  0.96              0.471413             -0.330918
                 0.968              0.468769             -0.330015
                 0.976              0.466133             -0.329116
                 0.984              0.463503             -0.328221
                 0.992              0.460881              -0.32733
                     1              0.458266             -0.326443
                 1.008              0.455658              -0.32556
                 1.016              0.453057             -0.324681
                 1.024              0.450463             -0.323806
                 1.032              0.447876             -0.322935
                  1.04              0.445296             -0.322068
                 1.048              0.442723             -0.321205
                 1.056              0.440157             -0.320346
                 1.064              0.437598             -0.319491
                 1.072              0.435045             -0.318639
                  1.08              0.432499             -0.317792
                 1.088               0.42996             -0.316949
                 1.096              0.427428             -0.316109
                 1.104              0.424903             -0.315274
                 1.112              0.422384             -0.314443
                  1.12              0.419871             -0.313615
                 1.128              0.417366             -0.312792
                 1.136              0.414867             -0.311972
                 1.144              0.412374             -0.311156
                 1.152              0.409888             -0.310345
                  1.16              0.407409             -0.309537
                 1.168              0.404936             -0.308734
                 1.176              0.402469             -0.307934
                 1.184              0.400009             -0.307138
                 1.192              0.397555             -0.306346
                   1.2              0.395107             -0.305559
                 1.208              0.392666             -0.304775
                 1.216              0.390231             -0.303995
                 1.224              0.387802             -0.303219
                 1.232              0.385379             -0.302447
                  1.24              0.382963             -0.301679
                 1.248              0.380552             -0.300915
                 1.256              0.378148             -0.300155
                 1.264               0.37575             -0.299399
                 1.272              0.373358             -0.298647
                  1.28              0.370972             -0.297898
                 1.288              0.368591             -0.297154
                 1.296              0.366217             -0.296414
                 1.304              0.363849             -0.295678
                 1.312              0.361486             -0.294945
                  1.32               0.35913             -0.294217
                 1.328              0.356779             -0.293493
                 1.336              0.354434             -0.292772
                 1.344              0.352094             -0.292056
                 1.352              0.349761             -0.291343
                  1.36              0.347433             -0.290635
                 1.368              0.345111              -0.28993
                 1.376              0.342794             -0.289229
                 1.384              0.340483             -0.288533
                 1.392              0.338177              -0.28784
                   1.4              0.335877             -0.287151
                 1.408              0.333583             -0.286467
                 1.416              0.331294             -0.285785
                 1.424               0.32901             -0.285105
                 1.432              0.326732             -0.284425
                  1.44               0.32446             -0.283745
                 1.448              0.322192             -0.283066
                 1.456              0.319931             -0.282388
                 1.464              0.317674             -0.281709
                 1.472              0.315423             -0.281032
                  1.48              0.313178             -0.280354
                 1.488              0.310938             -0.279677
                 1.496              0.308703             -0.279001
                 1.504              0.306474             -0.278325
                 1.512               0.30425             -0.277649
                  1.52              0.302031             -0.276974
                 1.528              0.299818               -0.2763
                 1.536               0.29761             -0.275625
                 1.544              0.295408             -0.274952
                 1.552              0.293211             -0.274278
                  1.56               0.29102             -0.273605
                 1.568              0.288833             -0.272933
                 1.576              0.286653             -0.272261
                 1.584              0.284477             -0.271589
                 1.592              0.282307             -0.270918
                   1.6              0.280143             -0.270248
                 1.608              0.277983             -0.269577
                 1.616              0.275829             -0.268908
                 1.624              0.273681             -0.268238
                 1.632              0.271538             -0.267569
                  1.64                0.2694             -0.266901
                 1.648              0.267267             -0.266233
                 1.656               0.26514             -0.265565
                 1.664              0.263018             -0.264898
                 1.672              0.260902             -0.264231
                  1.68               0.25879             -0.263565
                 1.688              0.256685             -0.262899
                 1.696              0.254584             -0.262234
                 1.704              0.252489             -0.261569
                 1.712              0.250399             -0.260905
                  1.72              0.248314             -0.260241
                 1.728              0.246235             -0.259577
                 1.736              0.244161             -0.258914
                 1.744              0.242092             -0.258251
                 1.752              0.240029             -0.257589
                  1.76              0.237971             -0.256927
                 1.768              0.235918             -0.256266
                 1.776              0.233871             -0.255605
                 1.784              0.231829             -0.254944
                 1.792              0.229792             -0.254284
                   1.8               0.22776             -0.253625
                 1.808              0.225734             -0.252966
                 1.816              0.223713             -0.252307
                 1.824              0.221697             -0.251649
                 1.832              0.219686             -0.250991
                  1.84              0.217681             -0.250333
                 1.848              0.215681             -0.249676
                 1.856              0.213686              -0.24902
                 1.864              0.211696             -0.248364
                 1.872              0.209712             -0.247708
                  1.88              0.207733             -0.247053
                 1.888              0.205759             -0.246399
                 1.896              0.203791             -0.245746
                 1.904              0.201827             -0.245094
                 1.912              0.199869             -0.244444
                  1.92              0.197916             -0.243795
                 1.928              0.195969             -0.243148
                 1.936              0.194026             -0.242503
                 1.944              0.192088             -0.241859
                 1.952              0.190156             -0.241216
                  1.96              0.188229             -0.240575
                 1.968              0.186307             -0.239935
                 1.976               0.18439             -0.239297
                 1.984              0.182478              -0.23866
                 1.992              0.180572             -0.238025
                     2               0.17867             -0.237391
                 2.008              0.176773             -0.236758
                 2.016              0.174882             -0.236128
                 2.024              0.172995             -0.235498
                 2.032              0.171114              -0.23487
                  2.04              0.169237             -0.234244
                 2.048              0.167366             -0.233619
                 2.056              0.165499             -0.232995
                 2.064              0.163638             -0.232373
                 2.072              0.161781             -0.231753
                  2.08               0.15993             -0.231134
                 2.088              0.158083             -0.230516
                 2.096              0.156242               -0.2299
                 2.104              0.154405             -0.229285
                 2.112              0.152573             -0.228672
                  2.12              0.150746             -0.228061
                 2.128              0.148924              -0.22745
                 2.136              0.147107             -0.226842
                 2.144              0.145295             -0.226234
                 2.152              0.143487             -0.225629
                  2.16              0.141685             -0.225024
                 2.168              0.139887             -0.224422
                 2.176              0.138094              -0.22382
                 2.184              0.136306              -0.22322
                 2.192              0.134522             -0.222622
                   2.2              0.132744             -0.222025
                 2.208               0.13097              -0.22143
                 2.216              0.129201             -0.220836
                 2.224              0.127436             -0.220243
                 2.232              0.125677             -0.219652
                  2.24              0.123922             -0.219063
                 2.248              0.122172             -0.218475
                 2.256              0.120426             -0.217888
                 2.264              0.118686             -0.217303
                 2.272               0.11695             -0.216719
                  2.28              0.115218             -0.216137
                 2.288              0.113491             -0.215557
                 2.296              0.111769             -0.214978
                 2.304              0.110052               -0.2144
                 2.312              0.108339             -0.213824
                  2.32              0.106631             -0.213249
                 2.328              0.104927             -0.212676
                 2.336              0.103228             -0.212104
                 2.344              0.101533             -0.211533
                 2.352             0.0998432             -0.210965
                  2.36             0.0981577             -0.210397
                 2.368             0.0964768              -0.20983
                 2.376             0.0948005             -0.209264
                 2.384             0.0931286             -0.208698
                 2.392             0.0914613             -0.208133
                   2.4             0.0897985             -0.207568
                 2.408             0.0881402             -0.207004
                 2.416             0.0864864             -0.206441
                 2.424             0.0848371             -0.205879
                 2.432             0.0831924             -0.205317
                  2.44             0.0815521             -0.204755
                 2.448             0.0799163             -0.204195
                 2.456             0.0782849             -0.203635
                 2.464             0.0766581             -0.203076
                 2.472             0.0750357             -0.202517
                  2.48             0.0734178             -0.201959
                 2.488             0.0718044             -0.201401
                 2.496             0.0701954             -0.200845
                 2.504             0.0685909             -0.200288
                 2.512             0.0669908             -0.199733
                  2.52             0.0653951             -0.199178
                 2.528             0.0638039             -0.198624
                 2.536             0.0622172              -0.19807
                 2.544             0.0606348             -0.197517
                 2.552             0.0590569             -0.196965
                  2.56             0.0574834             -0.196414
                 2.568             0.0559143             -0.195863
                 2.576             0.0543496             -0.195312
                 2.584             0.0527893             -0.194763
                 2.592             0.0512334             -0.194213
                   2.6             0.0496819             -0.193665
                 2.608             0.0481347             -0.193117
                 2.616              0.046592              -0.19257
                 2.624             0.0450536             -0.192024
                 2.632             0.0435196             -0.191478
                  2.64               0.04199             -0.190933
                 2.648             0.0404647             -0.190388
                 2.656             0.0389437             -0.189844
                 2.664             0.0374272             -0.189301
                 2.672             0.0359149             -0.188758
                  2.68              0.034407             -0.188216
                 2.688             0.0329035             -0.187675
                 2.696             0.0314042             -0.187134
                 2.704             0.0299093             -0.186594
                 2.712             0.0284187             -0.186055
                  2.72             0.0269324             -0.185516
                 2.728             0.0254505             -0.184978
                 2.736             0.0239728              -0.18444
                 2.744             0.0224994             -0.183903
                 2.752             0.0210304             -0.183367
                  2.76             0.0195656             -0.182831
                 2.768              0.018105             -0.182296
                 2.776             0.0166488             -0.181762
                 2.784             0.0151968             -0.181229
                 2.792             0.0137492             -0.180696
                   2.8             0.0123057             -0.180163
                 2.808             0.0108665             -0.179631
                 2.816            0.00943161               -0.1791
                 2.824            0.00800093              -0.17857
                 2.832             0.0065745              -0.17804
                  2.84             0.0051523             -0.177509
                 2.848            0.00373434             -0.176979
                 2.856            0.00232063             -0.176449
                 2.864           0.000911161             -0.175919
                 2.872          -0.000494066             -0.175388
                  2.88           -0.00189505             -0.174858
                 2.888           -0.00329179             -0.174327
                 2.896           -0.00468429             -0.173797
                 2.904           -0.00607254             -0.173266
                 2.912           -0.00745655             -0.172736
                  2.92           -0.00883631             -0.172205
                 2.928            -0.0102118             -0.171675
                 2.936            -0.0115831             -0.171144
                 2.944            -0.0129501             -0.170613
                 2.952            -0.0143129             -0.170082
                  2.96            -0.0156714             -0.169552
                 2.968            -0.0170257             -0.169021
                 2.976            -0.0183758              -0.16849
                 2.984            -0.0197216             -0.167959
                 2.992            -0.0210631             -0.167428
                     3            -0.0224004             -0.166897
                 3.008            -0.0237335             -0.166366
                 3.016            -0.0250623             -0.165835
                 3.024            -0.0263868             -0.165304
                 3.032            -0.0277071             -0.164773
                  3.04            -0.0290232             -0.164241
                 3.048             -0.030335              -0.16371
                 3.056            -0.0316426             -0.163179
                 3.064            -0.0329459             -0.162648
                 3.072            -0.0342449             -0.162116
                  3.08            -0.0355397             -0.161585
                 3.088            -0.0368303             -0.161054
                 3.096            -0.0381166             -0.160522
                 3.104            -0.0393986             -0.159991
                 3.112            -0.0406764             -0.159459
                  3.12              -0.04195             -0.158928
                 3.128            -0.0432193             -0.158396
                 3.136            -0.0444843             -0.157864
                 3.144            -0.0457451             -0.157333
                 3.152            -0.0470016             -0.156801
                  3.16            -0.0482539             -0.156269
                 3.168            -0.0495019             -0.155737
                 3.176            -0.0507457             -0.155206
                 3.184            -0.0519852             -0.154674
                 3.192            -0.0532205             -0.154142
                   3.2            -0.0544515              -0.15361
                 3.208            -0.0556783             -0.153078
                 3.216            -0.0569008             -0.152546
                 3.224             -0.058119             -0.152014
                 3.232             -0.059333             -0.151482
                  3.24            -0.0605427              -0.15095
                 3.248            -0.0617482             -0.150417
                 3.256            -0.0629494             -0.149885
                 3.264            -0.0641463             -0.149353
                 3.272             -0.065339             -0.148821
                  3.28            -0.0665275             -0.148288
                 3.288            -0.0677116             -0.147756
                 3.296            -0.0688915             -0.147223
                 3.304            -0.0700672             -0.146691
                 3.312            -0.0712386              -0.14616
                  3.32            -0.0724058             -0.145628
                 3.328            -0.0735687             -0.145097
                 3.336            -0.0747273             -0.144567
                 3.344            -0.0758817             -0.144036
                 3.352            -0.0770319             -0.143506
                  3.36            -0.0781778             -0.142977
                 3.368            -0.0793195             -0.142448
                 3.376             -0.080457             -0.141919
                 3.384            -0.0815902              -0.14139
                 3.392            -0.0827192             -0.140862
                   3.4             -0.083844             -0.140335
                 3.408            -0.0849646             -0.139807
                 3.416            -0.0860809              -0.13928
                 3.424            -0.0871931             -0.138754
                 3.432             -0.088301             -0.138228
                  3.44            -0.0894047             -0.137702
                 3.448            -0.0905042             -0.137176
                 3.456            -0.0915996             -0.136651
                 3.464            -0.0926907             -0.136127
                 3.472            -0.0937776             -0.135602
                  3.48            -0.0948603             -0.135078
                 3.488            -0.0959388             -0.134555
                 3.496            -0.0970132             -0.134032
                 3.504            -0.0980833             -0.133509
                 3.512            -0.0991493             -0.132986
                  3.52             -0.100211             -0.132464
                 3.528             -0.101269             -0.131943
                 3.536             -0.102322             -0.131421
                 3.544             -0.103372               -0.1309
                 3.552             -0.104417              -0.13038
                  3.56             -0.105458             -0.129859
                 3.568             -0.106494              -0.12934
                 3.576             -0.107527              -0.12882
                 3.584             -0.108555             -0.128301
                 3.592              -0.10958             -0.127782
                   3.6               -0.1106             -0.127264
                 3.608             -0.111616             -0.126746
                 3.616             -0.112628             -0.126228
                 3.624             -0.113636             -0.125711
                 3.632             -0.114639             -0.125194
                  3.64             -0.115639             -0.124678
                 3.648             -0.116634             -0.124162
                 3.656             -0.117625             -0.123646
                 3.664             -0.118613             -0.123131
                 3.672             -0.119595             -0.122616
                  3.68             -0.120574             -0.122101
                 3.688             -0.121549             -0.121587
                 3.696              -0.12252             -0.121073
                 3.704             -0.123486             -0.120559
                 3.712             -0.124449             -0.120046
                  3.72             -0.125407             -0.119533
                 3.728             -0.126361             -0.119021
                 3.736             -0.127311             -0.118509
                 3.744             -0.128257             -0.117997
                 3.752             -0.129199             -0.117486
                  3.76             -0.130137             -0.116975
                 3.768             -0.131071             -0.116464
                 3.776             -0.132001             -0.115954
                 3.784             -0.132926             -0.115442
                 3.792             -0.133848             -0.114931
                   3.8             -0.134765             -0.114419
                 3.808             -0.135678             -0.113907
                 3.816             -0.136588             -0.113394
                 3.824             -0.137493             -0.112881
                 3.832             -0.138394             -0.112368
                  3.84             -0.139291             -0.111854
                 3.848             -0.140183              -0.11134
                 3.856             -0.141072             -0.110826
                 3.864             -0.141957             -0.110311
                 3.872             -0.142837             -0.109796
                  3.88             -0.143713              -0.10928
                 3.888             -0.144585             -0.108764
                 3.896             -0.145453             -0.108248
                 3.904             -0.146317             -0.107731
                 3.912             -0.147177             -0.107214
                  3.92             -0.148033             -0.106697
                 3.928             -0.148884             -0.106179
                 3.936             -0.149732             -0.105661
                 3.944             -0.150575             -0.105143
                 3.952             -0.151414             -0.104624
                  3.96             -0.152249             -0.104105
                 3.968              -0.15308             -0.103586
                 3.976             -0.153906             -0.103066
                 3.984             -0.154729             -0.102546
                 3.992             -0.155547             -0.102025
                     4             -0.156361             -0.101504
                 4.008             -0.157171             -0.100983
                 4.016             -0.157977             -0.100461
                 4.024             -0.158778            -0.0999394
                 4.032             -0.159576            -0.0994171
                  4.04             -0.160369            -0.0988944
                 4.048             -0.161158            -0.0983713
                 4.056             -0.161943            -0.0978479
                 4.064             -0.162724            -0.0973241
                 4.072               -0.1635               -0.0968
                  4.08             -0.164273            -0.0962754
                 4.088             -0.165041            -0.0957506
                 4.096             -0.165805            -0.0952254
                 4.104             -0.166564            -0.0946998
                 4.112              -0.16732            -0.0941738
                  4.12             -0.168071            -0.0936475
                 4.128             -0.168818            -0.0931209
                 4.136             -0.169561            -0.0925938
                 4.144               -0.1703            -0.0920665
                 4.152             -0.171034            -0.0915387
                  4.16             -0.171764            -0.0910106
                 4.168              -0.17249            -0.0904821
                 4.176             -0.173212            -0.0899533
                 4.184             -0.173929            -0.0894241
                 4.192             -0.174643            -0.0888946
                   4.2             -0.175352            -0.0883647
                 4.208             -0.176057            -0.0878344
                 4.216             -0.176757            -0.0873038
                 4.224             -0.177453            -0.0867728
                 4.232             -0.178145            -0.0862415
                  4.24             -0.178833              -0.08571
                 4.248             -0.179517             -0.085179
                 4.256             -0.180196            -0.0846488
                 4.264             -0.180871            -0.0841192
                 4.272             -0.181542            -0.0835903
                  4.28             -0.182209             -0.083062
                 4.288             -0.182871            -0.0825345
                 4.296             -0.183529            -0.0820076
                 4.304             -0.184183            -0.0814814
                 4.312             -0.184833            -0.0809559
                  4.32             -0.185478             -0.080431
                 4.328              -0.18612            -0.0799068
                 4.336             -0.186757            -0.0793833
                 4.344              -0.18739            -0.0788605
                 4.352             -0.188019            -0.0783383
                  4.36             -0.188643            -0.0778169
                 4.368             -0.189264            -0.0772961
                 4.376              -0.18988            -0.0767759
                 4.384             -0.190492            -0.0762565
                 4.392               -0.1911            -0.0757377
                   4.4             -0.191704            -0.0752196
                 4.408             -0.192304            -0.0747022
                 4.416             -0.192899            -0.0741854
                 4.424             -0.193491            -0.0736694
                 4.432             -0.194078             -0.073154
                  4.44             -0.194661            -0.0726393
                 4.448              -0.19524            -0.0721252
                 4.456             -0.195815            -0.0716118
                 4.464             -0.196386            -0.0710991
                 4.472             -0.196953            -0.0705871
                  4.48             -0.197515            -0.0700758
                 4.488             -0.198074            -0.0695651
                 4.496             -0.198628            -0.0690551
                 4.504             -0.199179            -0.0685458
                 4.512             -0.199725            -0.0680372
                  4.52             -0.200267            -0.0675292
                 4.528             -0.200806            -0.0670219
                 4.536              -0.20134            -0.0665153
                 4.544              -0.20187            -0.0660093
                 4.552             -0.202396            -0.0655041
                  4.56             -0.202918            -0.0649995
                 4.568             -0.203436            -0.0644956
                 4.576              -0.20395            -0.0639923
                 4.584              -0.20446            -0.0634898
                 4.592             -0.204966            -0.0629879
                   4.6             -0.205468            -0.0624867
                 4.608             -0.205966            -0.0619862
                 4.616             -0.206459            -0.0614863
                 4.624             -0.206949            -0.0609871
                 4.632             -0.207435            -0.0604886
                  4.64             -0.207917            -0.0599908
                 4.648             -0.208395            -0.0594936
                 4.656             -0.208869            -0.0589971
                 4.664             -0.209339            -0.0585013
                 4.672             -0.209805            -0.0580062
                  4.68             -0.210267            -0.0575117
                 4.688             -0.210725             -0.057018
                 4.696             -0.211179            -0.0565249
                 4.704              -0.21163            -0.0560324
                 4.712             -0.212076            -0.0555399
                  4.72             -0.212518            -0.0550454
                 4.728             -0.212957             -0.054549
                 4.736             -0.213391            -0.0540506
                 4.744             -0.213821            -0.0535501
                 4.752             -0.214248            -0.0530477
                  4.76              -0.21467            -0.0525433
                 4.768             -0.215089            -0.0520369
                 4.776             -0.215503            -0.0515285
                 4.784             -0.215913            -0.0510182
                 4.792             -0.216319            -0.0505058
                   4.8             -0.216721            -0.0499914
                 4.808             -0.217119            -0.0494751
                 4.816             -0.217513            -0.0489567
                 4.824             -0.217902            -0.0484364
                 4.832             -0.218288            -0.0479141
                  4.84             -0.218669            -0.0473898
                 4.848             -0.219046            -0.0468635
                 4.856             -0.219419            -0.0463352
                 4.864             -0.219787            -0.0458049
                 4.872             -0.220152            -0.0452726
                  4.88             -0.220512            -0.0447383
                 4.888             -0.220867            -0.0442021
                 4.896             -0.221219            -0.0436638
                 4.904             -0.221566            -0.0431236
                 4.912             -0.221909            -0.0425813
                  4.92             -0.222247            -0.0420371
                 4.928             -0.222581            -0.0414909
                 4.936             -0.222911            -0.0409427
                 4.944             -0.223236            -0.0403925
                 4.952             -0.223557            -0.0398403
                  4.96             -0.223874            -0.0392861
                 4.968             -0.224186            -0.0387299
                 4.976             -0.224494            -0.0381718
                 4.984             -0.224797            -0.0376116
                 4.992             -0.225095            -0.0370495
                     5              -0.22539            -0.0364853
                 5.008             -0.225679            -0.0359192
                 5.016             -0.225964            -0.0353511
                 5.024             -0.226245             -0.034781
                 5.032             -0.226521            -0.0342089
                  5.04             -0.226792            -0.0336348
                 5.048             -0.227059            -0.0330587
                 5.056             -0.227321            -0.0324806
                 5.064             -0.227579            -0.0319006
                 5.072             -0.227831            -0.0313185
                  5.08              -0.22808            -0.0307345
                 5.088             -0.228323            -0.0301484
                 5.096             -0.228562            -0.0295604
                 5.104             -0.228796            -0.0289704
                 5.112             -0.229026            -0.0283784
                  5.12              -0.22925            -0.0277844
                 5.128              -0.22947            -0.0271884
                 5.136             -0.229685            -0.0265904
                 5.144             -0.229896            -0.0259904
                 5.152             -0.230101            -0.0253884
                  5.16             -0.230302            -0.0247845
                 5.168             -0.230498            -0.0241785
                 5.176             -0.230689            -0.0235706
                 5.184             -0.230875            -0.0229627
                 5.192             -0.231056            -0.0223574
                   5.2             -0.231232            -0.0217547
                 5.208             -0.231404            -0.0211545
                 5.216             -0.231571             -0.020557
                 5.224             -0.231733             -0.019962
                 5.232              -0.23189            -0.0193697
                  5.24             -0.232043            -0.0187799
                 5.248             -0.232191            -0.0181927
                 5.256             -0.232334            -0.0176081
                 5.264             -0.232473            -0.0170261
                 5.272             -0.232606            -0.0164467
                  5.28             -0.232736            -0.0158699
                 5.288              -0.23286            -0.0152957
                 5.296              -0.23298            -0.0147241
                 5.304             -0.233096             -0.014155
                 5.312             -0.233207            -0.0135886
                  5.32             -0.233313            -0.0130247
                 5.328             -0.233415            -0.0124634
                 5.336             -0.233513            -0.0119048
                 5.344             -0.233606            -0.0113487
                 5.352             -0.233694            -0.0107952
                  5.36             -0.233779            -0.0102443
                 5.368             -0.233858           -0.00969598
                 5.376             -0.233934           -0.00915026
                 5.384             -0.234005           -0.00860714
                 5.392             -0.234071            -0.0080666
                   5.4             -0.234134           -0.00752865
                 5.408             -0.234192            -0.0069933
                 5.416             -0.234246           -0.00646054
                 5.424             -0.234295           -0.00593037
                 5.432             -0.234341           -0.00540278
                  5.44             -0.234382            -0.0048778
                 5.448             -0.234419            -0.0043554
                 5.456             -0.234451           -0.00383559
                 5.464              -0.23448           -0.00331838
                 5.472             -0.234504           -0.00280375
                  5.48             -0.234525           -0.00229172
                 5.488             -0.234541           -0.00178228
                 5.496             -0.234553           -0.00127543
                 5.504             -0.234562          -0.000771166
                 5.512             -0.234566          -0.000269498
                  5.52             -0.234566           0.000229579
                 5.528             -0.234562           0.000726064
                 5.536             -0.234554            0.00121996
                 5.544             -0.234543            0.00171126
                 5.552             -0.234527            0.00219997
                  5.56             -0.234507            0.00268609
                 5.568             -0.234484            0.00316962
                 5.576             -0.234457            0.00365056
                 5.584             -0.234426            0.00412891
                 5.592             -0.234391            0.00460467
                   5.6             -0.234352            0.00507783
                 5.608             -0.234309             0.0055484
                 5.616             -0.234263            0.00601639
                 5.624             -0.234213            0.00648178
                 5.632             -0.234159            0.00694458
                  5.64             -0.234102            0.00740478
                 5.648             -0.234041            0.00786248
                 5.656             -0.233976            0.00832483
                 5.664             -0.233908            0.00879643
                 5.672             -0.233835            0.00927729
                  5.68             -0.233759             0.0097674
                 5.688             -0.233679             0.0102668
                 5.696             -0.233595             0.0107754
                 5.704             -0.233507             0.0112933
                 5.712             -0.233414             0.0118204
                  5.72             -0.233318             0.0123568
                 5.728             -0.233216             0.0129025
                 5.736             -0.233111             0.0134574
                 5.744             -0.233001             0.0140216
                 5.752             -0.232887              0.014595
                  5.76             -0.232768             0.0151777
                 5.768             -0.232644             0.0157696
                 5.776             -0.232515             0.0163708
                 5.784             -0.232382             0.0169813
                 5.792             -0.232244              0.017601
                   5.8               -0.2321               0.01823
                 5.808             -0.231952             0.0188682
                 5.816             -0.231798             0.0195157
                 5.824              -0.23164             0.0201724
                 5.832             -0.231476             0.0208384
                  5.84             -0.231306             0.0215137
                 5.848             -0.231131             0.0221982
                 5.856             -0.230951             0.0228919
                 5.864             -0.230765              0.023595
                 5.872             -0.230573             0.0243072
                  5.88             -0.230376             0.0250288
                 5.888             -0.230173             0.0257596
                 5.896             -0.229964             0.0264996
                 5.904             -0.229749             0.0272489
                 5.912             -0.229528             0.0280075
                  5.92             -0.229301             0.0287753
                 5.928             -0.229067             0.0295524
                 5.936             -0.228828             0.0303387
                 5.944             -0.228582             0.0311343
                 5.952              -0.22833             0.0319392
                  5.96             -0.228071             0.0327533
                 5.968             -0.227806             0.0335767
                 5.976             -0.227534             0.0344093
                 5.984             -0.227255             0.0352512
                 5.992              -0.22697             0.0361023
                     6             -0.226677             0.0369627
                 6.008             -0.226378             0.0378323
                 6.016             -0.226072             0.0387112
                 6.024             -0.225759             0.0395994
                 6.032             -0.225438             0.0404968
                  6.04             -0.225111             0.0414035
                 6.048             -0.224776             0.0423194
                 6.056             -0.224434             0.0432446
                 6.064             -0.224084             0.0441791
                 6.072             -0.223727             0.0451228
                  6.08             -0.223362             0.0460758
                 6.088              -0.22299              0.047038
                 6.096             -0.222609             0.0480094
                 6.104             -0.222221             0.0489902
                 6.112             -0.221826             0.0499802
                  6.12             -0.221422             0.0509782
                 6.128              -0.22101             0.0519644
                 6.136              -0.22059             0.0529318
                 6.144             -0.220163             0.0538804
                 6.152             -0.219728             0.0548102
                  6.16             -0.219286             0.0557212
                 6.168             -0.218837             0.0566133
                 6.176              -0.21838             0.0574867
                 6.184             -0.217917             0.0583412
                 6.192             -0.217447              0.059177
                   6.2              -0.21697             0.0599939
                 6.208             -0.216487              0.060792
                 6.216             -0.215998             0.0615713
                 6.224             -0.215502             0.0623318
                 6.232                -0.215             0.0630734
                  6.24             -0.214493             0.0637963
                 6.248              -0.21398             0.0645004
                 6.256             -0.213461             0.0651856
                 6.264             -0.212937              0.065852
                 6.272             -0.212407             0.0664997
                  6.28             -0.211873             0.0671285
                 6.288             -0.211333             0.0677385
                 6.296             -0.210789             0.0683296
                 6.304              -0.21024              0.068902
                 6.312             -0.209687             0.0694556
                  6.32             -0.209129             0.0699904
                 6.328             -0.208567             0.0705063
                 6.336             -0.208001             0.0710034
                 6.344             -0.207431             0.0714818
                 6.352             -0.206857             0.0719413
                  6.36              -0.20628              0.072382
                 6.368             -0.205699             0.0728039
                 6.376             -0.205115             0.0732069
                 6.384             -0.204528             0.0735912
                 6.392             -0.203938             0.0739567
                   6.4             -0.203345             0.0743033
                 6.408             -0.202749             0.0746312
                 6.416             -0.202151             0.0749402
                 6.424              -0.20155             0.0752304
                 6.432             -0.200947             0.0755018
                  6.44             -0.200342             0.0757544
                 6.448             -0.199735             0.0759882
                 6.456             -0.199126             0.0762032
                 6.464             -0.198516             0.0763993
                 6.472             -0.197904             0.0765767
                  6.48             -0.197291             0.0767352
                 6.488             -0.196676              0.076875
                 6.496             -0.196061             0.0769959
                 6.504             -0.195444              0.077098
                 6.512             -0.194827             0.0771813
                  6.52             -0.194209             0.0772458
                 6.528             -0.193591             0.0772914
                 6.536             -0.192973             0.0773183
                 6.544             -0.192354             0.0773264
                 6.552             -0.191736             0.0773156
                  6.56             -0.191117              0.077286
                 6.568             -0.190499             0.0772377
                 6.576             -0.189881             0.0771705
                 6.584             -0.189264             0.0770845
                 6.592             -0.188648               0.07699
                   6.6             -0.188032             0.0769573
                 6.608             -0.187417             0.0769993
                 6.616               -0.1868             0.0771161
                 6.624             -0.186182             0.0773077
                 6.632             -0.185563             0.0775741
                  6.64             -0.184941             0.0779153
                 6.648             -0.184316             0.0783313
                 6.656             -0.183688              0.078822
                 6.664             -0.183055             0.0793876
                 6.672             -0.182417             0.0800279
                  6.68             -0.181774             0.0807431
                 6.688             -0.181125              0.081533
                 6.696             -0.180469             0.0823977
                 6.704             -0.179807             0.0833372
                 6.712             -0.179136             0.0843515
                  6.72             -0.178457             0.0854406
                 6.728             -0.177769             0.0866045
                 6.736             -0.177071             0.0878432
                 6.744             -0.176363             0.0891567
                 6.752             -0.175644             0.0905449
                  6.76             -0.174914              0.092008
                 6.768             -0.174172             0.0935458
                 6.776             -0.173417             0.0951585
                 6.784             -0.172649             0.0968459
                 6.792             -0.171867             0.0986081
                   6.8             -0.171071              0.100445
                 6.808              -0.17026              0.102357
                 6.816             -0.169433              0.104344
                 6.824              -0.16859              0.106405
                 6.832             -0.167731              0.108541
                  6.84             -0.166853              0.110752
                 6.848             -0.165958              0.113038
                 6.856             -0.165045              0.115398
                 6.864             -0.164112              0.117834
                 6.872             -0.163159              0.120344
                  6.88             -0.162186              0.122929
                 6.888             -0.161192              0.125588
                 6.896             -0.160176              0.128323
                 6.904             -0.159139              0.131132
                 6.912             -0.158078              0.134016
                  6.92             -0.156994              0.136975
                 6.928             -0.155886              0.140009
                 6.936             -0.154754              0.143117
                 6.944             -0.153596              0.146301
                 6.952             -0.152413              0.149559
                  6.96             -0.151203              0.152891
                 6.968             -0.149966              0.156299
                 6.976             -0.148702              0.159782
                 6.984              -0.14741              0.163339
                 6.992             -0.146089              0.166971
                     7             -0.144738              0.170678
                 7.008             -0.143357              0.174459
                 7.016             -0.141946              0.178315
                 7.024             -0.140504              0.182247
                 7.032              -0.13903              0.186253
                  7.04             -0.137524              0.190333
                 7.048             -0.135985              0.194489
                 7.056             -0.134412              0.198719
                 7.064             -0.132805              0.202974
                 7.072             -0.131165              0.207076
                  7.08             -0.129492              0.211011
                 7.088             -0.127789              0.214778
                 7.096             -0.126056              0.218378
                 7.104             -0.124295              0.221811
                 7.112             -0.122508              0.225076
                  7.12             -0.120695              0.228174
                 7.128             -0.118857              0.231105
                 7.136             -0.116997              0.233868
                 7.144             -0.115116              0.236464
                 7.152             -0.113215              0.238892
                  7.16             -0.111294              0.241153
                 7.168             -0.109357              0.243247
                 7.176             -0.107403              0.245173
                 7.184             -0.105434              0.246932
                 7.192             -0.103452              0.248524
                   7.2             -0.101458              0.249948
                 7.208            -0.0994535              0.251205
                 7.216            -0.0974394              0.252295
                 7.224            -0.0954173              0.253217
                 7.232            -0.0933884              0.253972
                  7.24            -0.0913542              0.254559
                 7.248            -0.0893159              0.254979
                 7.256            -0.0872749              0.255232
                 7.264            -0.0852326              0.255317
                 7.272            -0.0831903              0.255235
                  7.28            -0.0811493              0.254986
                 7.288             -0.079111              0.254569
                 7.296            -0.0770767              0.253985
                 7.304            -0.0750477              0.253233
                 7.312            -0.0730254              0.252315
                  7.32            -0.0710111              0.251228
                 7.328            -0.0690062              0.249975
                 7.336            -0.0670119              0.248554
                 7.344            -0.0650298              0.246965
                 7.352            -0.0630609               0.24521
                  7.36            -0.0611068              0.243287
                 7.368            -0.0591688              0.241196
                 7.376            -0.0572481              0.238939
                 7.384            -0.0553462              0.236513
                 7.392            -0.0534644              0.233921
                   7.4            -0.0516039              0.231161
                 7.408            -0.0497663              0.228234
                 7.416            -0.0479527              0.225139
                 7.424            -0.0461645              0.221877
                 7.432            -0.0444031              0.218448
                  7.44            -0.0426698              0.214851
                 7.448            -0.0409659              0.211087
                 7.456            -0.0392928              0.207155
                 7.464            -0.0376519              0.203057
                 7.472            -0.0360444               0.19879
                  7.48            -0.0344717              0.194357
                 7.488            -0.0329351              0.189756
                 7.496             -0.031436              0.184988
                 7.504            -0.0299757              0.180052
                 7.512            -0.0285556              0.174949
                  7.52             -0.027177              0.169679
                 7.528            -0.0258412              0.164241
                 7.536            -0.0245494              0.158725
                 7.544            -0.0233014              0.153298
                 7.552            -0.0220964              0.147967
                  7.56            -0.0209336              0.142729
                 7.568            -0.0198124              0.137586
                 7.576             -0.018732              0.132538
                 7.584            -0.0176916              0.127584
                 7.592            -0.0166904              0.122724
                   7.6            -0.0157278              0.117958
                 7.608            -0.0148028              0.113287
                 7.616            -0.0139149               0.10871
                 7.624            -0.0130632              0.104228
                 7.632             -0.012247             0.0998398
                  7.64            -0.0114655             0.0955461
                 7.648             -0.010718             0.0913468
                 7.656            -0.0100037             0.0872419
                 7.664            -0.0093219             0.0832313
                 7.672           -0.00867178             0.0793151
                  7.68           -0.00805261             0.0754932
                 7.688           -0.00746364             0.0717657
                 7.696           -0.00690411             0.0681326
                 7.704           -0.00637326             0.0645939
                 7.712           -0.00587035             0.0611495
                  7.72           -0.00539462             0.0577995
                 7.728           -0.00494531             0.0545439
                 7.736           -0.00452167             0.0513826
                 7.744           -0.00412294             0.0483157
                 7.752           -0.00374836             0.0453431
                  7.76            -0.0033972             0.0424649
                 7.768           -0.00306867             0.0396811
                 7.776           -0.00276205             0.0369917
                 7.784           -0.00247656             0.0343966
                 7.792           -0.00221145             0.0318959
                   7.8           -0.00196597             0.0294895
                 7.808           -0.00173936             0.0271776
                 7.816           -0.00153088             0.0249599
                 7.824           -0.00133975             0.0228367
                 7.832           -0.00116524             0.0208078
                  7.84           -0.00100658             0.0188733
                 7.848          -0.000863013             0.0170332
                 7.856          -0.000733794             0.0152874
                 7.864          -0.000618164              0.013636
                 7.872          -0.000515367             0.0120789
                  7.88          -0.000424649             0.0106162
                 7.888          -0.000345256            0.00924792
                 7.896          -0.000276431            0.00797397
                 7.904           -0.00021742            0.00679439
                 7.912          -0.000167469            0.00570918
                  7.92          -0.000125822            0.00471833
                 7.928          -9.17243e-05            0.00382184
                 7.936          -6.44209e-05            0.00301973
                 7.944           -4.3157e-05            0.00231198
                 7.952          -2.71776e-05             0.0016986
                  7.96          -1.57278e-05            0.00117958
                 7.968          -8.05261e-06           0.000754932
                 7.976           -3.3972e-06           0.000424649
                 7.984          -1.00658e-06           0.000188733
                 7.992          -1.25822e-07           4.71833e-05
