#   index    LocalEnergy         LocalEnergy_sq      LocalPotential      Kinetic             ElecElec            IonIon              LocalECP            NonLocalECP         BlockWeight         BlockCPU            AcceptRatio         
         0   -7.9331701612e-01    6.3804005554e-01   -1.4737234128e+00    6.8040639668e-01    2.7492314549e-01    3.3179334769e-01   -2.1353645103e+00    5.4924604269e-02    1.2000000000e+01    5.3229749938e-05    1.0000000000e+00
         1   -8.0630200140e-01    6.5141995148e-01   -1.4922342165e+00    6.8593221515e-01    3.3358536913e-01    3.3179334769e-01   -2.1897341274e+00    3.2121194076e-02    1.2000000000e+01    4.9483750445e-05    1.0000000000e+00
         2   -8.1032355741e-01    6.5798507226e-01   -1.8501983947e+00    1.0398748373e+00    3.0905039576e-01    3.3179334769e-01   -2.4971265086e+00    6.0843704405e-03    1.2000000000e+01    4.5098749979e-05    1.0000000000e+00
         3   -7.8714080845e-01    6.2010153329e-01   -1.8475490533e+00    1.0604082448e+00    3.3086635563e-01    3.3179334769e-01   -2.5195843708e+00    9.3756142036e-03    1.2000000000e+01    4.2462000238e-05    1.0000000000e+00
         4   -7.8854230491e-01    6.2225564324e-01   -1.5768452284e+00    7.8830292350e-01    3.6023758008e-01    3.3179334769e-01   -2.2749192674e+00    6.0431112521e-03    1.2000000000e+01    4.1623000470e-05    1.0000000000e+00
         5   -7.9087381221e-01    6.2710023824e-01   -1.3714023140e+00    5.8052850182e-01    3.3826347536e-01    3.3179334769e-01   -2.0480130030e+00    6.5538658941e-03    1.2000000000e+01    4.1632000375e-05    1.0000000000e+00
         6   -8.6037287910e-01    7.4361524029e-01   -1.3638103884e+00    5.0343750926e-01    3.4802385950e-01    3.3179334769e-01   -2.0452960357e+00    1.6684401094e-03    1.2000000000e+01    4.4941249598e-05    9.5833333333e-01
         7   -8.5153739464e-01    7.2784470095e-01   -1.3265356623e+00    4.7499826764e-01    3.4909639362e-01    3.3179334769e-01   -2.0128581408e+00    5.4327372390e-03    1.2000000000e+01    7.0379000590e-05    1.0000000000e+00
         8   -8.2244001345e-01    6.7779051398e-01   -1.5285993777e+00    7.0615936425e-01    2.8301818370e-01    3.3179334769e-01   -2.1435514350e+00    1.4052592817e-04    1.2000000000e+01    4.3291500333e-05    9.5833333333e-01
         9   -8.1154701305e-01    6.6190565404e-01   -1.7183024152e+00    9.0675540219e-01    2.7795891748e-01    3.3179334769e-01   -2.3284791653e+00    4.2448489379e-04    1.2000000000e+01    4.6940499487e-05    9.5833333333e-01
        10   -8.3916201612e-01    7.0683373443e-01   -1.6442704162e+00    8.0510840011e-01    2.9858581371e-01    3.3179334769e-01   -2.2791497919e+00    4.5002142399e-03    1.2000000000e+01    4.4059999709e-05    1.0000000000e+00
        11   -8.5131161615e-01    7.3115378494e-01   -1.1345371821e+00    2.8322556596e-01    2.8899547436e-01    3.3179334769e-01   -1.8158380848e+00    6.0512080610e-02    1.2000000000e+01    4.0210999941e-05    1.0000000000e+00
        12   -7.5044022764e-01    5.7824899432e-01   -9.7868617521e-01    2.2824594758e-01    2.7636676627e-01    3.3179334769e-01   -1.8046339825e+00    2.1778769332e-01    1.2000000000e+01    3.8822250190e-05    1.0000000000e+00
        13   -7.7551915275e-01    6.0831651533e-01   -1.1337506397e+00    3.5823148699e-01    2.7610367630e-01    3.3179334769e-01   -1.7843529928e+00    4.2705329051e-02    1.2000000000e+01    3.7281250570e-05    1.0000000000e+00
        14   -7.7088644476e-01    5.9559665336e-01   -1.1162000516e+00    3.4531360683e-01    2.7271444309e-01    3.3179334769e-01   -1.7980063941e+00    7.7298551774e-02    1.2000000000e+01    5.1427999097e-05    1.0000000000e+00
        15   -7.3867689003e-01    5.5114130078e-01   -9.7113721261e-01    2.3246032258e-01    2.7091634923e-01    3.3179334769e-01   -1.6134624834e+00    3.9615573866e-02    1.2000000000e+01    4.1547000365e-05    1.0000000000e+00
        16   -7.4076444212e-01    5.5564267976e-01   -8.1000413300e-01    6.9239690885e-02    3.6162229942e-01    3.3179334769e-01   -1.5069331919e+00    3.5134118188e-03    1.2000000000e+01    4.4051750592e-05    1.0000000000e+00
        17   -7.3203903258e-01    5.4051107990e-01   -8.4707256147e-01    1.1503352890e-01    3.0568431678e-01    3.3179334769e-01   -1.4928255272e+00    8.2753013047e-03    1.2000000000e+01    4.5804250931e-05    1.0000000000e+00
        18   -7.2719762352e-01    5.3295972777e-01   -8.9752679281e-01    1.7032916929e-01    3.0689704321e-01    3.3179334769e-01   -1.5379298099e+00    1.7126261430e-03    1.2000000000e+01    3.9139250021e-05    1.0000000000e+00
        19   -7.1898196486e-01    5.1961244344e-01   -1.1927926162e+00    4.7381065129e-01    4.2758535007e-01    3.3179334769e-01   -1.9567237211e+00    4.5524071553e-03    1.2000000000e+01    4.2145750285e-05    1.0000000000e+00
        20   -7.1231792750e-01    5.1412942588e-01   -1.7104308360e+00    9.9811290851e-01    4.6921120149e-01    3.3179334769e-01   -2.5271491518e+00    1.5713766602e-02    1.2000000000e+01    4.9191749895e-05    1.0000000000e+00
        21   -7.1113192560e-01    5.1410446719e-01   -2.1646924054e+00    1.4535604798e+00    5.2778970102e-01    3.3179334769e-01   -3.0791358929e+00    5.4860438722e-02    1.2000000000e+01    4.7469000037e-05    9.5833333333e-01
        22   -7.6620793939e-01    5.9679438890e-01   -1.9469039726e+00    1.1806960332e+00    3.9886811050e-01    3.3179334769e-01   -2.8856297210e+00    2.0806429025e-01    1.2000000000e+01    4.8777500069e-05    9.1666666667e-01
        23   -7.8755430751e-01    6.2566152618e-01   -1.3995399781e+00    6.1198567055e-01    3.4197944895e-01    3.3179334769e-01   -2.2712850047e+00    1.9797223001e-01    1.2000000000e+01    4.5574750402e-05    1.0000000000e+00
        24   -7.8822121678e-01    6.2215092182e-01   -1.2841391649e+00    4.9591794812e-01    3.4382251246e-01    3.3179334769e-01   -1.9669692592e+00    7.2142341113e-03    1.2000000000e+01    4.5545250032e-05    9.5833333333e-01
        25   -7.8077568938e-01    6.0996528901e-01   -1.2228308272e+00    4.4205513777e-01    3.4054065544e-01    3.3179334769e-01   -1.8973582544e+00    2.1934240743e-03    1.2000000000e+01    4.9185250191e-05    1.0000000000e+00
        26   -8.0748538567e-01    6.5600919275e-01   -1.3477760984e+00    5.4029071275e-01    3.9104878757e-01    3.3179334769e-01   -2.0796439162e+00    9.0256824785e-03    1.2000000000e+01    4.7792749683e-05    1.0000000000e+00
        27   -8.2433552334e-01    6.8303845156e-01   -1.4187693769e+00    5.9443385356e-01    4.2603418500e-01    3.3179334769e-01   -2.1876721139e+00    1.1075204329e-02    1.2000000000e+01    4.8726249133e-05    1.0000000000e+00
        28   -7.9228627880e-01    6.3025368035e-01   -1.3626040576e+00    5.7031777878e-01    3.8201146088e-01    3.3179334769e-01   -2.0894838809e+00    1.3075014721e-02    1.2000000000e+01    5.0361250032e-05    1.0000000000e+00
        29   -7.7771814855e-01    6.0678256621e-01   -1.5413711136e+00    7.6365296504e-01    3.5832709603e-01    3.3179334769e-01   -2.2661083113e+00    3.4616753987e-02    1.2000000000e+01    6.2451249960e-05    1.0000000000e+00
        30   -7.8592500182e-01    6.2109455812e-01   -1.7458072803e+00    9.5988227849e-01    3.6539102240e-01    3.3179334769e-01   -2.7410041169e+00    2.9801246654e-01    1.2000000000e+01    1.0610574964e-04    9.5833333333e-01
        31   -7.7154521630e-01    5.9617454640e-01   -1.7722796929e+00    1.0007344766e+00    3.3629644301e-01    3.3179334769e-01   -2.4915969973e+00    5.1227513682e-02    1.2000000000e+01    6.4711999130e-05    1.0000000000e+00
        32   -7.6308855746e-01    5.8389650504e-01   -1.3993865006e+00    6.3629794316e-01    3.7962833027e-01    3.3179334769e-01   -2.2388325641e+00    1.2802438555e-01    1.2000000000e+01    4.9640749694e-05    1.0000000000e+00
        33   -7.5894489001e-01    5.7728820776e-01   -1.3932267512e+00    6.3428186121e-01    3.8971746146e-01    3.3179334769e-01   -2.2562007530e+00    1.4146319266e-01    1.2000000000e+01    4.5907750973e-05    9.5833333333e-01
        34   -8.2773180264e-01    6.8710596111e-01   -2.2173765523e+00    1.3896447496e+00    4.0933856351e-01    3.3179334769e-01   -3.0148508520e+00    5.6342388493e-02    1.2000000000e+01    4.6695499350e-05    9.5833333333e-01
        35   -8.1475495224e-01    6.6587504633e-01   -1.8624931479e+00    1.0477381956e+00    5.3774834413e-01    3.3179334769e-01   -2.7433146332e+00    1.1279793570e-02    1.2000000000e+01    5.3021750318e-05    1.0000000000e+00
        36   -8.2716004225e-01    6.8634907038e-01   -1.6851916340e+00    8.5803159179e-01    5.0227694190e-01    3.3179334769e-01   -2.5311226789e+00    1.1860755304e-02    1.2000000000e+01    5.2482499541e-05    1.0000000000e+00
        37   -8.0237106698e-01    6.4949003216e-01   -1.5968025693e+00    7.9443150232e-01    5.8821993888e-01    3.3179334769e-01   -2.5351867808e+00    1.8370924956e-02    1.2000000000e+01    6.5807750161e-05    1.0000000000e+00
        38   -8.0344365940e-01    6.6157303979e-01   -2.4363507820e+00    1.6329071226e+00    6.2851659999e-01    3.3179334769e-01   -3.3974826495e+00    8.2191975829e-04    1.2000000000e+01    4.7834249926e-05    9.5833333333e-01
        39   -8.0768612681e-01    6.6543298261e-01   -2.7503466177e+00    1.9426604909e+00    6.7801910386e-01    3.3179334769e-01   -3.7638601078e+00    3.7010385724e-03    1.2000000000e+01    5.1945999985e-05    9.1666666667e-01
        40   -8.0850841354e-01    6.5938561307e-01   -1.7326100699e+00    9.2410165641e-01    9.8864542189e-01    3.3179334769e-01   -3.0952630863e+00    4.2214246781e-02    1.2000000000e+01    4.4661750053e-05    1.0000000000e+00
        41   -7.1191045667e-01    5.2114194025e-01   -1.0308017454e+00    3.1889128876e-01    1.6579534471e+00    3.3179334769e-01   -3.0800502987e+00    5.9501758498e-02    1.2000000000e+01    4.5529250201e-05    1.0000000000e+00
        42   -7.7680924644e-01    6.3374777001e-01   -2.9043379101e+00    2.1275286637e+00    1.0911246766e+00    3.3179334769e-01   -4.3765102836e+00    4.9254349198e-02    1.2000000000e+01    5.3658000525e-05    9.5833333333e-01
        43   -8.0464695619e-01    6.6260485858e-01   -3.3087536747e+00    2.5041067186e+00    5.8071983235e-01    3.3179334769e-01   -4.3361945118e+00    1.1492765700e-01    1.2000000000e+01    4.8382749810e-05    8.7500000000e-01
        44   -7.2800042426e-01    5.3578694619e-01   -2.8249659656e+00    2.0969655413e+00    5.7489496384e-01    3.3179334769e-01   -3.7410751432e+00    9.4208661508e-03    1.2000000000e+01    5.3233500239e-05    9.1666666667e-01
        45   -7.8194041014e-01    6.1506445689e-01   -1.8058143307e+00    1.0238739206e+00    7.1005690215e-01    3.3179334769e-01   -2.8489147918e+00    1.2502112864e-03    1.2000000000e+01    6.3235249854e-05    1.0000000000e+00
        46   -8.0449548377e-01    6.5289504845e-01   -2.2819376780e+00    1.4774421943e+00    6.5454990125e-01    3.3179334769e-01   -3.2683498072e+00    6.8880210425e-05    1.2000000000e+01    4.7345250096e-05    9.1666666667e-01
        47   -7.6388741712e-01    5.8599827185e-01   -1.7887058647e+00    1.0248184476e+00    5.2304974129e-01    3.3179334769e-01   -2.6436925969e+00    1.4364316676e-04    1.2000000000e+01    4.4320250709e-05    1.0000000000e+00
        48   -7.7779041977e-01    6.1059504235e-01   -1.7929115256e+00    1.0151211058e+00    5.7261890792e-01    3.3179334769e-01   -2.6974412713e+00    1.1749005060e-04    1.2000000000e+01    4.1770000280e-05    9.5833333333e-01
        49   -8.0046465724e-01    6.4842805836e-01   -1.7860599034e+00    9.8559524617e-01    4.8131518133e-01    3.3179334769e-01   -2.6045445971e+00    5.3761646476e-03    1.2000000000e+01    4.4401499963e-05    9.5833333333e-01
        50   -8.1834676391e-01    6.7245787719e-01   -1.5341173351e+00    7.1577057121e-01    4.0988600088e-01    3.3179334769e-01   -2.2775894677e+00    1.7927840362e-03    1.2000000000e+01    4.5137500365e-05    1.0000000000e+00
        51   -7.9652687766e-01    6.3787458080e-01   -1.4023017076e+00    6.0577482996e-01    4.3928947346e-01    3.3179334769e-01   -2.1744176911e+00    1.0331623337e-03    1.2000000000e+01    3.9732500682e-05    9.1666666667e-01
        52   -7.8903103976e-01    6.2552409122e-01   -1.5972785672e+00    8.0824752745e-01    4.6625014578e-01    3.3179334769e-01   -2.4024379815e+00    7.1159207834e-03    1.2000000000e+01    2.6471124966e-04    1.0000000000e+00
        53   -8.0831807359e-01    6.5537169724e-01   -1.6049232626e+00    7.9660518897e-01    4.2182925376e-01    3.3179334769e-01   -2.3710635869e+00    1.2517722903e-02    1.2000000000e+01    4.6880500122e-05    9.5833333333e-01
        54   -7.7918080170e-01    6.1402969303e-01   -1.7688898745e+00    9.8970907281e-01    6.1061728310e-01    3.3179334769e-01   -2.7117627013e+00    4.6219595513e-04    1.2000000000e+01    4.7090250064e-05    9.5833333333e-01
        55   -7.4412225249e-01    5.5884503247e-01   -2.2074450341e+00    1.4633227816e+00    4.7864536248e-01    3.3179334769e-01   -3.0370988729e+00    1.9215128585e-02    1.2000000000e+01    4.8823999805e-05    1.0000000000e+00
        56   -7.5982409028e-01    5.8063568769e-01   -2.2532364552e+00    1.4934123649e+00    4.6662781501e-01    3.3179334769e-01   -3.1147924088e+00    6.3134790953e-02    1.2000000000e+01    5.5283499933e-05    9.5833333333e-01
        57   -7.8702978822e-01    6.2150038174e-01   -2.6380503108e+00    1.8510205225e+00    4.6794347768e-01    3.3179334769e-01   -3.5431944668e+00    1.0540733063e-01    1.2000000000e+01    5.8682499912e-05    1.0000000000e+00
        58   -7.8969188010e-01    6.2534293510e-01   -1.6173150329e+00    8.2762315275e-01    5.5981293066e-01    3.3179334769e-01   -2.5414028199e+00    3.2481508735e-02    1.2000000000e+01    5.2439750107e-05    1.0000000000e+00
        59   -7.5179480587e-01    5.7480878409e-01   -1.8537713550e+00    1.1019765491e+00    7.1907356174e-01    3.3179334769e-01   -2.9063580615e+00    1.7197971641e-03    1.2000000000e+01    5.4037499922e-05    1.0000000000e+00
        60   -7.5860101208e-01    5.8195564415e-01   -1.6276244794e+00    8.6902346733e-01    4.8520736812e-01    3.3179334769e-01   -2.4470048104e+00    2.3796151637e-03    1.2000000000e+01    4.8414000048e-05    9.5833333333e-01
        61   -7.9050679845e-01    6.3429261394e-01   -1.3894740380e+00    5.9896723951e-01    4.0251577554e-01    3.3179334769e-01   -2.1678665961e+00    4.4083434933e-02    1.2000000000e+01    4.3831500079e-05    9.5833333333e-01
        62   -7.7369975148e-01    6.0195551442e-01   -1.1348930347e+00    3.6119328323e-01    3.4855358492e-01    3.3179334769e-01   -1.9308567713e+00    1.1561680402e-01    1.2000000000e+01    4.3774249662e-05    1.0000000000e+00
        63   -7.5649190413e-01    5.7922017568e-01   -1.1817255044e+00    4.2523360031e-01    3.8939001427e-01    3.3179334769e-01   -1.9563000841e+00    5.3391217746e-02    1.2000000000e+01    4.9662749916e-05    1.0000000000e+00
        64   -7.8042924315e-01    6.1338169233e-01   -1.1863711883e+00    4.0594194510e-01    2.8652873067e-01    3.3179334769e-01   -1.8741214636e+00    6.9428196983e-02    1.2000000000e+01    4.4150750000e-05    1.0000000000e+00
        65   -7.6842251389e-01    5.9259035278e-01   -1.2574035399e+00    4.8898102604e-01    3.5618682882e-01    3.3179334769e-01   -1.9886727018e+00    4.3288985338e-02    1.2000000000e+01    4.8314499963e-05    9.5833333333e-01
        66   -8.0743553480e-01    6.5747855453e-01   -1.4835909334e+00    6.7615539857e-01    4.1977622307e-01    3.3179334769e-01   -2.2791258733e+00    4.3965369151e-02    1.2000000000e+01    4.8924000566e-05    9.5833333333e-01
        67   -8.1695590187e-01    6.7207037656e-01   -1.2797397455e+00    4.6278384363e-01    3.2982180773e-01    3.3179334769e-01   -1.9438076490e+00    2.4527480706e-03    1.2000000000e+01    4.9412249609e-05    1.0000000000e+00
        68   -7.6841071483e-01    5.9620257971e-01   -1.1399448285e+00    3.7153411363e-01    3.9559309065e-01    3.3179334769e-01   -1.8703420828e+00    3.0108160056e-03    1.2000000000e+01    4.8902500566e-05    1.0000000000e+00
        69   -7.6944041152e-01    5.9263180301e-01   -1.1117612098e+00    3.4232079825e-01    3.0455844614e-01    3.3179334769e-01   -1.7538119543e+00    5.6989507149e-03    1.2000000000e+01    4.5454999508e-05    1.0000000000e+00
        70   -7.5665545644e-01    5.7311079557e-01   -1.2327339765e+00    4.7607852005e-01    3.0570143058e-01    3.3179334769e-01   -1.8786440946e+00    8.4153398831e-03    1.2000000000e+01    5.2867250361e-05    9.5833333333e-01
        71   -7.6441092202e-01    5.8547960527e-01   -1.2528207372e+00    4.8840981522e-01    3.0037066291e-01    3.3179334769e-01   -1.9225982266e+00    3.7613478775e-02    1.2000000000e+01    5.2555499678e-05    1.0000000000e+00
        72   -7.9967150228e-01    6.4129277271e-01   -1.8555607715e+00    1.0558892692e+00    3.4714493650e-01    3.3179334769e-01   -2.5469191646e+00    1.2420108883e-02    1.2000000000e+01    5.0707500577e-05    9.5833333333e-01
        73   -7.7889873730e-01    6.0992722258e-01   -1.7850605737e+00    1.0061618364e+00    5.1792591625e-01    3.3179334769e-01   -2.6425427617e+00    7.7629240618e-03    1.2000000000e+01    4.8363249789e-05    9.1666666667e-01
        74   -7.5263907685e-01    5.7314195452e-01   -2.2795474674e+00    1.5269083906e+00    4.8687486753e-01    3.3179334769e-01   -3.0991277100e+00    9.1202732045e-04    1.2000000000e+01    8.4960249751e-05    1.0000000000e+00
        75   -7.5374317498e-01    5.7161906145e-01   -2.2890578533e+00    1.5353146783e+00    4.2801964357e-01    3.3179334769e-01   -3.0489875585e+00    1.1671397377e-04    1.2000000000e+01    6.4992750140e-05    9.5833333333e-01
        76   -8.3461248790e-01    7.0457637828e-01   -1.7178178785e+00    8.8320539057e-01    5.8533975164e-01    3.3179334769e-01   -2.6355427926e+00    5.9181475323e-04    1.2000000000e+01    5.5812000028e-05    1.0000000000e+00
        77   -7.8359730835e-01    6.1498152176e-01   -2.5606872256e+00    1.7770899173e+00    3.6277611580e-01    3.3179334769e-01   -3.2553944483e+00    1.3775921082e-04    1.2000000000e+01    6.9456000801e-05    9.5833333333e-01
        78   -7.9562046479e-01    6.3544380806e-01   -2.4820588276e+00    1.6864383628e+00    4.3415775948e-01    3.3179334769e-01   -3.2487346695e+00    7.2473477707e-04    1.2000000000e+01    5.1800000165e-05    9.5833333333e-01
        79   -7.8908852179e-01    6.3776083141e-01   -1.9518724225e+00    1.1627839007e+00    5.7414840864e-01    3.3179334769e-01   -2.8578544064e+00    4.0227603258e-05    1.2000000000e+01    4.3993999498e-05    1.0000000000e+00
        80   -7.7218183814e-01    6.1164676046e-01   -1.8527811965e+00    1.0805993583e+00    7.0976249622e-01    3.3179334769e-01   -2.8944800534e+00    1.4301296751e-04    1.2000000000e+01    5.2372249684e-05    9.5833333333e-01
        81   -7.5502151834e-01    5.8741524356e-01   -1.8482054893e+00    1.0931839709e+00    7.3002285575e-01    3.3179334769e-01   -2.9103576119e+00    3.3591917134e-04    1.2000000000e+01    5.7746500261e-05    1.0000000000e+00
        82   -7.5533477330e-01    5.7647689768e-01   -2.1383143864e+00    1.3829796131e+00    6.0299488874e-01    3.3179334769e-01   -3.0738871807e+00    7.8455787216e-04    1.2000000000e+01    4.2030249915e-05    9.5833333333e-01
        83   -7.6880028511e-01    5.9516338878e-01   -1.8181346559e+00    1.0493343707e+00    5.1858794568e-01    3.3179334769e-01   -2.6685989670e+00    8.3017788864e-05    1.2000000000e+01    4.5755250085e-05    9.5833333333e-01
        84   -7.3406611724e-01    5.4140238576e-01   -1.5392267929e+00    8.0516067570e-01    4.5307835550e-01    3.3179334769e-01   -2.3243155395e+00    2.1704332851e-04    1.2000000000e+01    4.3879250825e-05    1.0000000000e+00
        85   -7.8632178549e-01    6.2154793047e-01   -1.2717795684e+00    4.8545778296e-01    4.1591290923e-01    3.3179334769e-01   -2.0199550364e+00    4.6921104790e-04    1.2000000000e+01    4.1009500364e-05    1.0000000000e+00
        86   -7.5617900707e-01    5.7251220691e-01   -1.1814694581e+00    4.2529045099e-01    4.3312980229e-01    3.3179334769e-01   -1.9522878371e+00    5.8952291046e-03    1.2000000000e+01    4.8753749979e-05    1.0000000000e+00
        87   -8.0404500797e-01    6.4982960170e-01   -1.2706585478e+00    4.6661353978e-01    5.1465404726e-01    3.3179334769e-01   -2.1205665841e+00    3.4606413748e-03    1.2000000000e+01    4.7004499720e-05    9.5833333333e-01
        88   -8.0682398522e-01    6.5586776270e-01   -1.4321231356e+00    6.2529915042e-01    5.1536799146e-01    3.3179334769e-01   -2.3133229538e+00    3.4038479064e-02    1.2000000000e+01    4.9178999689e-05    1.0000000000e+00
        89   -7.7801496020e-01    6.1128122163e-01   -1.5159923010e+00    7.3797734083e-01    4.9535200656e-01    3.3179334769e-01   -2.4485524878e+00    1.0541483250e-01    1.2000000000e+01    4.7817750328e-05    9.5833333333e-01
        90   -7.6924483001e-01    5.9974400783e-01   -1.5394492065e+00    7.7020437649e-01    1.1028089862e+00    3.3179334769e-01   -2.9882068595e+00    1.4155319085e-02    1.2000000000e+01    4.8904249070e-05    1.0000000000e+00
        91   -8.3074703009e-01    6.9462704067e-01   -1.7304269858e+00    8.9967995567e-01    6.0188098901e-01    3.3179334769e-01   -2.6762619830e+00    1.2160660546e-02    1.2000000000e+01    5.1606999932e-05    1.0000000000e+00
        92   -8.0821597836e-01    6.5918833483e-01   -1.6880897767e+00    8.7987379837e-01    5.7384111920e-01    3.3179334769e-01   -2.6757206962e+00    8.1996452583e-02    1.2000000000e+01    5.1135750255e-05    9.1666666667e-01
        93   -7.9271851481e-01    6.3115689495e-01   -2.6720800295e+00    1.8793615146e+00    4.8566648962e-01    3.3179334769e-01   -3.5025735957e+00    1.3033728910e-02    1.2000000000e+01    4.5648000196e-05    9.5833333333e-01
        94   -7.6376320427e-01    5.8447694974e-01   -1.3121446705e+00    5.4838146621e-01    3.6976410819e-01    3.3179334769e-01   -2.0566739287e+00    4.2971802355e-02    1.2000000000e+01    4.4275249820e-05    1.0000000000e+00
        95   -7.7563491059e-01    6.0270480851e-01   -1.2021440038e+00    4.2650909317e-01    3.7836581091e-01    3.3179334769e-01   -1.9478809474e+00    3.5577785029e-02    1.2000000000e+01    4.5567499456e-05    9.5833333333e-01
        96   -7.8906674065e-01    6.2342276451e-01   -1.4008574100e+00    6.1179066934e-01    4.2505547770e-01    3.3179334769e-01   -2.1629029257e+00    5.1966903220e-03    1.2000000000e+01    4.4359000640e-05    9.1666666667e-01
        97   -8.1347632533e-01    6.6449160778e-01   -1.4194068065e+00    6.0593048117e-01    4.2319011138e-01    3.3179334769e-01   -2.1770331684e+00    2.6429028283e-03    1.2000000000e+01    4.5842250529e-05    9.1666666667e-01
        98   -7.9821435606e-01    6.4184262038e-01   -1.8332908287e+00    1.0350764727e+00    3.6419532259e-01    3.3179334769e-01   -2.5312634644e+00    1.9839653972e-03    1.2000000000e+01    4.1819999751e-05    9.5833333333e-01
        99   -8.0680784113e-01    6.6168684210e-01   -2.5233445290e+00    1.7165366879e+00    4.1647757120e-01    3.3179334769e-01   -3.2735119783e+00    1.8965303520e-03    1.2000000000e+01    6.0505249166e-05    9.5833333333e-01
       100   -7.9561352371e-01    6.3539214309e-01   -1.6831136595e+00    8.8750013575e-01    4.6681458156e-01    3.3179334769e-01   -2.4998926307e+00    1.8171042023e-02    1.2000000000e+01    5.2733249504e-05    1.0000000000e+00
       101   -8.1311579903e-01    6.6595746024e-01   -1.4579791272e+00    6.4486332814e-01    4.6806160188e-01    3.3179334769e-01   -2.4859359068e+00    2.2810183009e-01    1.2000000000e+01    4.7437499688e-05    1.0000000000e+00
       102   -8.1865618224e-01    6.7573260587e-01   -1.7560286800e+00    9.3737249780e-01    4.8730361300e-01    3.3179334769e-01   -2.7148555822e+00    1.3972994145e-01    1.2000000000e+01    4.4656999307e-05    1.0000000000e+00
       103   -7.9654669593e-01    6.3612751939e-01   -1.5462447144e+00    7.4969801846e-01    4.6417333633e-01    3.3179334769e-01   -2.4122605485e+00    7.0049150125e-02    1.2000000000e+01    5.1138999879e-05    1.0000000000e+00
       104   -8.2161047264e-01    6.7714075523e-01   -1.5093383221e+00    6.8772784947e-01    4.3642356203e-01    3.3179334769e-01   -2.3466513493e+00    6.9096117479e-02    1.2000000000e+01    4.3962999825e-05    1.0000000000e+00
       105   -7.8952392635e-01    6.2462626249e-01   -1.3279392219e+00    5.3841529553e-01    4.2672338879e-01    3.3179334769e-01   -2.1057249310e+00    1.9268972629e-02    1.2000000000e+01    4.2039250275e-05    1.0000000000e+00
       106   -7.5511835672e-01    5.7215796728e-01   -1.6214445199e+00    8.6632616322e-01    4.3971469128e-01    3.3179334769e-01   -2.3967818788e+00    3.8293198933e-03    1.2000000000e+01    4.5745999614e-05    1.0000000000e+00
       107   -7.5317956389e-01    5.7800345710e-01   -2.5049261153e+00    1.7517465514e+00    5.5402089184e-01    3.3179334769e-01   -3.3910653642e+00    3.2500936157e-04    1.2000000000e+01    4.4263750624e-05    9.5833333333e-01
       108   -7.7891916363e-01    6.1822537341e-01   -1.9291174554e+00    1.1501982918e+00    4.7286719742e-01    3.3179334769e-01   -2.7455175607e+00    1.1739560156e-02    1.2000000000e+01    4.0405250274e-05    1.0000000000e+00
       109   -7.8017225159e-01    6.1330208903e-01   -1.6780655535e+00    8.9789330195e-01    4.9106453743e-01    3.3179334769e-01   -2.5217760277e+00    2.0852589020e-02    1.2000000000e+01    4.6010750339e-05    1.0000000000e+00
       110   -7.3405290619e-01    5.4593251737e-01   -2.0929743410e+00    1.3589214348e+00    6.1532250124e-01    3.3179334769e-01   -3.0406367806e+00    5.4659074449e-04    1.2000000000e+01    4.9628499710e-05    1.0000000000e+00
       111   -7.7636321321e-01    6.2358298485e-01   -3.3367028475e+00    2.5603396343e+00    6.2687280714e-01    3.3179334769e-01   -4.2983796840e+00    3.0106817100e-03    1.2000000000e+01    4.8566749683e-05    9.1666666667e-01
       112   -7.7468680252e-01    6.1152453720e-01   -2.7888491763e+00    2.0141623738e+00    4.2486697316e-01    3.3179334769e-01   -3.5570319522e+00    1.1522455092e-02    1.2000000000e+01    4.5175499963e-05    9.5833333333e-01
       113   -8.1899241661e-01    6.8274413607e-01   -2.0902152494e+00    1.2712228328e+00    5.2077125808e-01    3.3179334769e-01   -2.9440776415e+00    1.2977863008e-03    1.2000000000e+01    3.4436500300e-05    9.5833333333e-01
       114   -8.1904170359e-01    6.8846560698e-01   -2.7484562805e+00    1.9294145769e+00    4.5395580836e-01    3.3179334769e-01   -3.5343208068e+00    1.1537019117e-04    1.2000000000e+01    3.8563000089e-05    1.0000000000e+00
       115   -7.7236894514e-01    6.0048042597e-01   -1.7240009170e+00    9.5163197188e-01    3.9122555625e-01    3.3179334769e-01   -2.4470349493e+00    1.5128385337e-05    1.2000000000e+01    3.8720000248e-05    9.5833333333e-01
       116   -7.9556865507e-01    6.3680583206e-01   -1.9879646326e+00    1.1923959776e+00    3.7109513228e-01    3.3179334769e-01   -2.6912164162e+00    3.6330362125e-04    1.2000000000e+01    3.8648749978e-05    9.5833333333e-01
       117   -8.1520949339e-01    6.6641747846e-01   -1.6662977410e+00    8.5108824757e-01    3.7095059966e-01    3.3179334769e-01   -2.3739953063e+00    4.9536180364e-03    1.2000000000e+01    4.6881750222e-05    1.0000000000e+00
       118   -7.7064018634e-01    5.9547861429e-01   -1.4032802528e+00    6.3264006643e-01    3.8702129592e-01    3.3179334769e-01   -2.2737828900e+00    1.5168799368e-01    1.2000000000e+01    4.7466499382e-05    1.0000000000e+00
       119   -7.9291079711e-01    6.3040136030e-01   -1.3793251697e+00    5.8641437258e-01    4.0433634340e-01    3.3179334769e-01   -2.2298637804e+00    1.1440891960e-01    1.2000000000e+01    4.7199249821e-05    1.0000000000e+00
       120   -7.7964481251e-01    6.0963903540e-01   -1.3029614933e+00    5.2331668080e-01    3.9351298600e-01    3.3179334769e-01   -2.0432969958e+00    1.5029168823e-02    1.2000000000e+01    5.4315250054e-05    9.5833333333e-01
       121   -7.8483474995e-01    6.1923850668e-01   -1.4795960991e+00    6.9476134913e-01    4.4445898891e-01    3.3179334769e-01   -2.3044799569e+00    4.8631521249e-02    1.2000000000e+01    5.5132750276e-05    1.0000000000e+00
       122   -7.8950971900e-01    6.2585743046e-01   -1.5494428516e+00    7.5993313259e-01    4.3949063577e-01    3.3179334769e-01   -2.3572583487e+00    3.6531513648e-02    1.2000000000e+01    5.3910500355e-05    1.0000000000e+00
       123   -8.4078380265e-01    7.2089788507e-01   -2.1277586868e+00    1.2869748842e+00    6.1795144602e-01    3.3179334769e-01   -3.1322436621e+00    5.4740181568e-02    1.2000000000e+01    5.2900250012e-05    1.0000000000e+00
       124   -7.8744484617e-01    6.2861563801e-01   -1.7386958612e+00    9.5125101505e-01    5.2602138268e-01    3.3179334769e-01   -2.6773397887e+00    8.0829197130e-02    1.2000000000e+01    5.2124000376e-05    1.0000000000e+00
       125   -8.3708426637e-01    7.0374177220e-01   -1.4414329351e+00    6.0434866868e-01    4.2736767106e-01    3.3179334769e-01   -2.3702954617e+00    1.6970150786e-01    1.2000000000e+01    4.9034499625e-05    1.0000000000e+00
       126   -1.0267371100e+00    1.2801386185e+00   -1.3812540043e+00    3.5451689434e-01    3.4120897013e-01    3.3179334769e-01   -2.5612433990e+00    5.0698707687e-01    1.2000000000e+01    4.9149499773e-05    9.5833333333e-01
       127   -7.8790452263e-01    6.2442580724e-01   -1.5396796895e+00    7.5177516688e-01    4.1060579323e-01    3.3179334769e-01   -2.3981175784e+00    1.1603874802e-01    1.2000000000e+01    4.4031999550e-05    9.5833333333e-01
       128   -8.1266826120e-01    6.6159733540e-01   -1.9064479101e+00    1.0937796489e+00    4.0269884095e-01    3.3179334769e-01   -2.6524512751e+00    1.1511176387e-02    1.2000000000e+01    4.5615249746e-05    1.0000000000e+00
       129   -7.8753783869e-01    6.2252230897e-01   -1.3871955821e+00    5.9965774341e-01    3.6963728616e-01    3.3179334769e-01   -2.1446482533e+00    5.6022037389e-02    1.2000000000e+01    4.4173000333e-05    1.0000000000e+00
       130   -8.0464740792e-01    6.4965601814e-01   -1.4063970458e+00    6.0174963790e-01    5.2238230208e-01    3.3179334769e-01   -2.4558884306e+00    1.9531573497e-01    1.2000000000e+01    4.5688499995e-05    9.5833333333e-01
       131   -8.2340308495e-01    6.8010806093e-01   -1.6548637142e+00    8.3146062923e-01    5.9797016413e-01    3.3179334769e-01   -2.6698477567e+00    8.5220530678e-02    1.2000000000e+01    4.5358499847e-05    1.0000000000e+00
       132   -7.9951019436e-01    6.4236476240e-01   -1.4321304375e+00    6.3262024313e-01    6.3865287627e-01    3.3179334769e-01   -2.4399347095e+00    3.7358048036e-02    1.2000000000e+01    6.3233999299e-05    1.0000000000e+00
       133   -7.6059963593e-01    5.8267918710e-01   -1.7388474263e+00    9.7824779040e-01    5.5480334022e-01    3.3179334769e-01   -2.6275835393e+00    2.1394250525e-03    1.2000000000e+01    4.5396500354e-05    9.1666666667e-01
       134   -7.0490347447e-01    5.1587358092e-01   -2.0770820932e+00    1.3721786187e+00    8.4643256769e-01    3.3179334769e-01   -3.2559841743e+00    6.7616572406e-04    1.2000000000e+01    4.3928249852e-05    9.5833333333e-01
       135   -7.1861717944e-01    5.3416950928e-01   -2.6858199136e+00    1.9672027342e+00    7.0962373567e-01    3.3179334769e-01   -3.7281404564e+00    9.0345941112e-04    1.2000000000e+01    5.1715750487e-05    1.0000000000e+00
       136   -7.5058999186e-01    5.6844259596e-01   -1.6772222928e+00    9.2663230095e-01    5.1458360215e-01    3.3179334769e-01   -2.5244649669e+00    8.6572426635e-04    1.2000000000e+01    5.2674249673e-05    9.5833333333e-01
       137   -7.7471941408e-01    6.1034134396e-01   -1.8528689608e+00    1.0781495467e+00    6.1634322250e-01    3.3179334769e-01   -2.8019164071e+00    9.1087616820e-04    1.2000000000e+01    3.9343000481e-05    1.0000000000e+00
       138   -7.1952352245e-01    5.4350187348e-01   -1.8191784239e+00    1.0996549014e+00    8.1101425186e-01    3.3179334769e-01   -2.9782240744e+00    1.6238050937e-02    1.2000000000e+01    4.5245000365e-05    9.5833333333e-01
       139   -7.8513908037e-01    6.2048622114e-01   -1.5822670178e+00    7.9712793740e-01    4.2653924855e-01    3.3179334769e-01   -2.3441448154e+00    3.5452013581e-03    1.2000000000e+01    4.5531000069e-05    9.1666666667e-01
       140   -7.8987704616e-01    6.2421306635e-01   -1.1703828650e+00    3.8050581886e-01    4.5792518962e-01    3.3179334769e-01   -1.9610846010e+00    9.8319865075e-04    1.2000000000e+01    4.0210250063e-05    9.1666666667e-01
       141   -8.4375916410e-01    7.1636380980e-01   -1.1047548280e+00    2.6099566387e-01    6.1103590512e-01    3.3179334769e-01   -2.0501617836e+00    2.5777028394e-03    1.2000000000e+01    4.1419000809e-05    9.1666666667e-01
       142   -8.2722888702e-01    6.9320771116e-01   -1.3996901241e+00    5.7246123711e-01    4.4372524784e-01    3.3179334769e-01   -2.2141253352e+00    3.8916615542e-02    1.2000000000e+01    3.4069249978e-05    9.5833333333e-01
       143   -8.0067341402e-01    6.4244064249e-01   -1.1703656298e+00    3.6969221578e-01    3.4804498262e-01    3.3179334769e-01   -1.8876449792e+00    3.7441019098e-02    1.2000000000e+01    3.8268499793e-05    1.0000000000e+00
       144   -7.6801970898e-01    5.9044800398e-01   -1.1040057071e+00    3.3598599816e-01    3.7112599332e-01    3.3179334769e-01   -1.8089494949e+00    2.0244467686e-03    1.2000000000e+01    3.5972750084e-05    1.0000000000e+00
       145   -7.5668430941e-01    5.7409371424e-01   -1.4971031410e+00    7.4041883157e-01    4.2627454900e-01    3.3179334769e-01   -2.2656546108e+00    1.0483573178e-02    1.2000000000e+01    4.0339999941e-05    1.0000000000e+00
       146   -7.5358319890e-01    5.7091339196e-01   -1.7609528616e+00    1.0073696627e+00    4.2144920812e-01    3.3179334769e-01   -2.5156155467e+00    1.4201293617e-03    1.2000000000e+01    4.0199250634e-05    1.0000000000e+00
       147   -7.4198995290e-01    5.5304590876e-01   -2.3999976137e+00    1.6580076608e+00    4.1178933714e-01    3.3179334769e-01   -3.1464722205e+00    2.8919219412e-03    1.2000000000e+01    4.3804249344e-05    9.5833333333e-01
       148   -7.7967429557e-01    6.0835930856e-01   -1.3407921333e+00    5.6111783774e-01    3.6686388539e-01    3.3179334769e-01   -2.0702822442e+00    3.0832877789e-02    1.2000000000e+01    4.4431000333e-05    9.5833333333e-01
       149   -7.6871218143e-01    5.9266363461e-01   -1.2572281166e+00    4.8851593522e-01    3.2049135255e-01    3.3179334769e-01   -2.0032072565e+00    9.3694439596e-02    1.2000000000e+01    4.5455500185e-05    1.0000000000e+00
       150   -7.2990107674e-01    5.3525723505e-01   -1.1268369720e+00    3.9693589525e-01    3.0657999890e-01    3.3179334769e-01   -1.8122614206e+00    4.7051102028e-02    1.2000000000e+01    4.3649499730e-05    1.0000000000e+00
       151   -7.4428634307e-01    5.6384227900e-01   -1.1818030212e+00    4.3751667808e-01    3.0521919089e-01    3.3179334769e-01   -2.0285645541e+00    2.0974899440e-01    1.2000000000e+01    4.5472250349e-05    1.0000000000e+00
       152   -7.6247463403e-01    6.0223805778e-01   -2.4130822471e+00    1.6506076130e+00    3.1625747276e-01    3.3179334769e-01   -3.2618457100e+00    2.0071264246e-01    1.2000000000e+01    4.3741750233e-05    9.1666666667e-01
       153   -7.5532619166e-01    5.7644268443e-01   -1.3893581560e+00    6.3403196436e-01    3.1238149904e-01    3.3179334769e-01   -2.0766430868e+00    4.3110084072e-02    1.2000000000e+01    4.3545999688e-05    1.0000000000e+00
       154   -7.7474442251e-01    6.0314911936e-01   -1.2480872001e+00    4.7334277759e-01    3.6773306548e-01    3.3179334769e-01   -1.9542788056e+00    6.6651923705e-03    1.2000000000e+01    5.0390000069e-05    9.5833333333e-01
       155   -7.9203167132e-01    6.2825911442e-01   -1.2043820272e+00    4.1235035586e-01    4.1634408072e-01    3.3179334769e-01   -1.9616545302e+00    9.1350746012e-03    1.2000000000e+01    8.5012000000e-05    9.5833333333e-01
       156   -8.3850766026e-01    7.0676592348e-01   -1.2539709687e+00    4.1546330845e-01    5.2881425893e-01    3.3179334769e-01   -2.1247402624e+00    1.0161687077e-02    1.2000000000e+01    7.1712750014e-05    1.0000000000e+00
       157   -8.5450227154e-01    7.3858638631e-01   -1.4300409201e+00    5.7553864853e-01    6.1600730658e-01    3.3179334769e-01   -2.4041699278e+00    2.6328353422e-02    1.2000000000e+01    6.1409499722e-05    1.0000000000e+00
       158   -7.4388774532e-01    5.5871633246e-01   -1.0446529590e+00    3.0076521368e-01    5.4739933470e-01    3.3179334769e-01   -2.0554350609e+00    1.3158941948e-01    1.2000000000e+01    7.2378749792e-05    1.0000000000e+00
       159   -7.3439363995e-01    5.4417306957e-01   -1.0561254987e+00    3.2173185874e-01    4.5830114997e-01    3.3179334769e-01   -2.0214705378e+00    1.7525054150e-01    1.2000000000e+01    5.2616499943e-05    1.0000000000e+00
       160   -7.1894071066e-01    5.2725043035e-01   -8.9775331335e-01    1.7881260269e-01    4.4437624537e-01    3.3179334769e-01   -1.8373720203e+00    1.6344911387e-01    1.2000000000e+01    5.2659499943e-05    1.0000000000e+00
       161   -7.9159134631e-01    6.3025387530e-01   -1.2251590591e+00    4.3356771275e-01    3.9543321574e-01    3.3179334769e-01   -2.0092016200e+00    5.6815997548e-02    1.2000000000e+01    8.3832749624e-05    1.0000000000e+00
       162   -7.9791574797e-01    6.3843647591e-01   -1.1254702134e+00    3.2755446540e-01    3.8872262804e-01    3.3179334769e-01   -1.9023494687e+00    5.6363279549e-02    1.2000000000e+01    7.8878000295e-05    9.5833333333e-01
       163   -7.9121419305e-01    6.3317926761e-01   -1.1427915691e+00    3.5157737608e-01    4.3501381816e-01    3.3179334769e-01   -1.9730285577e+00    6.3429822772e-02    1.2000000000e+01    5.1621249895e-05    1.0000000000e+00
       164   -7.8333105048e-01    6.1523294940e-01   -1.1950597941e+00    4.1172874363e-01    4.4426059550e-01    3.3179334769e-01   -2.0604915116e+00    8.9377774296e-02    1.2000000000e+01    5.5819000409e-05    1.0000000000e+00
       165   -8.1800902160e-01    6.7177803957e-01   -1.4725068212e+00    6.5449779959e-01    4.2245154472e-01    3.3179334769e-01   -2.2510275531e+00    2.4275839491e-02    1.2000000000e+01    5.6358249822e-05    1.0000000000e+00
       166   -8.2986852781e-01    6.9163864034e-01   -1.4374160483e+00    6.0754752049e-01    4.6207109763e-01    3.3179334769e-01   -2.2354594185e+00    4.1789248941e-03    1.2000000000e+01    5.2954749663e-05    1.0000000000e+00
       167   -8.1567455014e-01    6.7056183920e-01   -1.4287309633e+00    6.1305641317e-01    4.5590466017e-01    3.3179334769e-01   -2.2357373111e+00    1.9308339969e-02    1.2000000000e+01    5.4199750139e-05    1.0000000000e+00
       168   -7.6734634917e-01    5.9350204536e-01   -1.8720409313e+00    1.1046945821e+00    3.8537036876e-01    3.3179334769e-01   -2.6065540224e+00    1.7349374741e-02    1.2000000000e+01    4.9301999752e-05    1.0000000000e+00
       169   -7.7838971572e-01    6.1191417492e-01   -1.6386587372e+00    8.6026902143e-01    5.0991765425e-01    3.3179334769e-01   -2.5357258613e+00    5.5356122234e-02    1.2000000000e+01    4.5869249789e-05    1.0000000000e+00
       170   -7.6378392127e-01    5.9373487726e-01   -2.3152091690e+00    1.5514252478e+00    4.4175933398e-01    3.3179334769e-01   -3.0902216937e+00    1.4598430202e-03    1.2000000000e+01    4.8231250275e-05    9.5833333333e-01
       171   -7.4626412149e-01    5.5960573071e-01   -1.6738709214e+00    9.2760679994e-01    4.3829408935e-01    3.3179334769e-01   -2.4541999915e+00    1.0241633064e-02    1.2000000000e+01    5.3771500006e-05    1.0000000000e+00
       172   -7.9948682391e-01    6.4552988331e-01   -1.4646531985e+00    6.6516637461e-01    5.2958861322e-01    3.3179334769e-01   -2.3271467869e+00    1.1116274837e-03    1.2000000000e+01    4.7540749620e-05    1.0000000000e+00
       173   -7.5935544400e-01    5.7914928839e-01   -1.4337844559e+00    6.7442901187e-01    4.2150018908e-01    3.3179334769e-01   -2.1883105096e+00    1.2325169726e-03    1.2000000000e+01    4.7032250222e-05    1.0000000000e+00
       174   -7.8104132537e-01    6.1335850308e-01   -2.3086253987e+00    1.5275840733e+00    5.2783011382e-01    3.3179334769e-01   -3.1817638545e+00    1.3514994325e-02    1.2000000000e+01    3.9984500290e-05    9.5833333333e-01
       175   -7.8628546568e-01    6.2138740496e-01   -1.7311475774e+00    9.4486211172e-01    6.3187112093e-01    3.3179334769e-01   -2.7000916494e+00    5.2796033632e-03    1.2000000000e+01    5.7938999817e-05    1.0000000000e+00
       176   -8.0353053921e-01    6.5118503248e-01   -1.2337739722e+00    4.3024343300e-01    6.8136862987e-01    3.3179334769e-01   -2.2566739758e+00    9.7380259821e-03    1.2000000000e+01    4.3332250243e-05    9.5833333333e-01
       177   -7.8614368135e-01    6.2124093539e-01   -1.5131631010e+00    7.2701941964e-01    5.3948015475e-01    3.3179334769e-01   -2.4172602174e+00    3.2823614006e-02    1.2000000000e+01    4.0587749481e-05    9.5833333333e-01
       178   -7.5985871732e-01    5.7860526532e-01   -1.5780387729e+00    8.1818005557e-01    6.1515544659e-01    3.3179334769e-01   -2.5384718857e+00    1.3484318542e-02    1.2000000000e+01    4.0805999561e-05    1.0000000000e+00
       179   -7.4125779808e-01    5.4977699474e-01   -1.1279735253e+00    3.8671572722e-01    5.3624068192e-01    3.3179334769e-01   -2.0314725372e+00    3.5464982236e-02    1.2000000000e+01    3.9483749333e-05    1.0000000000e+00
       180   -7.8522958957e-01    6.1828257391e-01   -9.6068178591e-01    1.7545219634e-01    6.1558619291e-01    3.3179334769e-01   -2.0237147627e+00    1.1565343618e-01    1.2000000000e+01    3.7303750105e-05    1.0000000000e+00
       181   -8.3565257916e-01    7.0850875763e-01   -1.3504990321e+00    5.1484645299e-01    5.5175752634e-01    3.3179334769e-01   -2.3457487821e+00    1.1169887596e-01    1.2000000000e+01    3.8527999550e-05    1.0000000000e+00
       182   -7.7642918777e-01    6.0677586588e-01   -1.1946420211e+00    4.1821283332e-01    5.0430113517e-01    3.3179334769e-01   -2.1864643877e+00    1.5572788378e-01    1.2000000000e+01    3.5580249914e-05    1.0000000000e+00
       183   -7.9841640799e-01    6.3863013910e-01   -1.1092468531e+00    3.1083044511e-01    4.1716255452e-01    3.3179334769e-01   -1.9140112983e+00    5.5808542998e-02    1.2000000000e+01    3.3778249417e-05    1.0000000000e+00
       184   -7.9766865001e-01    6.4012816214e-01   -1.3087761510e+00    5.1110750099e-01    5.1564816871e-01    3.3179334769e-01   -2.1575362288e+00    1.3185613775e-03    1.2000000000e+01    4.3831999392e-05    1.0000000000e+00
       185   -7.6709792527e-01    5.9522996439e-01   -1.7204605539e+00    9.5336262864e-01    5.8374826770e-01    3.3179334769e-01   -2.6361059599e+00    1.0379065153e-04    1.2000000000e+01    3.6775749777e-05    9.5833333333e-01
       186   -7.4576667212e-01    5.6220040083e-01   -1.9512062362e+00    1.2054395641e+00    4.6506323578e-01    3.3179334769e-01   -2.7480870204e+00    2.4200684935e-05    1.2000000000e+01    3.7790249735e-05    1.0000000000e+00
       187   -7.4464387674e-01    5.6045401585e-01   -2.4271619015e+00    1.6825180247e+00    5.3581016134e-01    3.3179334769e-01   -3.2953309343e+00    5.6552379772e-04    1.2000000000e+01    4.2057000428e-05    1.0000000000e+00
       188   -7.4052576679e-01    5.5100126740e-01   -2.4337879387e+00    1.6932621720e+00    6.1861203552e-01    3.3179334769e-01   -3.4185801193e+00    3.4386797374e-02    1.2000000000e+01    4.2272999963e-05    9.5833333333e-01
       189   -7.3415208394e-01    5.4334900933e-01   -2.2449264347e+00    1.5107743508e+00    7.4111053559e-01    3.3179334769e-01   -3.3211716596e+00    3.3413415572e-03    1.2000000000e+01    4.3732750328e-05    8.3333333333e-01
       190   -7.3143436316e-01    5.3586353705e-01   -1.6833015272e+00    9.5186716401e-01    6.6006539326e-01    3.3179334769e-01   -2.6757383911e+00    5.7812296993e-04    1.2000000000e+01    4.7788999836e-05    1.0000000000e+00
       191   -7.4258164605e-01    5.5351346303e-01   -1.5938973729e+00    8.5131572682e-01    4.9230588280e-01    3.3179334769e-01   -2.4253281938e+00    7.3315904291e-03    1.2000000000e+01    4.7238750085e-05    1.0000000000e+00
       192   -7.3438538138e-01    5.4536115833e-01   -1.5242550730e+00    7.8986969165e-01    5.2583377493e-01    3.3179334769e-01   -2.3847486245e+00    2.8664288662e-03    1.2000000000e+01    3.9815499804e-05    1.0000000000e+00
       193   -7.9149349514e-01    6.3144027209e-01   -1.4222888719e+00    6.3079537679e-01    4.5701404344e-01    3.3179334769e-01   -2.2156938793e+00    4.5976162731e-03    1.2000000000e+01    4.5317749937e-05    1.0000000000e+00
       194   -7.8514932525e-01    6.2202360102e-01   -2.7681251884e+00    1.9829758631e+00    4.3168510593e-01    3.3179334769e-01   -3.5560977614e+00    2.4494119404e-02    1.2000000000e+01    4.4207499741e-05    1.0000000000e+00
       195   -7.8168909734e-01    6.1213928930e-01   -2.0258279041e+00    1.2441388068e+00    4.2022161683e-01    3.3179334769e-01   -2.7974366528e+00    1.9593784134e-02    1.2000000000e+01    3.9901500259e-05    1.0000000000e+00
       196   -7.6781818539e-01    5.9112605907e-01   -1.7056728251e+00    9.3785463973e-01    3.6933651482e-01    3.3179334769e-01   -2.4360876663e+00    2.9284978712e-02    1.2000000000e+01    3.8717750613e-05    1.0000000000e+00
       197   -7.9033275634e-01    6.2692201681e-01   -1.3157311063e+00    5.2539834996e-01    3.8302837581e-01    3.3179334769e-01   -2.0374857062e+00    6.9328764361e-03    1.2000000000e+01    5.3010749980e-05    1.0000000000e+00
       198   -7.6968780972e-01    5.9641120742e-01   -1.4018171699e+00    6.3212936022e-01    4.0578815443e-01    3.3179334769e-01   -2.1399842970e+00    5.8562490119e-04    1.2000000000e+01    3.9529999867e-05    1.0000000000e+00
       199   -7.7372693892e-01    5.9934353017e-01   -1.3632668789e+00    5.8953993998e-01    4.1382240174e-01    3.3179334769e-01   -2.1235329837e+00    1.4650355387e-02    1.2000000000e+01    4.3717749577e-05    1.0000000000e+00
