#   index    LocalEnergy         LocalEnergy_sq      LocalPotential      Kinetic             ElecElec            IonIon              LocalECP            NonLocalECP         BlockWeight         BlockCPU            AcceptRatio         
         0   -8.3739185261e-01    7.0592127413e-01   -1.0802493654e+00    2.4285751279e-01    3.6864554638e-01    3.3179334769e-01   -1.9404388437e+00    1.5975058428e-01    1.2000000000e+01    6.3151499489e-05    1.0000000000e+00
         1   -8.1170928058e-01    6.6116034096e-01   -9.7884687243e-01    1.6713759186e-01    4.6358397720e-01    3.3179334769e-01   -1.9206293331e+00    1.4640513582e-01    1.2000000000e+01    6.7441249939e-05    1.0000000000e+00
         2   -8.0138127611e-01    6.4322460982e-01   -1.0817540640e+00    2.8037278793e-01    4.0061193898e-01    3.3179334769e-01   -1.8915430722e+00    7.7383721500e-02    1.2000000000e+01    5.2786249853e-05    1.0000000000e+00
         3   -7.7131532435e-01    5.9607012990e-01   -1.1392936713e+00    3.6797834692e-01    3.8734401521e-01    3.3179334769e-01   -1.9101774688e+00    5.1746434638e-02    1.2000000000e+01    5.4678750985e-05    9.5833333333e-01
         4   -7.6362170466e-01    5.8376943970e-01   -1.1359618688e+00    3.7234016411e-01    3.7829870167e-01    3.3179334769e-01   -1.8641034890e+00    1.8049570896e-02    1.2000000000e+01    5.4050000017e-05    1.0000000000e+00
         5   -7.8251497081e-01    6.1409998921e-01   -1.0686165204e+00    2.8610154959e-01    3.4787536945e-01    3.3179334769e-01   -1.8161417925e+00    6.7856554950e-02    1.2000000000e+01    4.9131500873e-05    1.0000000000e+00
         6   -8.2402081281e-01    6.8230849923e-01   -1.1192251656e+00    2.9520435278e-01    3.9616708064e-01    3.3179334769e-01   -1.9106694664e+00    6.3483872468e-02    1.2000000000e+01    5.0336250297e-05    1.0000000000e+00
         7   -8.3400782485e-01    6.9989472086e-01   -1.0035491173e+00    1.6954129248e-01    4.5486829766e-01    3.3179334769e-01   -1.8130045363e+00    2.2793773623e-02    1.2000000000e+01    5.0576250487e-05    1.0000000000e+00
         8   -8.0349214337e-01    6.4650038571e-01   -9.9196865976e-01    1.8847651640e-01    5.2818033589e-01    3.3179334769e-01   -1.8677321521e+00    1.5789808704e-02    1.2000000000e+01    5.0728500355e-05    1.0000000000e+00
         9   -8.2256861350e-01    6.8322635078e-01   -9.7716618673e-01    1.5459757324e-01    3.5380398108e-01    3.3179334769e-01   -1.8822955408e+00    2.1953202528e-01    1.2000000000e+01    4.6416249461e-05    1.0000000000e+00
        10   -7.9956921622e-01    7.8948466598e-01   -6.2927787283e-01   -1.7029134339e-01    3.1789105350e-01    3.3179334769e-01   -1.7329233353e+00    4.5396106132e-01    1.2000000000e+01    4.4719000471e-05    1.0000000000e+00
        11   -7.4290253697e-01    5.6624214029e-01   -1.0089912388e+00    2.6608870184e-01    3.1117883083e-01    3.3179334769e-01   -1.8033353955e+00    1.5137197814e-01    1.2000000000e+01    5.2253499689e-05    9.5833333333e-01
        12   -8.7636444475e-01    8.2291208975e-01   -1.1259456121e+00    2.4958116736e-01    2.7542835173e-01    3.3179334769e-01   -1.7755520178e+00    4.2384706310e-02    1.2000000000e+01    5.2083749779e-05    1.0000000000e+00
        13   -6.9238921649e-01    5.0435189925e-01   -1.1495253911e+00    4.5713617458e-01    2.7771100762e-01    3.3179334769e-01   -1.8704699085e+00    1.1144016209e-01    1.2000000000e+01    5.3220499922e-05    1.0000000000e+00
        14   -8.1692083451e-01    6.9729519208e-01   -9.3212987751e-01    1.1520904300e-01    2.6457483703e-01    3.3179334769e-01   -1.5484158147e+00    1.9917752426e-02    1.2000000000e+01    4.8489999699e-05    1.0000000000e+00
        15   -7.9570540934e-01    7.1808506441e-01   -8.4114464198e-01    4.5439232638e-02    2.7187920265e-01    3.3179334769e-01   -1.4624870896e+00    1.7669897328e-02    1.2000000000e+01    4.6613250106e-05    1.0000000000e+00
        16   -8.9895126148e-01    9.1399871564e-01   -8.7272111408e-01   -2.6230147401e-02    2.2432393919e-01    3.3179334769e-01   -1.4350595948e+00    6.2211937912e-03    1.2000000000e+01    4.6982000185e-05    1.0000000000e+00
        17   -8.8153422388e-01    8.0549852737e-01   -9.6201331024e-01    8.0479086356e-02    2.5111527187e-01    3.3179334769e-01   -1.5652855974e+00    2.0363667589e-02    1.2000000000e+01    4.5789750402e-05    1.0000000000e+00
        18   -9.2517678243e-01    9.2242871091e-01   -1.2943381576e+00    3.6916137519e-01    2.5450084252e-01    3.3179334769e-01   -1.9440379621e+00    6.3405614278e-02    1.2000000000e+01    4.7626750529e-05    1.0000000000e+00
        19   -8.6692264245e-01    7.9511899482e-01   -1.7001125761e+00    8.3318993366e-01    2.4626282389e-01    3.3179334769e-01   -2.3376407160e+00    5.9471968295e-02    1.2000000000e+01    4.1649750528e-05    9.5833333333e-01
        20   -7.7938983978e-01    6.1127644933e-01   -1.3357071615e+00    5.5631732168e-01    2.2296931062e-01    3.3179334769e-01   -1.8923790928e+00    1.9092730201e-03    1.2000000000e+01    4.1662499825e-05    1.0000000000e+00
        21   -7.7959256564e-01    6.1313956965e-01   -1.6785897501e+00    8.9899718449e-01    2.4976647218e-01    3.3179334769e-01   -2.2628035993e+00    2.6540292932e-03    1.2000000000e+01    4.5385500471e-05    9.1666666667e-01
        22   -8.1535450268e-01    6.6893260786e-01   -1.2247295569e+00    4.0937505423e-01    2.9004187395e-01    3.3179334769e-01   -1.8466937776e+00    1.2899902224e-04    1.2000000000e+01    4.6603749979e-05    1.0000000000e+00
        23   -7.6910008179e-01    5.9711151266e-01   -1.3660551515e+00    5.9695506976e-01    3.6566134001e-01    3.3179334769e-01   -2.0672224841e+00    3.7126448002e-03    1.2000000000e+01    3.6842499867e-05    1.0000000000e+00
        24   -7.4643608441e-01    5.6622795362e-01   -2.1892233124e+00    1.4427872280e+00    3.3886666593e-01    3.3179334769e-01   -3.0408710668e+00    1.8098774077e-01    1.2000000000e+01    3.8192500597e-05    1.0000000000e+00
        25   -8.0769246825e-01    6.5669548046e-01   -2.7758237767e+00    1.9681313084e+00    4.0132617392e-01    3.3179334769e-01   -3.5165361914e+00    7.5928930869e-03    1.2000000000e+01    3.9646000914e-05    9.1666666667e-01
        26   -8.4099882704e-01    7.1484680406e-01   -1.3019473797e+00    4.6094855269e-01    4.6350391496e-01    3.3179334769e-01   -2.1024613698e+00    5.2167274080e-03    1.2000000000e+01    3.2755499888e-05    1.0000000000e+00
        27   -8.0113288526e-01    6.5188433105e-01   -1.0477415456e+00    2.4660866034e-01    3.6080002978e-01    3.3179334769e-01   -1.7647720085e+00    2.4437085454e-02    1.2000000000e+01    3.9102250412e-05    1.0000000000e+00
        28   -7.6205345784e-01    5.8968549138e-01   -8.0623015476e-01    4.4176696917e-02    3.7082499874e-01    3.3179334769e-01   -1.6986504882e+00    1.8980198701e-01    1.2000000000e+01    4.2526499783e-05    1.0000000000e+00
        29   -7.3740793793e-01    5.6898420721e-01   -9.5627598448e-01    2.1886804655e-01    3.3069761856e-01    3.3179334769e-01   -2.0606036388e+00    4.4183668808e-01    1.2000000000e+01    3.5347999528e-05    9.1666666667e-01
        30   -7.5420096841e-01    5.7558844729e-01   -9.4674160381e-01    1.9254063540e-01    3.2590791235e-01    3.3179334769e-01   -1.8014611874e+00    1.9701832353e-01    1.2000000000e+01    3.6025249756e-05    9.5833333333e-01
        31   -7.7767799285e-01    6.0641107569e-01   -8.7530758376e-01    9.7629590907e-02    2.8262469205e-01    3.3179334769e-01   -1.5273734305e+00    3.7647807029e-02    1.2000000000e+01    4.2547250359e-05    1.0000000000e+00
        32   -7.8528433461e-01    6.2256886523e-01   -7.8789227266e-01    2.6079380541e-03    2.9977960317e-01    3.3179334769e-01   -1.7574712608e+00    3.3800603726e-01    1.2000000000e+01    3.9810750422e-05    1.0000000000e+00
        33   -7.8437088448e-01    6.1748174965e-01   -1.0091453463e+00    2.2477446186e-01    3.5921953442e-01    3.3179334769e-01   -1.7855631176e+00    8.5404889107e-02    1.2000000000e+01    4.4016750508e-05    1.0000000000e+00
        34   -7.9575884729e-01    6.3443446689e-01   -1.1266528959e+00    3.3089404858e-01    3.1849725789e-01    3.3179334769e-01   -1.7986552552e+00    2.1711753722e-02    1.2000000000e+01    4.6126749567e-05    1.0000000000e+00
        35   -8.0995895959e-01    6.5782629641e-01   -1.3728880617e+00    5.6292910206e-01    3.3092835653e-01    3.3179334769e-01   -2.0591527241e+00    2.3542958227e-02    1.2000000000e+01    3.9334250232e-05    1.0000000000e+00
        36   -7.6958346284e-01    5.9403144969e-01   -1.3697791883e+00    6.0019572546e-01    3.1102325691e-01    3.3179334769e-01   -2.0126326002e+00    3.6807275247e-05    1.2000000000e+01    3.0201749269e-05    9.5833333333e-01
        37   -7.7102774580e-01    5.9836942206e-01   -1.3017677816e+00    5.3074003578e-01    3.2093746329e-01    3.3179334769e-01   -1.9550411589e+00    5.4256634258e-04    1.2000000000e+01    4.0897750296e-05    1.0000000000e+00
        38   -7.8689867782e-01    6.1991265105e-01   -1.3193032446e+00    5.3240456680e-01    3.5629075013e-01    3.3179334769e-01   -2.0120564156e+00    4.6690732061e-03    1.2000000000e+01    4.3108499540e-05    1.0000000000e+00
        39   -7.8518701073e-01    6.1693472861e-01   -1.5150583347e+00    7.2987132397e-01    4.5537535628e-01    3.3179334769e-01   -2.3054806708e+00    3.2536321037e-03    1.2000000000e+01    4.5290000344e-05    1.0000000000e+00
        40   -7.5768848855e-01    5.7775586450e-01   -1.9575393936e+00    1.1998509050e+00    4.4732363922e-01    3.3179334769e-01   -2.7381632131e+00    1.5068326027e-03    1.2000000000e+01    4.1598500047e-05    1.0000000000e+00
        41   -7.7840141198e-01    6.0634575844e-01   -1.4246793616e+00    6.4627794965e-01    4.0251388676e-01    3.3179334769e-01   -2.1604074596e+00    1.4208635441e-03    1.2000000000e+01    3.7755999983e-05    1.0000000000e+00
        42   -7.7091519305e-01    5.9674558255e-01   -1.5117335149e+00    7.4081832188e-01    4.0571667673e-01    3.3179334769e-01   -2.2498141347e+00    5.7059531155e-04    1.2000000000e+01    4.4973500280e-05    9.5833333333e-01
        43   -7.7663462701e-01    6.0788450834e-01   -1.3878196743e+00    6.1118504726e-01    4.4649316642e-01    3.3179334769e-01   -2.1663430329e+00    2.3684456838e-04    1.2000000000e+01    3.6010749227e-05    1.0000000000e+00
        44   -7.4727639566e-01    5.6266165169e-01   -1.3880047706e+00    6.4072837491e-01    4.5819507455e-01    3.3179334769e-01   -2.1784783246e+00    4.8513177638e-04    1.2000000000e+01    4.0058249851e-05    9.1666666667e-01
        45   -8.1291690373e-01    6.6903550465e-01   -1.4958970524e+00    6.8298014869e-01    4.0183540198e-01    3.3179334769e-01   -2.2866627445e+00    5.7136942374e-02    1.2000000000e+01    4.1089750084e-05    9.5833333333e-01
        46   -8.9687783780e-01    8.9926233390e-01   -1.6342664965e+00    7.3738865868e-01    3.6610011517e-01    3.3179334769e-01   -2.9891886136e+00    6.5702865428e-01    1.2000000000e+01    4.8263250392e-05    9.5833333333e-01
        47   -6.9485691344e-01    5.5413307254e-01   -9.7527263638e-01    2.8041572293e-01    3.4541882979e-01    3.3179334769e-01   -2.5859840522e+00    9.3349923834e-01    1.2000000000e+01    4.6146750265e-05    9.5833333333e-01
        48   -7.4830942168e-01    5.8163461233e-01   -1.7735356799e+00    1.0252262582e+00    3.3286927530e-01    3.3179334769e-01   -2.8728654748e+00    4.3466717194e-01    1.2000000000e+01    4.1894500100e-05    1.0000000000e+00
        49   -7.9757115049e-01    6.3794297192e-01   -1.6436800048e+00    8.4610885429e-01    3.5588731728e-01    3.3179334769e-01   -2.4140767687e+00    8.2716098942e-02    1.2000000000e+01    4.3380500301e-05    1.0000000000e+00
        50   -7.8065990804e-01    6.1077693227e-01   -1.7937263804e+00    1.0130664724e+00    3.3010813565e-01    3.3179334769e-01   -2.6124218447e+00    1.5679398090e-01    1.2000000000e+01    4.1114000396e-05    1.0000000000e+00
        51   -7.7348072265e-01    6.0269120342e-01   -1.7771341242e+00    1.0036534015e+00    3.4451130750e-01    3.3179334769e-01   -2.4778645479e+00    2.4425768527e-02    1.2000000000e+01    4.2853499963e-05    1.0000000000e+00
        52   -7.6472525562e-01    5.8641830001e-01   -1.6773864698e+00    9.1266121422e-01    4.1671496222e-01    3.3179334769e-01   -2.4317622078e+00    5.8674280544e-03    1.2000000000e+01    3.7719749798e-05    1.0000000000e+00
        53   -7.8055989159e-01    6.0990498586e-01   -1.4897434122e+00    7.0918352058e-01    3.8043678843e-01    3.3179334769e-01   -2.2031366673e+00    1.1631190000e-03    1.2000000000e+01    4.3898750391e-05    9.1666666667e-01
        54   -7.8419091406e-01    6.1767171674e-01   -1.3226355023e+00    5.3844458821e-01    3.7045127071e-01    3.3179334769e-01   -2.0289819824e+00    4.1018617543e-03    1.2000000000e+01    3.5484499222e-05    1.0000000000e+00
        55   -7.8344895267e-01    6.1514380620e-01   -1.4257691428e+00    6.4232019016e-01    3.3173221939e-01    3.3179334769e-01   -2.1269567849e+00    3.7662074952e-02    1.2000000000e+01    4.2692249735e-05    1.0000000000e+00
        56   -7.8672379374e-01    6.2007223025e-01   -2.0490472694e+00    1.2623234757e+00    3.3394978443e-01    3.3179334769e-01   -2.7385591171e+00    2.3768715595e-02    1.2000000000e+01    4.7866000386e-05    9.5833333333e-01
        57   -7.7225783934e-01    5.9827999709e-01   -1.4076246010e+00    6.3536676168e-01    3.0753245301e-01    3.3179334769e-01   -2.0538693656e+00    6.9189638487e-03    1.2000000000e+01    4.5086749651e-05    1.0000000000e+00
        58   -7.6441098174e-01    5.8514109843e-01   -2.4031745468e+00    1.6387635650e+00    3.4668054983e-01    3.3179334769e-01   -3.0842292852e+00    2.5808409678e-03    1.2000000000e+01    5.2903999403e-05    1.0000000000e+00
        59   -7.7205130551e-01    5.9826187350e-01   -1.9954871751e+00    1.2234358696e+00    3.4247821871e-01    3.3179334769e-01   -2.7166567722e+00    4.6898030628e-02    1.2000000000e+01    5.0369000292e-05    1.0000000000e+00
        60   -8.1112916331e-01    6.6164809383e-01   -1.5936716491e+00    7.8254248579e-01    3.6869460253e-01    3.3179334769e-01   -2.3050624286e+00    1.0902829243e-02    1.2000000000e+01    4.5571000555e-05    9.5833333333e-01
        61   -8.0174946084e-01    6.4753379712e-01   -1.2884967579e+00    4.8674729702e-01    3.4573328710e-01    3.3179334769e-01   -1.9737175240e+00    7.6941313447e-03    1.2000000000e+01    3.6148750041e-05    1.0000000000e+00
        62   -8.0743166752e-01    6.5377304563e-01   -1.2162893514e+00    4.0885768388e-01    3.4343125854e-01    3.3179334769e-01   -1.9082446486e+00    1.6730690943e-02    1.2000000000e+01    3.0999000501e-05    9.5833333333e-01
        63   -7.9845752810e-01    6.3906891578e-01   -1.1969084898e+00    3.9845096168e-01    3.1182174954e-01    3.3179334769e-01   -1.8429487771e+00    2.4251901148e-03    1.2000000000e+01    3.7866249841e-05    1.0000000000e+00
        64   -7.8190522704e-01    6.1185686989e-01   -1.1697051622e+00    3.8779993517e-01    2.8914304425e-01    3.3179334769e-01   -1.7910871456e+00    4.4559141495e-04    1.2000000000e+01    3.8033000237e-05    1.0000000000e+00
        65   -7.7111399888e-01    5.9534289500e-01   -9.6206178392e-01    1.9094778504e-01    2.9982457978e-01    3.3179334769e-01   -1.5938642205e+00    1.8450915214e-04    1.2000000000e+01    3.5199499962e-05    1.0000000000e+00
        66   -7.5465276476e-01    5.6972593435e-01   -8.7503922877e-01    1.2038646401e-01    3.1542218765e-01    3.3179334769e-01   -1.5250732294e+00    2.8184652706e-03    1.2000000000e+01    3.0948249787e-05    9.5833333333e-01
        67   -7.6999333756e-01    5.9340314448e-01   -8.4348851544e-01    7.3495177882e-02    2.5175055059e-01    3.3179334769e-01   -1.4299035792e+00    2.8711654432e-03    1.2000000000e+01    3.6110750443e-05    1.0000000000e+00
        68   -7.9249282596e-01    6.2945714376e-01   -9.8417081936e-01    1.9167799340e-01    2.7589430962e-01    3.3179334769e-01   -1.5949425543e+00    3.0840776374e-03    1.2000000000e+01    3.6129999899e-05    1.0000000000e+00
        69   -7.9606741657e-01    6.3728086581e-01   -9.3891917105e-01    1.4285175447e-01    3.8749807523e-01    3.3179334769e-01   -1.6583471474e+00    1.3655338892e-04    1.2000000000e+01    3.4609999602e-05    1.0000000000e+00
        70   -7.6312669612e-01    5.8312583195e-01   -1.1717559046e+00    4.0862920852e-01    4.5660124441e-01    3.3179334769e-01   -1.9601838033e+00    3.3306530393e-05    1.2000000000e+01    3.7712499761e-05    9.5833333333e-01
        71   -7.4986351834e-01    5.6526648775e-01   -1.0468894823e+00    2.9702596393e-01    4.0870939154e-01    3.3179334769e-01   -1.7874161475e+00    2.3925950043e-05    1.2000000000e+01    3.5832249978e-05    9.1666666667e-01
        72   -7.4819503445e-01    5.6555241574e-01   -1.4526347907e+00    7.0443975629e-01    3.2363998523e-01    3.3179334769e-01   -2.1081072151e+00    3.9091448205e-05    1.2000000000e+01    3.2537500374e-05    1.0000000000e+00
        73   -7.5509407140e-01    5.7678111606e-01   -1.2461657563e+00    4.9107168488e-01    3.3775420359e-01    3.3179334769e-01   -1.9157137776e+00    4.7009439216e-07    1.2000000000e+01    2.7532749755e-05    9.5833333333e-01
        74   -7.7394533045e-01    6.1110977971e-01   -1.5867680637e+00    8.1282273326e-01    3.1607277836e-01    3.3179334769e-01   -2.2346354273e+00    1.2375592965e-06    1.2000000000e+01    2.7990250601e-05    1.0000000000e+00
        75   -7.8580460735e-01    6.2507130860e-01   -1.3628767584e+00    5.7707215107e-01    3.4674802082e-01    3.3179334769e-01   -2.0415848083e+00    1.6668132531e-04    1.2000000000e+01    3.9405249936e-05    1.0000000000e+00
        76   -8.2067615379e-01    6.8045803977e-01   -1.2575067714e+00    4.3683061762e-01    3.5659385075e-01    3.3179334769e-01   -1.9498454005e+00    3.9514307067e-03    1.2000000000e+01    3.4471499930e-05    1.0000000000e+00
        77   -7.6984950588e-01    5.9449436628e-01   -1.3812816267e+00    6.1143212079e-01    2.9703081822e-01    3.3179334769e-01   -2.0141790271e+00    4.0732344900e-03    1.2000000000e+01    3.8146249153e-05    1.0000000000e+00
        78   -7.7596351969e-01    6.0464696380e-01   -1.2954394016e+00    5.1947588191e-01    3.6375487337e-01    3.3179334769e-01   -1.9960672395e+00    5.0796168764e-03    1.2000000000e+01    3.8358000438e-05    9.5833333333e-01
        79   -7.7393914034e-01    6.0106620987e-01   -1.4681970673e+00    6.9425792693e-01    3.6514491153e-01    3.3179334769e-01   -2.1713087181e+00    6.1733915753e-03    1.2000000000e+01    3.5261999983e-05    1.0000000000e+00
        80   -7.9360426550e-01    6.3345881880e-01   -1.2472861126e+00    4.5368184712e-01    4.2150432492e-01    3.3179334769e-01   -2.0014486409e+00    8.6485562767e-04    1.2000000000e+01    3.9647499761e-05    1.0000000000e+00
        81   -7.8367847008e-01    6.1599686978e-01   -1.5767167366e+00    7.9303826649e-01    3.8776367541e-01    3.3179334769e-01   -2.3009606413e+00    4.6868816001e-03    1.2000000000e+01    3.9323749661e-05    9.5833333333e-01
        82   -7.9711212110e-01    6.3766923138e-01   -1.4812198304e+00    6.8410770930e-01    4.4042695332e-01    3.3179334769e-01   -2.2575051383e+00    4.0650068437e-03    1.2000000000e+01    4.0114749936e-05    1.0000000000e+00
        83   -8.1788374725e-01    6.7367541530e-01   -1.4708357690e+00    6.5295202176e-01    4.4111917467e-01    3.3179334769e-01   -2.2439306672e+00    1.8237582352e-04    1.2000000000e+01    3.4542249978e-05    1.0000000000e+00
        84   -8.1784640130e-01    6.7196633348e-01   -1.3635109212e+00    5.4566451990e-01    4.6057605692e-01    3.3179334769e-01   -2.1567625537e+00    8.8222784620e-04    1.2000000000e+01    3.6662750517e-05    9.5833333333e-01
        85   -7.8708949552e-01    6.2109338936e-01   -2.1764485063e+00    1.3893590108e+00    3.6324389621e-01    3.3179334769e-01   -2.8731693362e+00    1.6835859780e-03    1.2000000000e+01    5.2760749895e-05    1.0000000000e+00
        86   -8.3035713707e-01    6.9309405503e-01   -1.4826811531e+00    6.5232401599e-01    3.9132577960e-01    3.3179334769e-01   -2.2059490134e+00    1.4873300132e-04    1.2000000000e+01    4.7171000006e-05    9.5833333333e-01
        87   -8.0645235728e-01    6.5638470168e-01   -1.2075308376e+00    4.0107848036e-01    4.1983725536e-01    3.3179334769e-01   -1.9592379139e+00    7.6473172598e-05    1.2000000000e+01    3.4545999824e-05    1.0000000000e+00
        88   -8.0716387322e-01    6.5453676470e-01   -9.9390321573e-01    1.8673934251e-01    3.6773392905e-01    3.3179334769e-01   -1.6934312433e+00    7.5084929716e-07    1.2000000000e+01    3.2724500215e-05    1.0000000000e+00
        89   -7.7060062134e-01    5.9474155889e-01   -9.6706983792e-01    1.9646921658e-01    3.7177196291e-01    3.3179334769e-01   -1.6706463492e+00    1.1200704044e-05    1.2000000000e+01    3.6091500078e-05    1.0000000000e+00
        90   -7.7046447458e-01    5.9404615399e-01   -9.2366769670e-01    1.5320322212e-01    2.8350201609e-01    3.3179334769e-01   -1.5392468837e+00    2.8382324998e-04    1.2000000000e+01    4.3047749841e-05    9.5833333333e-01
        91   -7.5388750288e-01    5.7013393970e-01   -8.6830804770e-01    1.1442054482e-01    2.7547978224e-01    3.3179334769e-01   -1.4763373221e+00    7.5614443341e-04    1.2000000000e+01    3.1529250009e-05    9.5833333333e-01
        92   -7.7102189991e-01    5.9612863147e-01   -8.3366639316e-01    6.2644493250e-02    2.9875109224e-01    3.3179334769e-01   -1.4644746311e+00    2.6379803601e-04    1.2000000000e+01    2.9577000078e-05    9.5833333333e-01
        93   -7.7456588600e-01    6.0091273279e-01   -1.1191772193e+00    3.4461133327e-01    2.7035626179e-01    3.3179334769e-01   -1.7218891159e+00    5.6228712340e-04    1.2000000000e+01    2.8823249522e-05    9.5833333333e-01
        94   -7.6412390238e-01    5.8444467181e-01   -1.0164418416e+00    2.5231793924e-01    2.6392249460e-01    3.3179334769e-01   -1.6122839113e+00    1.2622735993e-04    1.2000000000e+01    2.9040750178e-05    1.0000000000e+00
        95   -7.8639264556e-01    6.1920877817e-01   -9.7959268155e-01    1.9320003599e-01    3.3479040195e-01    3.3179334769e-01   -1.6486556821e+00    2.4792508926e-03    1.2000000000e+01    3.1258249237e-05    9.5833333333e-01
        96   -8.0475289417e-01    6.5113909672e-01   -1.0987888842e+00    2.9403599004e-01    4.0492932107e-01    3.3179334769e-01   -1.8370927344e+00    1.5811814166e-03    1.2000000000e+01    3.6513250507e-05    1.0000000000e+00
        97   -8.0674415931e-01    6.5427279496e-01   -1.5850801835e+00    7.7833602422e-01    3.8374201866e-01    3.3179334769e-01   -2.3016522570e+00    1.0367070990e-03    1.2000000000e+01    4.0623999666e-05    1.0000000000e+00
        98   -7.8940961685e-01    6.2474463082e-01   -1.6383432095e+00    8.4893359261e-01    4.1198137084e-01    3.3179334769e-01   -2.3822173440e+00    9.9416004971e-05    1.2000000000e+01    3.6384749819e-05    1.0000000000e+00
        99   -7.7181817903e-01    5.9897938616e-01   -1.3520410133e+00    5.8022283432e-01    4.3461494023e-01    3.3179334769e-01   -2.1189221433e+00    4.7284200862e-04    1.2000000000e+01    4.4516250455e-05    9.5833333333e-01
       100   -7.1925980258e-01    5.2816528869e-01   -1.9018453673e+00    1.1825855647e+00    5.9999761224e-01    3.3179334769e-01   -2.8346827433e+00    1.0464160317e-03    1.2000000000e+01    4.3696500597e-05    1.0000000000e+00
       101   -7.0958558488e-01    5.1438190381e-01   -2.0711625465e+00    1.3615769616e+00    7.7852800818e-01    3.3179334769e-01   -3.1816443293e+00    1.6042696129e-04    1.2000000000e+01    5.1509749483e-05    9.5833333333e-01
       102   -7.6371158150e-01    5.8649074374e-01   -1.4072663615e+00    6.4355478002e-01    6.3607374311e-01    3.3179334769e-01   -2.3756755707e+00    5.4211837571e-04    1.2000000000e+01    4.3581250338e-05    9.1666666667e-01
       103   -7.6773974982e-01    5.9458038222e-01   -1.3261401699e+00    5.5840042006e-01    4.0090781030e-01    3.3179334769e-01   -2.0597398765e+00    8.9854861085e-04    1.2000000000e+01    4.5174750539e-05    1.0000000000e+00
       104   -7.9406833640e-01    6.3580547957e-01   -1.4435667316e+00    6.4949839516e-01    3.7447622537e-01    3.3179334769e-01   -2.1606866950e+00    1.0850390367e-02    1.2000000000e+01    4.7229249503e-05    1.0000000000e+00
       105   -7.9536812946e-01    6.3819597954e-01   -1.3942479061e+00    5.9887977664e-01    3.5786093432e-01    3.3179334769e-01   -2.1025218358e+00    1.8619647726e-02    1.2000000000e+01    5.9387999499e-05    1.0000000000e+00
       106   -7.4793831015e-01    5.6061689378e-01   -1.4822453010e+00    7.3430699082e-01    3.6296157759e-01    3.3179334769e-01   -2.2121943202e+00    3.5194093929e-02    1.2000000000e+01    7.8319250406e-05    9.5833333333e-01
       107   -7.9989327594e-01    6.4686885698e-01   -1.4669854080e+00    6.6709213211e-01    3.5890901069e-01    3.3179334769e-01   -2.2030627006e+00    4.5374934204e-02    1.2000000000e+01    4.3607749831e-05    1.0000000000e+00
       108   -7.5847807294e-01    5.7721473075e-01   -1.9133792516e+00    1.1549011786e+00    3.4835724619e-01    3.3179334769e-01   -2.6062882012e+00    1.2758355747e-02    1.2000000000e+01    4.4112000069e-05    9.1666666667e-01
       109   -7.6963320318e-01    6.0154741652e-01   -2.2595549477e+00    1.4899217445e+00    3.6262815738e-01    3.3179334769e-01   -2.9638170634e+00    9.8406106000e-03    1.2000000000e+01    4.4468500164e-05    9.5833333333e-01
       110   -7.3758723786e-01    5.4985901940e-01   -1.2795614297e+00    5.4197419186e-01    4.2456562363e-01    3.3179334769e-01   -2.0365123495e+00    5.9194843035e-04    1.2000000000e+01    4.1080250412e-05    9.1666666667e-01
       111   -7.5691312257e-01    5.7640310573e-01   -1.0551059381e+00    2.9819281551e-01    4.0969361141e-01    3.3179334769e-01   -1.7976829238e+00    1.0900266545e-03    1.2000000000e+01    4.1256499571e-05    1.0000000000e+00
       112   -7.6600620193e-01    5.8999422972e-01   -8.5532306333e-01    8.9316861399e-02    3.8182411857e-01    3.3179334769e-01   -1.5773666879e+00    8.4261583535e-03    1.2000000000e+01    4.1119000343e-05    1.0000000000e+00
       113   -8.0045538286e-01    6.4185526692e-01   -8.1394520169e-01    1.3489818834e-02    5.0256261419e-01    3.3179334769e-01   -1.6564130678e+00    8.1119042139e-03    1.2000000000e+01    3.5600249703e-05    1.0000000000e+00
       114   -8.1414954515e-01    6.6610664085e-01   -9.0779282649e-01    9.3643281331e-02    4.0800653550e-01    3.3179334769e-01   -1.6487036141e+00    1.1109043769e-03    1.2000000000e+01    3.7111250094e-05    1.0000000000e+00
       115   -8.2749890611e-01    6.8792368984e-01   -9.2292821858e-01    9.5429312465e-02    4.0795738528e-01    3.3179334769e-01   -1.6638072663e+00    1.1283147667e-03    1.2000000000e+01    3.4301000596e-05    1.0000000000e+00
       116   -7.7827424322e-01    6.0653127358e-01   -7.9091049724e-01    1.2636254021e-02    3.6398297474e-01    3.3179334769e-01   -1.4869387148e+00    2.5189515889e-04    1.2000000000e+01    3.6217249999e-05    9.5833333333e-01
       117   -7.6383413120e-01    5.8591563265e-01   -7.2583773699e-01   -3.7996394217e-02    3.7745477798e-01    3.3179334769e-01   -1.4353511040e+00    2.6524133393e-04    1.2000000000e+01    3.2132750221e-05    9.5833333333e-01
       118   -7.6267867317e-01    5.8380376503e-01   -9.3807614948e-01    1.7539747631e-01    4.7958240343e-01    3.3179334769e-01   -1.7496285820e+00    1.7668138156e-04    1.2000000000e+01    3.7627250094e-05    1.0000000000e+00
       119   -7.9570714902e-01    6.3583630944e-01   -1.0296871928e+00    2.3398004382e-01    5.6429004738e-01    3.3179334769e-01   -1.9260873863e+00    3.1679833604e-04    1.2000000000e+01    3.8483500703e-05    1.0000000000e+00
       120   -8.0133834581e-01    6.4538410496e-01   -8.2164065163e-01    2.0302305823e-02    6.4706788645e-01    3.3179334769e-01   -1.8036663944e+00    3.1645086320e-03    1.2000000000e+01    3.5044499782e-05    1.0000000000e+00
       121   -7.9491792575e-01    6.3433595708e-01   -9.9864902418e-01    2.0373109843e-01    6.0307102581e-01    3.3179334769e-01   -1.9476529050e+00    1.4139507283e-02    1.2000000000e+01    3.6164750782e-05    1.0000000000e+00
       122   -7.6347245643e-01    5.8680761751e-01   -1.2091018951e+00    4.4562943867e-01    5.6778527998e-01    3.3179334769e-01   -2.1117785911e+00    3.0980683746e-03    1.2000000000e+01    4.3152749640e-05    9.1666666667e-01
       123   -7.7185653900e-01    5.9738435096e-01   -1.2504290656e+00    4.7857252655e-01    3.8277016575e-01    3.3179334769e-01   -1.9716221601e+00    6.6295810717e-03    1.2000000000e+01    4.9441749525e-05    1.0000000000e+00
       124   -8.6776655012e-01    7.9377430630e-01   -1.0309749416e+00    1.6320839145e-01    3.2163323373e-01    3.3179334769e-01   -1.6937350556e+00    9.3335325681e-03    1.2000000000e+01    4.7940250624e-05    1.0000000000e+00
       125   -8.6107147532e-01    7.4822984292e-01   -1.1635883932e+00    3.0251691786e-01    3.0704012067e-01    3.3179334769e-01   -1.8275948786e+00    2.5173017024e-02    1.2000000000e+01    4.0608500058e-05    1.0000000000e+00
       126   -8.2245658263e-01    6.8011232151e-01   -1.1199992865e+00    2.9754270391e-01    4.1983181891e-01    3.3179334769e-01   -1.8775118585e+00    5.8874053271e-03    1.2000000000e+01    4.3590000587e-05    1.0000000000e+00
       127   -7.8992765002e-01    6.2671105965e-01   -1.5134088836e+00    7.2348123354e-01    5.2834282106e-01    3.3179334769e-01   -2.7289882169e+00    3.5544316456e-01    1.2000000000e+01    5.8793749758e-05    1.0000000000e+00
       128   -7.7974307031e-01    6.0931195355e-01   -1.3552460970e+00    5.7550302670e-01    4.5510716673e-01    3.3179334769e-01   -2.1895972756e+00    4.7450664171e-02    1.2000000000e+01    4.2679499529e-05    9.5833333333e-01
       129   -7.3244370977e-01    5.4110024475e-01   -1.3742714096e+00    6.4182769981e-01    6.4178126214e-01    3.3179334769e-01   -2.3481939609e+00    3.4794146083e-04    1.2000000000e+01    4.1672499719e-05    1.0000000000e+00
       130   -7.2576838774e-01    5.3640445823e-01   -1.4252173934e+00    6.9944900562e-01    7.6095970592e-01    3.3179334769e-01   -2.5182718050e+00    3.0135805996e-04    1.2000000000e+01    4.4509750296e-05    1.0000000000e+00
       131   -7.8071401382e-01    6.1424498694e-01   -1.1572091189e+00    3.7649510512e-01    4.7555547311e-01    3.3179334769e-01   -1.9654497962e+00    8.9185650399e-04    1.2000000000e+01    3.3656000141e-05    1.0000000000e+00
       132   -7.4814614255e-01    5.6514739822e-01   -1.0823251672e+00    3.3417902468e-01    4.6073088807e-01    3.3179334769e-01   -1.8749164813e+00    6.7078277814e-05    1.2000000000e+01    3.5490749724e-05    9.5833333333e-01
       133   -7.2228847035e-01    5.2992526547e-01   -1.4539156414e+00    7.3162717103e-01    4.4661937946e-01    3.3179334769e-01   -2.2327374867e+00    4.0911818596e-04    1.2000000000e+01    3.9550250222e-05    1.0000000000e+00
       134   -7.5346204395e-01    5.7366843531e-01   -1.1153648581e+00    3.6190281419e-01    5.2868653461e-01    3.3179334769e-01   -1.9761835376e+00    3.3879716030e-04    1.2000000000e+01    3.9094000840e-05    1.0000000000e+00
       135   -7.4301893215e-01    5.5487038254e-01   -1.0719069515e+00    3.2888801935e-01    4.8740233143e-01    3.3179334769e-01   -1.8912565439e+00    1.5391329924e-04    1.2000000000e+01    5.1973499467e-05    1.0000000000e+00
       136   -7.4621090672e-01    5.5957352791e-01   -1.1214804461e+00    3.7526953938e-01    4.7332015024e-01    3.3179334769e-01   -1.9268023375e+00    2.0839347780e-04    1.2000000000e+01    5.0841249958e-05    1.0000000000e+00
       137   -7.6453662249e-01    5.9236497369e-01   -1.3854235301e+00    6.2088690762e-01    5.3813136574e-01    3.3179334769e-01   -2.2592596578e+00    3.9114142917e-03    1.2000000000e+01    5.6416750340e-05    1.0000000000e+00
       138   -7.7406115072e-01    6.0740934650e-01   -1.3833367157e+00    6.0927556494e-01    6.0472295581e-01    3.3179334769e-01   -2.3307043108e+00    1.0851291587e-02    1.2000000000e+01    6.9170499501e-05    1.0000000000e+00
       139   -7.5194737916e-01    5.7718675094e-01   -1.7380451346e+00    9.8609775542e-01    5.7368919278e-01    3.3179334769e-01   -2.6585276812e+00    1.5000006135e-02    1.2000000000e+01    4.5227249757e-05    9.5833333333e-01
       140   -7.8085727801e-01    6.1998578642e-01   -1.7495463005e+00    9.6868902247e-01    6.9083669383e-01    3.3179334769e-01   -2.7938757390e+00    2.1699396959e-02    1.2000000000e+01    4.0422250549e-05    1.0000000000e+00
       141   -7.3404346992e-01    5.4392622033e-01   -1.4117991051e+00    6.7775563514e-01    8.0935586949e-01    3.3179334769e-01   -2.5639278035e+00    1.0979481306e-02    1.2000000000e+01    2.8634325008e-04    1.0000000000e+00
       142   -7.5423049589e-01    5.7115723157e-01   -1.1503523986e+00    3.9612190267e-01    8.4506667345e-01    3.3179334769e-01   -2.3441541161e+00    1.6941696371e-02    1.2000000000e+01    4.7373750931e-05    1.0000000000e+00
       143   -7.7853906649e-01    6.0680347613e-01   -1.3170411449e+00    5.3850207843e-01    4.7490975413e-01    3.3179334769e-01   -2.1357307605e+00    1.1986513737e-02    1.2000000000e+01    4.1900500037e-05    1.0000000000e+00
       144   -7.9809274666e-01    6.3924102774e-01   -1.3210962533e+00    5.2300350661e-01    5.5383581972e-01    3.3179334769e-01   -2.2136938054e+00    6.9683846965e-03    1.2000000000e+01    3.9470250158e-05    1.0000000000e+00
       145   -7.7876002729e-01    6.1291273340e-01   -1.6252467306e+00    8.4648670328e-01    5.3546304784e-01    3.3179334769e-01   -2.4956929044e+00    3.1897782734e-03    1.2000000000e+01    4.0802499825e-05    1.0000000000e+00
       146   -7.8087386516e-01    6.1877561272e-01   -1.5408133673e+00    7.5993950212e-01    5.7656017159e-01    3.3179334769e-01   -2.4515352327e+00    2.3683461610e-03    1.2000000000e+01    4.0022249777e-05    9.5833333333e-01
       147   -7.6292316156e-01    5.8613487991e-01   -1.9288694618e+00    1.1659463003e+00    6.0689203399e-01    3.3179334769e-01   -2.8713689985e+00    3.8141549935e-03    1.2000000000e+01    5.2823999795e-05    9.5833333333e-01
       148   -8.2057823897e-01    6.7902051094e-01   -1.7775124718e+00    9.5693423284e-01    5.1653874806e-01    3.3179334769e-01   -2.6282468587e+00    2.4022911438e-03    1.2000000000e+01    5.9619500007e-05    9.1666666667e-01
       149   -7.9067100416e-01    6.2786608299e-01   -1.5882852182e+00    7.9761421407e-01    5.2192554243e-01    3.3179334769e-01   -2.4488738850e+00    6.8697766572e-03    1.2000000000e+01    4.5831750413e-05    9.1666666667e-01
       150   -7.6921988889e-01    5.9663991401e-01   -1.8172873731e+00    1.0480674842e+00    5.0105993451e-01    3.3179334769e-01   -2.7194321193e+00    6.9291464019e-02    1.2000000000e+01    4.5339500048e-05    9.5833333333e-01
       151   -7.4942975469e-01    5.7078981388e-01   -1.8145976950e+00    1.0651679403e+00    5.4960937617e-01    3.3179334769e-01   -2.7688552696e+00    7.2854850756e-02    1.2000000000e+01    4.5348999720e-05    9.5833333333e-01
       152   -7.5607695364e-01    5.8203930825e-01   -2.2590870754e+00    1.5030101218e+00    5.4492696462e-01    3.3179334769e-01   -3.1547008094e+00    1.8893421725e-02    1.2000000000e+01    5.1921249906e-05    9.5833333333e-01
       153   -7.4428821542e-01    5.6133151594e-01   -2.0540847932e+00    1.3097965778e+00    4.7965839224e-01    3.3179334769e-01   -3.0444456188e+00    1.7890908567e-01    1.2000000000e+01    5.0482499773e-05    1.0000000000e+00
       154   -7.8992070883e-01    6.2466620872e-01   -1.6792646601e+00    8.8934395125e-01    4.4749385021e-01    3.3179334769e-01   -2.5505706579e+00    9.2018799937e-02    1.2000000000e+01    5.6214999859e-05    1.0000000000e+00
       155   -7.8799951798e-01    6.2210580096e-01   -1.3748091695e+00    5.8680965156e-01    6.2607238966e-01    3.3179334769e-01   -2.3859054403e+00    5.3230533367e-02    1.2000000000e+01    4.9548499646e-05    1.0000000000e+00
       156   -7.7052510585e-01    5.9491975404e-01   -1.1774256207e+00    4.0690051483e-01    6.8270610665e-01    3.3179334769e-01   -2.2296625501e+00    3.7737475039e-02    1.2000000000e+01    4.5851249524e-05    9.5833333333e-01
       157   -7.7082198648e-01    5.9530147619e-01   -1.2595846054e+00    4.8876261894e-01    4.2106211548e-01    3.3179334769e-01   -2.0323777011e+00    1.9937632483e-02    1.2000000000e+01    4.5800999487e-05    1.0000000000e+00
       158   -8.0815260690e-01    6.5478095276e-01   -1.2856626976e+00    4.7751009067e-01    3.6737012083e-01    3.3179334769e-01   -1.9852310964e+00    4.0493033311e-04    1.2000000000e+01    6.8936999469e-05    9.1666666667e-01
       159   -7.9574591847e-01    6.3644879920e-01   -1.5358022922e+00    7.4005637372e-01    3.3117077261e-01    3.3179334769e-01   -2.1989375941e+00    1.7118161216e-04    1.2000000000e+01    3.8741749904e-05    1.0000000000e+00
       160   -7.9853006573e-01    6.4261367565e-01   -1.3581919622e+00    5.5966189648e-01    3.3916199825e-01    3.3179334769e-01   -2.0291851407e+00    3.7832536368e-05    1.2000000000e+01    3.1448249956e-05    1.0000000000e+00
       161   -7.6913339831e-01    5.9350452973e-01   -1.5653760138e+00    7.9624261550e-01    3.0850266091e-01    3.3179334769e-01   -2.2069404531e+00    1.2684306879e-03    1.2000000000e+01    4.3485749302e-05    9.5833333333e-01
       162   -7.6460791607e-01    5.8568179707e-01   -1.6517361577e+00    8.8712824160e-01    3.4116317752e-01    3.3179334769e-01   -2.3268926320e+00    2.1999491317e-03    1.2000000000e+01    4.0529749640e-05    9.5833333333e-01
       163   -7.7104150771e-01    6.0052661454e-01   -1.4578422435e+00    6.8680073582e-01    4.0029895481e-01    3.3179334769e-01   -2.1915638946e+00    1.6293485650e-03    1.2000000000e+01    5.7126999764e-05    1.0000000000e+00
       164   -8.3835723515e-01    7.0717105318e-01   -1.3330948889e+00    4.9473765372e-01    6.4784577923e-01    3.3179334769e-01   -2.3135580970e+00    8.2408124818e-04    1.2000000000e+01    5.7927999933e-05    9.5833333333e-01
       165   -8.4458575547e-01    7.1959056688e-01   -1.1948406513e+00    3.5025489588e-01    5.7215587652e-01    3.3179334769e-01   -2.0997685222e+00    9.7864669413e-04    1.2000000000e+01    5.2097249409e-05    9.5833333333e-01
       166   -8.3256441286e-01    7.0215772782e-01   -1.0548829882e+00    2.2231857533e-01    4.6045138476e-01    3.3179334769e-01   -1.8474872107e+00    3.5949003156e-04    1.2000000000e+01    4.3831999392e-05    1.0000000000e+00
       167   -8.3097294895e-01    7.0122179137e-01   -1.4961072164e+00    6.6513426744e-01    3.7189955206e-01    3.3179334769e-01   -2.2180178303e+00    1.8217714115e-02    1.2000000000e+01    4.9918999594e-05    9.5833333333e-01
       168   -8.3322955465e-01    6.9938124326e-01   -1.8324100239e+00    9.9918046927e-01    3.5056582325e-01    3.3179334769e-01   -2.5409289056e+00    2.6159710747e-02    1.2000000000e+01    5.2486749610e-05    8.7500000000e-01
       169   -7.5822876177e-01    5.7919484606e-01   -1.5258979602e+00    7.6766919841e-01    3.2818644057e-01    3.3179334769e-01   -2.2365814197e+00    5.0703671269e-02    1.2000000000e+01    3.7724499634e-05    9.5833333333e-01
       170   -7.5698989260e-01    5.7399029268e-01   -1.1266066212e+00    3.6961672857e-01    3.1216326745e-01    3.3179334769e-01   -1.7931532725e+00    2.2590036164e-02    1.2000000000e+01    4.1466999846e-05    9.1666666667e-01
       171   -7.7357478021e-01    5.9922139507e-01   -1.1319601958e+00    3.5838541561e-01    3.3113298555e-01    3.3179334769e-01   -1.8014702154e+00    6.5836863620e-03    1.2000000000e+01    4.3638999614e-05    9.5833333333e-01
       172   -7.8538745605e-01    6.1732813419e-01   -1.0619670800e+00    2.7657962393e-01    5.4675274071e-01    3.3179334769e-01   -1.9413674802e+00    8.5431184964e-04    1.2000000000e+01    4.1864749619e-05    1.0000000000e+00
       173   -8.0519118533e-01    6.5722951400e-01   -1.2799933608e+00    4.7480217547e-01    4.7676973774e-01    3.3179334769e-01   -2.0916383063e+00    3.0818600629e-03    1.2000000000e+01    4.6668749746e-05    1.0000000000e+00
       174   -7.8423747620e-01    6.1830457104e-01   -1.6125733097e+00    8.2833583347e-01    3.3389647078e-01    3.3179334769e-01   -2.3050707808e+00    2.6807652683e-02    1.2000000000e+01    4.2064749778e-05    1.0000000000e+00
       175   -8.5000069438e-01    7.3249295891e-01   -1.4530390092e+00    6.0303831481e-01    3.8429947214e-01    3.3179334769e-01   -2.1790483967e+00    9.9165676806e-03    1.2000000000e+01    4.7149751026e-05    1.0000000000e+00
       176   -8.1388888872e-01    6.6662810772e-01   -1.1186113810e+00    3.0472249226e-01    4.6201555414e-01    3.3179334769e-01   -1.9263206529e+00    1.3900370088e-02    1.2000000000e+01    5.2019500345e-05    1.0000000000e+00
       177   -7.9539502774e-01    6.4025845498e-01   -1.0747623831e+00    2.7936735539e-01    4.0275817321e-01    3.3179334769e-01   -1.8209543069e+00    1.1640402854e-02    1.2000000000e+01    5.0821000059e-05    9.5833333333e-01
       178   -7.9049049529e-01    6.3038106848e-01   -1.2753191863e+00    4.8482869102e-01    3.5224057067e-01    3.3179334769e-01   -1.9960145790e+00    3.6661474337e-02    1.2000000000e+01    6.2476250150e-05    9.5833333333e-01
       179   -7.5511599374e-01    5.7359371554e-01   -1.3546523070e+00    5.9953631324e-01    3.3366129271e-01    3.3179334769e-01   -2.1050021095e+00    8.4895162160e-02    1.2000000000e+01    6.5574000018e-05    9.5833333333e-01
       180   -8.1130100752e-01    6.7154108961e-01   -1.5134764527e+00    7.0217544520e-01    3.6641976390e-01    3.3179334769e-01   -2.2420046038e+00    3.0315039481e-02    1.2000000000e+01    6.8743499924e-05    9.5833333333e-01
       181   -7.9682202954e-01    6.3621885510e-01   -1.1859961385e+00    3.8917410894e-01    3.4031430330e-01    3.3179334769e-01   -1.8743604702e+00    1.6256680759e-02    1.2000000000e+01    6.0131499595e-05    1.0000000000e+00
       182   -8.4823574978e-01    7.2340279115e-01   -1.3496628219e+00    5.0142707214e-01    3.2570445910e-01    3.3179334769e-01   -2.0125506040e+00    5.3899752691e-03    1.2000000000e+01    5.9612249515e-05    1.0000000000e+00
       183   -8.1453283236e-01    6.6956740396e-01   -1.8908633966e+00    1.0763305642e+00    3.5297439205e-01    3.3179334769e-01   -2.5759105660e+00    2.7942974828e-04    1.2000000000e+01    6.1153499701e-05    9.5833333333e-01
       184   -8.3400938474e-01    6.9946930678e-01   -2.0114550023e+00    1.1774456176e+00    3.3749207103e-01    3.3179334769e-01   -2.6819400458e+00    1.1996247629e-03    1.2000000000e+01    5.8930499563e-05    1.0000000000e+00
       185   -8.4654808522e-01    7.2297682681e-01   -1.1444435774e+00    2.9789549217e-01    2.8629681987e-01    3.3179334769e-01   -1.7764245943e+00    1.3890849334e-02    1.2000000000e+01    4.4677999995e-05    1.0000000000e+00
       186   -8.1349409927e-01    6.7149109509e-01   -1.1580663782e+00    3.4457227890e-01    3.4719607780e-01    3.3179334769e-01   -1.8676431554e+00    3.0587351745e-02    1.2000000000e+01    4.5527749990e-05    1.0000000000e+00
       187   -8.1535828330e-01    7.2988571049e-01   -1.3077193661e+00    4.9236108281e-01    3.4195548531e-01    3.3179334769e-01   -1.9837189554e+00    2.2507562761e-03    1.2000000000e+01    3.8329250401e-05    9.5833333333e-01
       188   -8.3659231515e-01    7.4455067121e-01   -1.0404595229e+00    2.0386720770e-01    3.5724215231e-01    3.3179334769e-01   -1.7334453652e+00    3.9503423798e-03    1.2000000000e+01    3.7266249819e-05    1.0000000000e+00
       189   -9.0851235717e-01    9.4522318569e-01   -9.2023174556e-01    1.1719388384e-02    2.9724607811e-01    3.3179334769e-01   -1.5493603973e+00    8.9225894522e-05    1.2000000000e+01    3.4320250506e-05    1.0000000000e+00
       190   -7.6246673198e-01    6.0690834133e-01   -9.5235120089e-01    1.8988446891e-01    3.8661271343e-01    3.3179334769e-01   -1.6707733253e+00    1.6063305572e-05    1.2000000000e+01    3.3036999412e-05    1.0000000000e+00
       191   -8.5369759732e-01    7.7939601814e-01   -9.3485489228e-01    8.1157294952e-02    3.0995571746e-01    3.3179334769e-01   -1.5766046299e+00    6.7243212327e-07    1.2000000000e+01    2.6548249934e-05    1.0000000000e+00
       192   -7.7688326393e-01    6.0870113638e-01   -1.0661596086e+00    2.8927634470e-01    2.8868278206e-01    3.3179334769e-01   -1.6866362730e+00    5.3460984261e-07    1.2000000000e+01    2.7614249575e-05    1.0000000000e+00
       193   -7.5869948836e-01    5.7780878027e-01   -1.3802943060e+00    6.2159481762e-01    3.1650017163e-01    3.3179334769e-01   -2.0286523787e+00    6.4553367350e-05    1.2000000000e+01    3.6138999803e-05    9.5833333333e-01
       194   -8.2740247941e-01    6.8770753374e-01   -1.4434165098e+00    6.1601403034e-01    3.1862803662e-01    3.3179334769e-01   -2.0938563560e+00    1.8461937823e-05    1.2000000000e+01    4.5754749863e-05    9.5833333333e-01
       195   -8.2135999891e-01    6.7875378610e-01   -1.2138474259e+00    3.9248742696e-01    3.2517292231e-01    3.3179334769e-01   -1.8708206947e+00    6.9988291594e-06    1.2000000000e+01    3.5614249555e-05    1.0000000000e+00
       196   -8.3007729787e-01    6.9419153204e-01   -1.2289304195e+00    3.9885312166e-01    3.2733317928e-01    3.3179334769e-01   -1.8882005143e+00    1.4356778042e-04    1.2000000000e+01    3.9366249894e-05    1.0000000000e+00
       197   -8.0908006253e-01    6.5713135497e-01   -1.7171818882e+00    9.0810182567e-01    3.2432834325e-01    3.3179334769e-01   -2.3734115657e+00    1.0798657826e-04    1.2000000000e+01    4.0411250211e-05    9.5833333333e-01
       198   -7.9153133482e-01    6.2933652068e-01   -1.4804350876e+00    6.8890375278e-01    4.0623630704e-01    3.3179334769e-01   -2.2188500111e+00    3.8526878738e-04    1.2000000000e+01    3.8447750285e-05    1.0000000000e+00
       199   -7.6439830963e-01    5.8695034902e-01   -1.2328421015e+00    4.6844379184e-01    4.0707091778e-01    3.3179334769e-01   -1.9718163059e+00    1.0993892327e-04    1.2000000000e+01    3.9968249894e-05    9.5833333333e-01
