#   index    LocalEnergy         LocalEnergy_sq      LocalPotential      Kinetic             ElecElec            IonIon              LocalECP            NonLocalECP         BlockWeight         BlockCPU            AcceptRatio         
         0   -7.2677233691e-01    5.2981729808e-01   -1.4176950120e+00    6.9092267510e-01    3.3482329416e-01    3.3179334769e-01   -2.0843616368e+00    4.9982951494e-05    1.2000000000e+01    3.4593249893e-05    1.0000000000e+00
         1   -7.3650685749e-01    5.4503614008e-01   -1.3416266646e+00    6.0511980711e-01    3.4069139379e-01    3.3179334769e-01   -2.0143631486e+00    2.5174254972e-04    1.2000000000e+01    5.9396500092e-05    1.0000000000e+00
         2   -7.4752578908e-01    5.6029282274e-01   -1.2746156078e+00    5.2708981870e-01    3.5777807029e-01    3.3179334769e-01   -1.9658826038e+00    1.6955780859e-03    1.2000000000e+01    4.5538999984e-05    1.0000000000e+00
         3   -7.5080481075e-01    5.7133165582e-01   -2.0370175704e+00    1.2862127596e+00    4.8762523529e-01    3.3179334769e-01   -2.8564543615e+00    1.8208127436e-05    1.2000000000e+01    4.4595749387e-05    1.0000000000e+00
         4   -7.5428119278e-01    5.7264736379e-01   -1.6569258176e+00    9.0264462485e-01    4.3262519661e-01    3.3179334769e-01   -2.4214347294e+00    9.0367475209e-05    1.2000000000e+01    3.6453749090e-05    9.5833333333e-01
         5   -7.8714788689e-01    6.2991234400e-01   -1.4647374255e+00    6.7758953864e-01    4.3996455600e-01    3.3179334769e-01   -2.2365185131e+00    2.3183926269e-05    1.2000000000e+01    3.3657249787e-05    9.5833333333e-01
         6   -7.3510471952e-01    5.4486169622e-01   -1.4022569316e+00    6.6715221207e-01    4.1901134153e-01    3.3179334769e-01   -2.1536624264e+00    6.0080560845e-04    1.2000000000e+01    3.3352249375e-05    1.0000000000e+00
         7   -7.2570159929e-01    5.3023578620e-01   -1.4629139602e+00    7.3721236093e-01    4.3033276776e-01    3.3179334769e-01   -2.2251263255e+00    8.6249853312e-05    1.2000000000e+01    3.4629249967e-05    1.0000000000e+00
         8   -7.1119524329e-01    5.0822150505e-01   -1.5254194547e+00    8.1422421145e-01    4.8113682002e-01    3.3179334769e-01   -2.3383869558e+00    3.7333390478e-05    1.2000000000e+01    3.8096499793e-05    9.5833333333e-01
         9   -6.6913573066e-01    4.5132830979e-01   -1.7564488795e+00    1.0873131488e+00    5.5030796194e-01    3.3179334769e-01   -2.6385679306e+00    1.7741505543e-05    1.2000000000e+01    4.6030249905e-05    1.0000000000e+00
        10   -6.8062246938e-01    4.6974179499e-01   -1.5883071316e+00    9.0768466224e-01    5.4432642460e-01    3.3179334769e-01   -2.4644420439e+00    1.5140013439e-05    1.2000000000e+01    3.6347000332e-05    9.1666666667e-01
        11   -7.2416762212e-01    5.4795728169e-01   -1.8434870067e+00    1.1193193846e+00    7.1226051759e-01    3.3179334769e-01   -2.8877229365e+00    1.8206446845e-04    1.2000000000e+01    4.8230750053e-05    1.0000000000e+00
        12   -6.7992340523e-01    4.9284704913e-01   -1.8594239512e+00    1.1795005460e+00    1.0455961504e+00    3.3179334769e-01   -3.2377062356e+00    8.9278636471e-04    1.2000000000e+01    4.1600000259e-05    9.5833333333e-01
        13   -7.1953323477e-01    5.2473728044e-01   -1.7648426599e+00    1.0453094252e+00    1.0622825153e+00    3.3179334769e-01   -3.1620849453e+00    3.1664223977e-03    1.2000000000e+01    4.3015750180e-05    9.1666666667e-01
        14   -8.1140775749e-01    6.7121396620e-01   -1.9121701573e+00    1.1007623998e+00    6.2650465789e-01    3.3179334769e-01   -2.8719121469e+00    1.4439839765e-03    1.2000000000e+01    3.8061250052e-05    9.5833333333e-01
        15   -8.3053659293e-01    7.0270194288e-01   -1.3579939558e+00    5.2745736287e-01    5.5569165574e-01    3.3179334769e-01   -2.2454983930e+00    1.9433770840e-05    1.2000000000e+01    3.8196249534e-05    9.5833333333e-01
        16   -7.7482042154e-01    6.0275415838e-01   -1.2931396350e+00    5.1831921342e-01    4.6309886639e-01    3.3179334769e-01   -2.0882850118e+00    2.5316272824e-04    1.2000000000e+01    3.0825499380e-05    9.5833333333e-01
        17   -7.9432118557e-01    6.7635540086e-01   -1.5463434916e+00    7.5202230600e-01    5.3488669886e-01    3.3179334769e-01   -2.4130432132e+00    1.9675062721e-05    1.2000000000e+01    3.9408749672e-05    1.0000000000e+00
        18   -7.9739553256e-01    6.9345173550e-01   -1.8559114151e+00    1.0585158826e+00    4.7581287267e-01    3.3179334769e-01   -2.6635377028e+00    2.0067301000e-05    1.2000000000e+01    4.4997500481e-05    1.0000000000e+00
        19   -8.0251285039e-01    6.5211128017e-01   -1.0447057090e+00    2.4219285858e-01    5.6193931158e-01    3.3179334769e-01   -1.9385288778e+00    9.0509568618e-05    1.2000000000e+01    4.4302750666e-05    1.0000000000e+00
        20   -8.7481049343e-01    7.9109132919e-01   -1.0772157330e+00    2.0240523962e-01    4.1278342393e-01    3.3179334769e-01   -1.8218501765e+00    5.7671862749e-05    1.2000000000e+01    3.8741750359e-05    1.0000000000e+00
        21   -8.4697707271e-01    7.2092134482e-01   -1.1677395077e+00    3.2076243497e-01    3.3189829067e-01    3.3179334769e-01   -1.8315665363e+00    1.3539022744e-04    1.2000000000e+01    3.7044500004e-05    1.0000000000e+00
        22   -7.9742868934e-01    6.3911695433e-01   -1.0262283824e+00    2.2879969310e-01    3.0113126734e-01    3.3179334769e-01   -1.6598539999e+00    7.0100245944e-04    1.2000000000e+01    5.2134249927e-05    1.0000000000e+00
        23   -8.9120140112e-01    8.6245566207e-01   -1.1433276061e+00    2.5212620499e-01    2.8967749095e-01    3.3179334769e-01   -1.7650264904e+00    2.2804565133e-04    1.2000000000e+01    4.9827249768e-05    1.0000000000e+00
        24   -8.6825622728e-01    8.1461653968e-01   -1.6302394384e+00    7.6198321111e-01    2.8011659334e-01    3.3179334769e-01   -2.2422039169e+00    5.4537488036e-05    1.2000000000e+01    5.5632000112e-05    1.0000000000e+00
        25   -8.2282459274e-01    6.8097845646e-01   -1.6075637091e+00    7.8473911634e-01    3.0913636737e-01    3.3179334769e-01   -2.2485180420e+00    2.4617812670e-05    1.2000000000e+01    4.8037749821e-05    9.5833333333e-01
        26   -8.2624445699e-01    6.8513451658e-01   -2.0352121260e+00    1.2089676690e+00    3.3590823243e-01    3.3179334769e-01   -2.7029411967e+00    2.7490617583e-05    1.2000000000e+01    4.8359249831e-05    9.5833333333e-01
        27   -8.1438690778e-01    6.6465271374e-01   -1.4914212878e+00    6.7703438004e-01    3.8872350365e-01    3.3179334769e-01   -2.2119410597e+00    2.9205196598e-06    1.2000000000e+01    3.5297249724e-05    1.0000000000e+00
        28   -8.0415627181e-01    6.4733489351e-01   -1.0339272406e+00    2.2977096875e-01    3.9902998478e-01    3.3179334769e-01   -1.7647795941e+00    2.9021102807e-05    1.2000000000e+01    3.4347000110e-05    1.0000000000e+00
        29   -7.4785124182e-01    5.6399475904e-01   -1.2424896603e+00    4.9463841845e-01    3.1537642585e-01    3.3179334769e-01   -1.8914415286e+00    1.7820947344e-03    1.2000000000e+01    3.9061749703e-05    1.0000000000e+00
        30   -7.9549670054e-01    6.4143632752e-01   -1.7010537279e+00    9.0555702731e-01    3.5000096595e-01    3.3179334769e-01   -2.3835844660e+00    7.3642450044e-04    1.2000000000e+01    4.0178500058e-05    1.0000000000e+00
        31   -8.2908583404e-01    6.8972725601e-01   -1.2030965036e+00    3.7401066957e-01    3.1528040536e-01    3.3179334769e-01   -1.8541920189e+00    4.0217622386e-03    1.2000000000e+01    5.0871999520e-05    9.5833333333e-01
        32   -8.0068748967e-01    6.4456833763e-01   -1.2265409935e+00    4.2585350383e-01    3.1851162981e-01    3.3179334769e-01   -1.8779976542e+00    1.1516831678e-03    1.2000000000e+01    4.0732250454e-05    1.0000000000e+00
        33   -7.6263522829e-01    5.8577756395e-01   -1.6277588212e+00    8.6512359289e-01    3.2093928121e-01    3.3179334769e-01   -2.3177635915e+00    3.7272141381e-02    1.2000000000e+01    4.0391000312e-05    1.0000000000e+00
        34   -7.8815520182e-01    6.2621403946e-01   -1.1664614823e+00    3.7830628052e-01    3.3272490728e-01    3.3179334769e-01   -1.8357151591e+00    4.7354217904e-03    1.2000000000e+01    3.6020750031e-05    1.0000000000e+00
        35   -8.0073065694e-01    6.4252434431e-01   -1.0089822475e+00    2.0825159052e-01    3.4850851447e-01    3.3179334769e-01   -1.6899466885e+00    6.6257884651e-04    1.2000000000e+01    3.5129251046e-05    1.0000000000e+00
        36   -7.7539476717e-01    6.0201579275e-01   -1.0770497879e+00    3.0165502070e-01    3.5503801250e-01    3.3179334769e-01   -1.7639781068e+00    9.6958697795e-05    1.2000000000e+01    3.0937250358e-05    1.0000000000e+00
        37   -7.9085541974e-01    6.2695263430e-01   -1.5488603175e+00    7.5800489778e-01    5.8484385593e-01    3.3179334769e-01   -2.4655147127e+00    1.7191568325e-05    1.2000000000e+01    3.4909500755e-05    1.0000000000e+00
        38   -8.2024479475e-01    6.7553790603e-01   -1.5771483540e+00    7.5690355922e-01    5.1485105126e-01    3.3179334769e-01   -2.4238454890e+00    5.2736060014e-05    1.2000000000e+01    3.7791499835e-05    9.5833333333e-01
        39   -7.8696185870e-01    6.2130978765e-01   -1.5630203988e+00    7.7605854006e-01    4.4655129872e-01    3.3179334769e-01   -2.3415643014e+00    1.9925625206e-04    1.2000000000e+01    3.8721499550e-05    1.0000000000e+00
        40   -7.5830299207e-01    5.7651325775e-01   -1.5047302914e+00    7.4642729933e-01    3.9166260138e-01    3.3179334769e-01   -2.2289328825e+00    7.4664202404e-04    1.2000000000e+01    4.4000999878e-05    9.5833333333e-01
        41   -7.7223125706e-01    5.9796065063e-01   -1.3161399759e+00    5.4390871886e-01    3.6003027164e-01    3.3179334769e-01   -2.0081812420e+00    2.1764671409e-04    1.2000000000e+01    4.5444749958e-05    9.1666666667e-01
        42   -8.5193964596e-01    7.5377485689e-01   -1.2449046748e+00    3.9296502885e-01    3.9801305034e-01    3.3179334769e-01   -1.9788026986e+00    4.0916258090e-03    1.2000000000e+01    4.2085750010e-05    1.0000000000e+00
        43   -8.2934140228e-01    6.9503290288e-01   -1.1754003280e+00    3.4605892572e-01    3.4107000736e-01    3.3179334769e-01   -1.9226468824e+00    7.4383199360e-02    1.2000000000e+01    3.9834000290e-05    9.5833333333e-01
        44   -7.8286491583e-01    6.2035410919e-01   -1.2863044262e+00    5.0343951035e-01    3.0172599294e-01    3.3179334769e-01   -1.9201532034e+00    3.2943660926e-04    1.2000000000e+01    4.0011749661e-05    9.5833333333e-01
        45   -8.4001502569e-01    7.1619727661e-01   -1.2393151633e+00    3.9930013762e-01    3.9384369830e-01    3.3179334769e-01   -1.9649783273e+00    2.6118016543e-05    1.2000000000e+01    3.6352500047e-05    9.5833333333e-01
        46   -8.6375126750e-01    7.8809796379e-01   -1.0214422055e+00    1.5769093799e-01    3.3734986920e-01    3.3179334769e-01   -1.6906794340e+00    9.4011652427e-05    1.2000000000e+01    3.4158999370e-05    1.0000000000e+00
        47   -8.0366313778e-01    6.5985646548e-01   -1.5748123971e+00    7.7114925936e-01    3.0538809578e-01    3.3179334769e-01   -2.2120019277e+00    8.0871039705e-06    1.2000000000e+01    2.9040500067e-05    9.5833333333e-01
        48   -8.3667084435e-01    7.0371129079e-01   -1.3721259032e+00    5.3545505889e-01    2.6656037599e-01    3.3179334769e-01   -1.9704817747e+00    2.1477803365e-06    1.2000000000e+01    2.9305250337e-05    1.0000000000e+00
        49   -8.4477890269e-01    7.1857102292e-01   -9.1864380332e-01    7.3864900631e-02    2.6248789100e-01    3.3179334769e-01   -1.5129259580e+00    9.1600581140e-07    1.2000000000e+01    2.8543750432e-05    1.0000000000e+00
        50   -8.3811777628e-01    7.0712101842e-01   -1.1564083121e+00    3.1829053582e-01    2.3927451170e-01    3.3179334769e-01   -1.7274761715e+00    0.0000000000e+00    1.2000000000e+01    2.4009000299e-05    1.0000000000e+00
        51   -8.1279252965e-01    6.6172783477e-01   -1.0329753735e+00    2.2018284389e-01    2.8611174722e-01    3.3179334769e-01   -1.6508878597e+00    7.3912906392e-06    1.2000000000e+01    2.9570999686e-05    1.0000000000e+00
        52   -8.3100647206e-01    6.9647589634e-01   -1.0840064445e+00    2.5299997242e-01    3.1645229495e-01    3.3179334769e-01   -1.7324615657e+00    2.0947859884e-04    1.2000000000e+01    3.7655499455e-05    1.0000000000e+00
        53   -8.0483406206e-01    6.4974218459e-01   -1.1084815906e+00    3.0364752854e-01    3.5461402829e-01    3.3179334769e-01   -1.7962159840e+00    1.3270174593e-03    1.2000000000e+01    3.9238749650e-05    1.0000000000e+00
        54   -7.6931502741e-01    5.9302062982e-01   -1.1523118441e+00    3.8299681667e-01    3.4129507392e-01    3.3179334769e-01   -1.8370386979e+00    1.1638432162e-02    1.2000000000e+01    3.9622249460e-05    1.0000000000e+00
        55   -7.2979474050e-01    5.3512092575e-01   -1.0349476709e+00    3.0515293039e-01    3.4123661256e-01    3.3179334769e-01   -1.7204288761e+00    1.2451244914e-02    1.2000000000e+01    3.8004749513e-05    9.5833333333e-01
        56   -7.4887003526e-01    5.6645900672e-01   -1.0418668819e+00    2.9299684668e-01    3.3989395124e-01    3.3179334769e-01   -1.7170340146e+00    3.4798336910e-03    1.2000000000e+01    3.4880750263e-05    1.0000000000e+00
        57   -7.7292813755e-01    6.0663125271e-01   -9.1584447861e-01    1.4291634105e-01    4.1004279563e-01    3.3179334769e-01   -1.6579865968e+00    3.0597484125e-04    1.2000000000e+01    4.3163750888e-05    9.5833333333e-01
        58   -7.4845149498e-01    5.6757250329e-01   -1.2943071890e+00    5.4585569402e-01    3.6521178208e-01    3.3179334769e-01   -1.9918630340e+00    5.5071524168e-04    1.2000000000e+01    4.9852249958e-05    1.0000000000e+00
        59   -7.6287470217e-01    5.9367879012e-01   -1.2137573549e+00    4.5088265275e-01    4.0144858842e-01    3.3179334769e-01   -1.9596623252e+00    1.2663034126e-02    1.2000000000e+01    5.0606000059e-05    1.0000000000e+00
        60   -8.1165104381e-01    6.7793209379e-01   -1.2280980313e+00    4.1644698753e-01    3.5366273317e-01    3.3179334769e-01   -1.9311271299e+00    1.7573017667e-02    1.2000000000e+01    4.8556249567e-05    1.0000000000e+00
        61   -7.7847795471e-01    6.2039730287e-01   -1.5913992506e+00    8.1292129589e-01    3.4709888632e-01    3.3179334769e-01   -2.2713540718e+00    1.0625871716e-03    1.2000000000e+01    5.3281249620e-05    9.5833333333e-01
        62   -7.3051766637e-01    5.4194803316e-01   -1.5276373638e+00    7.9711969746e-01    3.4892506199e-01    3.3179334769e-01   -2.2103936876e+00    2.0379140594e-03    1.2000000000e+01    4.9157250487e-05    9.5833333333e-01
        63   -7.6109338519e-01    5.8814243255e-01   -9.8971896529e-01    2.2862558010e-01    5.5593162106e-01    3.3179334769e-01   -1.9012636328e+00    2.3819698756e-02    1.2000000000e+01    4.9190749905e-05    1.0000000000e+00
        64   -7.7081568622e-01    6.4071833928e-01   -1.0441831665e+00    2.7336748031e-01    4.1241081161e-01    3.3179334769e-01   -1.8513048867e+00    6.2917560888e-02    1.2000000000e+01    5.0196749726e-05    1.0000000000e+00
        65   -7.3153772040e-01    5.6569843005e-01   -8.2461998050e-01    9.3082260101e-02    5.1340822924e-01    3.3179334769e-01   -1.7514996465e+00    8.1678089082e-02    1.2000000000e+01    5.0122749599e-05    1.0000000000e+00
        66   -7.3893313674e-01    5.6349293034e-01   -1.0215140562e+00    2.8258091946e-01    4.5608665655e-01    3.3179334769e-01   -1.9451949053e+00    1.3580084491e-01    1.2000000000e+01    4.8997499107e-05    1.0000000000e+00
        67   -8.0478569247e-01    7.2033005656e-01   -1.4788028191e+00    6.7401712660e-01    3.9129617080e-01    3.3179334769e-01   -2.6243241060e+00    4.2243176846e-01    1.2000000000e+01    5.4104250466e-05    1.0000000000e+00
        68   -7.3186907695e-01    5.5315256192e-01   -1.3775036802e+00    6.4563460320e-01    3.4138312271e-01    3.3179334769e-01   -2.4678374599e+00    4.1715730930e-01    1.2000000000e+01    4.6708749778e-05    1.0000000000e+00
        69   -7.6759146411e-01    5.9381474508e-01   -2.1346296425e+00    1.3670381784e+00    3.5038213182e-01    3.3179334769e-01   -2.9215064645e+00    1.0470134246e-01    1.2000000000e+01    5.6499000493e-05    1.0000000000e+00
        70   -7.6022714122e-01    5.8541950358e-01   -2.1039042589e+00    1.3436771177e+00    4.6075808334e-01    3.3179334769e-01   -2.9915197225e+00    9.5064032511e-02    1.2000000000e+01    4.9134250276e-05    9.5833333333e-01
        71   -7.0725192107e-01    5.2241683154e-01   -2.3631149800e+00    1.6558630590e+00    4.9259649569e-01    3.3179334769e-01   -3.2672691848e+00    7.9764361385e-02    1.2000000000e+01    5.2553250043e-05    9.1666666667e-01
        72   -7.1714579505e-01    5.2164015273e-01   -1.7339956279e+00    1.0168498328e+00    3.3262753334e-01    3.3179334769e-01   -2.4067257186e+00    8.3092096995e-03    1.2000000000e+01    4.4459999572e-05    1.0000000000e+00
        73   -7.1397570266e-01    5.1143166628e-01   -1.8046230128e+00    1.0906473101e+00    3.4878850980e-01    3.3179334769e-01   -2.4859148903e+00    7.1002003127e-04    1.2000000000e+01    4.9902499995e-05    1.0000000000e+00
        74   -7.5563977416e-01    5.7337785296e-01   -1.5127141207e+00    7.5707434649e-01    3.9092756481e-01    3.3179334769e-01   -2.2359372752e+00    5.0224203105e-04    1.2000000000e+01    5.3546750223e-05    8.7500000000e-01
        75   -7.6868853077e-01    5.9218969755e-01   -1.5445721246e+00    7.7588359388e-01    4.1257824113e-01    3.3179334769e-01   -2.2906296923e+00    1.6859788773e-03    1.2000000000e+01    5.7455500155e-05    1.0000000000e+00
        76   -7.6938128659e-01    5.9687239697e-01   -2.7047825476e+00    1.9354012610e+00    4.1425305561e-01    3.3179334769e-01   -3.4510787219e+00    2.4977104736e-04    1.2000000000e+01    5.1893250202e-05    1.0000000000e+00
        77   -7.6072609591e-01    5.8146713550e-01   -2.0951151764e+00    1.3343890805e+00    4.6324601541e-01    3.3179334769e-01   -2.8906935671e+00    5.3902757149e-04    1.2000000000e+01    5.4947249737e-05    1.0000000000e+00
        78   -8.2373962635e-01    6.8570261589e-01   -2.7583940275e+00    1.9346544012e+00    4.2861108415e-01    3.3179334769e-01   -3.5224068671e+00    3.6084077780e-03    1.2000000000e+01    6.0411250615e-05    1.0000000000e+00
        79   -8.1581896313e-01    6.7437867142e-01   -2.6992976465e+00    1.8834786833e+00    5.5185599074e-01    3.3179334769e-01   -3.5846068043e+00    1.6598193822e-03    1.2000000000e+01    5.9848000546e-05    9.1666666667e-01
        80   -8.3075972527e-01    6.9835708405e-01   -1.6620445377e+00    8.3128481248e-01    5.5180448890e-01    3.3179334769e-01   -2.5658385669e+00    2.0196192567e-02    1.2000000000e+01    6.0194999605e-05    1.0000000000e+00
        81   -8.6722586926e-01    7.6121700146e-01   -1.8944435355e+00    1.0272176663e+00    6.3617926323e-01    3.3179334769e-01   -2.8703891541e+00    7.9730076928e-03    1.2000000000e+01    5.2063750445e-05    9.5833333333e-01
        82   -8.0269071530e-01    6.4671069866e-01   -2.4380444951e+00    1.6353537798e+00    5.3802147455e-01    3.3179334769e-01   -3.3296745758e+00    2.1815258472e-02    1.2000000000e+01    5.4886500038e-05    1.0000000000e+00
        83   -7.8287606991e-01    6.2208556672e-01   -2.1486519120e+00    1.3657758421e+00    5.7850850485e-01    3.3179334769e-01   -3.0807273330e+00    2.1773568522e-02    1.2000000000e+01    4.9972499710e-05    9.5833333333e-01
        84   -7.8477143489e-01    6.1908758100e-01   -2.1284172257e+00    1.3436457908e+00    9.0882126329e-01    3.3179334769e-01   -3.3896914328e+00    2.0659596074e-02    1.2000000000e+01    5.8148250446e-05    9.5833333333e-01
        85   -7.9852643393e-01    6.4830118965e-01   -1.3036325503e+00    5.0510611635e-01    8.8503014905e-01    3.3179334769e-01   -2.5298540875e+00    9.3980404612e-03    1.2000000000e+01    5.3638499594e-05    1.0000000000e+00
        86   -7.9580146750e-01    6.3864626336e-01   -1.7255214295e+00    9.2971996197e-01    5.9610396320e-01    3.3179334769e-01   -2.6619083461e+00    8.4896057495e-03    1.2000000000e+01    6.4929499786e-05    8.7500000000e-01
        87   -7.8704444849e-01    6.2085806117e-01   -1.3338691053e+00    5.4682465684e-01    5.7683384048e-01    3.3179334769e-01   -2.2450483287e+00    2.5520351548e-03    1.2000000000e+01    5.4713749705e-05    9.5833333333e-01
        88   -8.2404172187e-01    6.8438004319e-01   -2.4648839547e+00    1.6408422329e+00    5.0711070086e-01    3.3179334769e-01   -3.3194476093e+00    1.5659606037e-02    1.2000000000e+01    5.8254500345e-05    9.1666666667e-01
        89   -7.9294183180e-01    6.3301291226e-01   -1.8313950633e+00    1.0384532315e+00    5.9092537947e-01    3.3179334769e-01   -2.7657053236e+00    1.1591533158e-02    1.2000000000e+01    6.2148249981e-05    1.0000000000e+00
        90   -8.0930425669e-01    6.6412874033e-01   -1.8485270643e+00    1.0392228077e+00    7.0801520689e-01    3.3179334769e-01   -2.9113583715e+00    2.3022752529e-02    1.2000000000e+01    8.0021750819e-05    9.5833333333e-01
        91   -7.7845912747e-01    6.2468887579e-01   -2.5352362376e+00    1.7567771101e+00    6.2458073000e-01    3.3179334769e-01   -3.5077466511e+00    1.6136335857e-02    1.2000000000e+01    5.8943500335e-05    9.1666666667e-01
        92   -7.6062779902e-01    5.8471066218e-01   -1.6315090121e+00    8.7088121311e-01    5.6219638377e-01    3.3179334769e-01   -2.5905956198e+00    6.5096876247e-02    1.2000000000e+01    4.5076249990e-05    1.0000000000e+00
        93   -7.5148504142e-01    5.6642566249e-01   -1.4561680321e+00    7.0468299071e-01    6.9049997990e-01    3.3179334769e-01   -2.5002666116e+00    2.1805251838e-02    1.2000000000e+01    5.4411750170e-05    1.0000000000e+00
        94   -7.6967127548e-01    5.9549574654e-01   -1.1775624215e+00    4.0789114604e-01    8.7175997462e-01    3.3179334769e-01   -2.4029431392e+00    2.1827395367e-02    1.2000000000e+01    5.8612249632e-05    1.0000000000e+00
        95   -8.0954226508e-01    6.6162235983e-01   -1.7816580464e+00    9.7211578131e-01    5.2670687340e-01    3.3179334769e-01   -2.6704765235e+00    3.0318256061e-02    1.2000000000e+01    5.8606750372e-05    1.0000000000e+00
        96   -7.8008486378e-01    6.1139384491e-01   -1.3942282535e+00    6.1414338976e-01    4.3932658167e-01    3.3179334769e-01   -2.1979059052e+00    3.2557722339e-02    1.2000000000e+01    6.6344499828e-05    1.0000000000e+00
        97   -7.6609357813e-01    5.8861925599e-01   -1.5231465376e+00    7.5705295946e-01    4.7095187614e-01    3.3179334769e-01   -2.3722268846e+00    4.6335123177e-02    1.2000000000e+01    5.9828749272e-05    1.0000000000e+00
        98   -7.4043617422e-01    5.5332196089e-01   -1.8228522508e+00    1.0824160766e+00    5.3612320101e-01    3.3179334769e-01   -2.7216031656e+00    3.0834366110e-02    1.2000000000e+01    5.2943999890e-05    1.0000000000e+00
        99   -7.1479247254e-01    5.1354001074e-01   -1.1312033194e+00    4.1641084690e-01    6.1042042820e-01    3.3179334769e-01   -2.1010396975e+00    2.7622602142e-02    1.2000000000e+01    4.8240750402e-05    1.0000000000e+00
       100   -7.8698874167e-01    6.2124393065e-01   -1.2492118102e+00    4.6222306857e-01    4.7334761397e-01    3.3179334769e-01   -2.0896017195e+00    3.5248947616e-02    1.2000000000e+01    5.0792250022e-05    1.0000000000e+00
       101   -8.0485252138e-01    6.5035644502e-01   -1.1935094661e+00    3.8865694476e-01    4.5386518084e-01    3.3179334769e-01   -1.9803724509e+00    1.2044562248e-03    1.2000000000e+01    4.8915750085e-05    1.0000000000e+00
       102   -7.9629786412e-01    6.3817211987e-01   -1.4919379095e+00    6.9564004541e-01    4.1626111209e-01    3.3179334769e-01   -2.2400081120e+00    1.5742697137e-05    1.2000000000e+01    5.1214749419e-05    1.0000000000e+00
       103   -8.2944276400e-01    6.9403746504e-01   -1.2317566751e+00    4.0231391112e-01    4.3929923033e-01    3.3179334769e-01   -2.0031553740e+00    3.0612089960e-04    1.2000000000e+01    4.8134249937e-05    1.0000000000e+00
       104   -8.3711054044e-01    7.0433918026e-01   -1.1319037159e+00    2.9479317544e-01    3.9866295398e-01    3.3179334769e-01   -1.8636616096e+00    1.3015920136e-03    1.2000000000e+01    4.6888500492e-05    1.0000000000e+00
       105   -8.0209185592e-01    6.4670174881e-01   -1.1921596632e+00    3.9006780725e-01    3.3237800262e-01    3.3179334769e-01   -1.8851721368e+00    2.8841123367e-02    1.2000000000e+01    3.6449249819e-05    1.0000000000e+00
       106   -7.8752605356e-01    6.2405994271e-01   -1.1084061355e+00    3.2088008195e-01    3.2156990514e-01    3.3179334769e-01   -1.8321128990e+00    7.0343510699e-02    1.2000000000e+01    3.6713999179e-05    1.0000000000e+00
       107   -7.4221830462e-01    5.5847109578e-01   -1.4680745841e+00    7.2585627948e-01    3.1578015060e-01    3.3179334769e-01   -2.2759481177e+00    1.6030003529e-01    1.2000000000e+01    3.6304000332e-05    1.0000000000e+00
       108   -7.7468879268e-01    6.0837881949e-01   -1.6294253097e+00    8.5473651705e-01    3.5542205046e-01    3.3179334769e-01   -2.4607200212e+00    1.4407931329e-01    1.2000000000e+01    6.5680250373e-05    9.5833333333e-01
       109   -7.5559599116e-01    5.7919315305e-01   -1.0341022431e+00    2.7850625194e-01    3.7153133081e-01    3.3179334769e-01   -1.8556746683e+00    1.1824774673e-01    1.2000000000e+01    5.9380749462e-05    1.0000000000e+00
       110   -7.8342279582e-01    6.1502084071e-01   -1.1531253713e+00    3.6970257549e-01    3.3034642436e-01    3.3179334769e-01   -2.0041543126e+00    1.8888916928e-01    1.2000000000e+01    6.0394750562e-05    1.0000000000e+00
       111   -7.6652755897e-01    5.8838024149e-01   -1.1831755285e+00    4.1664796956e-01    3.5912250768e-01    3.3179334769e-01   -1.9777241800e+00    1.0363279612e-01    1.2000000000e+01    5.2656000207e-05    1.0000000000e+00
       112   -7.7074888121e-01    5.9533195642e-01   -9.2254912419e-01    1.5180024298e-01    3.2027015999e-01    3.3179334769e-01   -1.7126592118e+00    1.3804657992e-01    1.2000000000e+01    4.2676750127e-05    9.5833333333e-01
       113   -7.8411263125e-01    6.1784004296e-01   -8.6442594187e-01    8.0313310627e-02    3.2080504534e-01    3.3179334769e-01   -1.6727094689e+00    1.5568513399e-01    1.2000000000e+01    4.0660749619e-05    1.0000000000e+00
       114   -8.1471541924e-01    6.7418458619e-01   -1.1519016459e+00    3.3718622664e-01    3.5318528771e-01    3.3179334769e-01   -1.9233439110e+00    8.6463629757e-02    1.2000000000e+01    4.0111000089e-05    1.0000000000e+00
       115   -7.8111760085e-01    6.1139701037e-01   -1.4650077675e+00    6.8389016660e-01    3.6078465967e-01    3.3179334769e-01   -2.1730224424e+00    1.5436667594e-02    1.2000000000e+01    4.0514499688e-05    1.0000000000e+00
       116   -7.7565723242e-01    6.0684242648e-01   -1.4357042038e+00    6.6004697134e-01    3.6771988318e-01    3.3179334769e-01   -2.1364926421e+00    1.2752074714e-03    1.2000000000e+01    3.8212999698e-05    9.5833333333e-01
       117   -7.5438578855e-01    5.7060808929e-01   -1.5473870630e+00    7.9300127443e-01    3.4618993681e-01    3.3179334769e-01   -2.2261873877e+00    8.1704020359e-04    1.2000000000e+01    3.9695750274e-05    9.5833333333e-01
       118   -7.5734159111e-01    5.8148241866e-01   -1.6881429543e+00    9.3080136318e-01    3.3761990537e-01    3.3179334769e-01   -2.3587818976e+00    1.2256902768e-03    1.2000000000e+01    3.6791750063e-05    1.0000000000e+00
       119   -8.0882925057e-01    6.6766337284e-01   -1.2093303991e+00    4.0050114854e-01    3.3653231902e-01    3.3179334769e-01   -1.8781387516e+00    4.8268579578e-04    1.2000000000e+01    2.9234999602e-05    9.5833333333e-01
       120   -7.4092866089e-01    5.5249286110e-01   -1.3422591687e+00    6.0133050780e-01    3.1216951311e-01    3.3179334769e-01   -1.9905713134e+00    4.3492839541e-03    1.2000000000e+01    3.4274749851e-05    1.0000000000e+00
       121   -7.7426052744e-01    6.0543282312e-01   -1.0310889632e+00    2.5682843574e-01    3.2561638347e-01    3.3179334769e-01   -1.7250523061e+00    3.6553611780e-02    1.2000000000e+01    3.3203250041e-05    1.0000000000e+00
       122   -7.8798236126e-01    6.2395576533e-01   -1.0332018815e+00    2.4521952026e-01    3.6535115413e-01    3.3179334769e-01   -1.7754581813e+00    4.5111797959e-02    1.2000000000e+01    3.5943249713e-05    1.0000000000e+00
       123   -7.9543662863e-01    6.3446642448e-01   -1.0560853966e+00    2.6064876800e-01    3.8599105549e-01    3.3179334769e-01   -1.8863058940e+00    1.1243609415e-01    1.2000000000e+01    5.0111500059e-05    1.0000000000e+00
       124   -7.6805861296e-01    5.9229295582e-01   -1.0059055754e+00    2.3784696245e-01    2.9310186037e-01    3.3179334769e-01   -1.6839514173e+00    5.3150633843e-02    1.2000000000e+01    3.8519500777e-05    9.5833333333e-01
       125   -7.6513382743e-01    5.8826418978e-01   -9.9449825325e-01    2.2936442582e-01    2.6710093400e-01    3.3179334769e-01   -1.6190696549e+00    2.5677119993e-02    1.2000000000e+01    5.0046249271e-05    1.0000000000e+00
       126   -7.6339371065e-01    5.8998803033e-01   -1.0654433125e+00    3.0204960181e-01    2.7486533054e-01    3.3179334769e-01   -1.6899358587e+00    1.7833867969e-02    1.2000000000e+01    4.1940999836e-05    1.0000000000e+00
       127   -7.9405618490e-01    6.3713170986e-01   -1.2460881641e+00    4.5203197918e-01    2.7881783842e-01    3.3179334769e-01   -1.8938855263e+00    3.7186176105e-02    1.2000000000e+01    3.6497499877e-05    1.0000000000e+00
       128   -7.8194038519e-01    6.1375468293e-01   -1.4517204445e+00    6.6978005928e-01    3.2228272054e-01    3.3179334769e-01   -2.1202581533e+00    1.4461640613e-02    1.2000000000e+01    4.7016750159e-05    9.5833333333e-01
       129   -8.0398734000e-01    6.4700802777e-01   -1.1505081492e+00    3.4652080918e-01    3.6079511862e-01    3.3179334769e-01   -1.8482259353e+00    5.1293198358e-03    1.2000000000e+01    4.8352249905e-05    1.0000000000e+00
       130   -8.0352052846e-01    6.4665361154e-01   -1.1092717647e+00    3.0575123621e-01    2.9527863489e-01    3.3179334769e-01   -1.7367610435e+00    4.1729625198e-04    1.2000000000e+01    4.8259249979e-05    9.5833333333e-01
       131   -8.1135880402e-01    6.6100985917e-01   -1.8171707407e+00    1.0058119367e+00    3.6085057194e-01    3.3179334769e-01   -2.5100233218e+00    2.0866142745e-04    1.2000000000e+01    4.5239999963e-05    1.0000000000e+00
       132   -7.8069410290e-01    6.1408888992e-01   -1.4685366615e+00    6.8784255860e-01    3.1827672836e-01    3.3179334769e-01   -2.1212998628e+00    2.6931252090e-03    1.2000000000e+01    4.3873749746e-05    1.0000000000e+00
       133   -8.0491596861e-01    6.5258909857e-01   -1.5902792595e+00    7.8536329093e-01    3.2228212498e-01    3.3179334769e-01   -2.2452509054e+00    8.9617321135e-04    1.2000000000e+01    4.5645750106e-05    1.0000000000e+00
       134   -8.2704762133e-01    6.8521546076e-01   -1.1105197858e+00    2.8347216450e-01    2.8285248990e-01    3.3179334769e-01   -1.7268919103e+00    1.7262869023e-03    1.2000000000e+01    4.0103499941e-05    9.5833333333e-01
       135   -7.6538595087e-01    5.8797541596e-01   -1.0409113405e+00    2.7552538962e-01    2.8275325657e-01    3.3179334769e-01   -1.6577285148e+00    2.2705700723e-03    1.2000000000e+01    3.9765999645e-05    1.0000000000e+00
       136   -7.9585840639e-01    6.3598727193e-01   -1.4564960608e+00    6.6063765440e-01    2.7404904138e-01    3.3179334769e-01   -2.0732086957e+00    1.0870245826e-02    1.2000000000e+01    4.6226249651e-05    1.0000000000e+00
       137   -8.3032512093e-01    6.9467048421e-01   -1.9307696492e+00    1.1004445282e+00    3.0020651285e-01    3.3179334769e-01   -2.5858737987e+00    2.3104288958e-02    1.2000000000e+01    4.7243750942e-05    9.5833333333e-01
       138   -8.0064486974e-01    6.5018654174e-01   -1.5388958727e+00    7.3825100297e-01    3.3237752661e-01    3.3179334769e-01   -2.2259638828e+00    2.2897135827e-02    1.2000000000e+01    6.2312500177e-05    1.0000000000e+00
       139   -7.8896923237e-01    6.2672338711e-01   -1.4565932117e+00    6.6762397932e-01    3.4024965521e-01    3.3179334769e-01   -2.1326115506e+00    3.9753359624e-03    1.2000000000e+01    5.3776750065e-05    1.0000000000e+00
       140   -8.0266726195e-01    6.4537403333e-01   -1.5343275150e+00    7.3166025300e-01    2.6325854222e-01    3.3179334769e-01   -2.1344402517e+00    5.0608468518e-03    1.2000000000e+01    5.6782749652e-05    1.0000000000e+00
       141   -8.0847091785e-01    6.5522022384e-01   -1.4649021967e+00    6.5643127885e-01    2.7573679558e-01    3.3179334769e-01   -2.0780841112e+00    5.6517711949e-03    1.2000000000e+01    4.6944750011e-05    9.5833333333e-01
       142   -8.1853661123e-01    6.7080156773e-01   -1.1704725541e+00    3.5193594287e-01    2.5594832907e-01    3.3179334769e-01   -1.7855279708e+00    2.7313739940e-02    1.2000000000e+01    3.4698250602e-05    9.5833333333e-01
       143   -8.0570155864e-01    6.5279822629e-01   -1.1725541055e+00    3.6685254688e-01    2.8756276538e-01    3.3179334769e-01   -1.8861778936e+00    9.4267674972e-02    1.2000000000e+01    3.9996250052e-05    1.0000000000e+00
       144   -7.8227240734e-01    6.1368065445e-01   -1.3630283376e+00    5.8075593026e-01    3.9998892640e-01    3.3179334769e-01   -2.0959298397e+00    1.1192279856e-03    1.2000000000e+01    5.2170750223e-05    1.0000000000e+00
       145   -7.7412917884e-01    6.0663153929e-01   -1.9565097087e+00    1.1823805298e+00    4.2642374093e-01    3.3179334769e-01   -2.7160644088e+00    1.3376115135e-03    1.2000000000e+01    5.4995749906e-05    1.0000000000e+00
       146   -8.1466953245e-01    6.6767750126e-01   -1.8126739091e+00    9.9800437660e-01    4.2928339278e-01    3.3179334769e-01   -2.5807395291e+00    6.9888795980e-03    1.2000000000e+01    6.0139000198e-05    9.5833333333e-01
       147   -7.8353140756e-01    6.1524632182e-01   -1.3469218913e+00    5.6339048374e-01    4.6434074472e-01    3.3179334769e-01   -2.1621792463e+00    1.9123262570e-02    1.2000000000e+01    6.9125250320e-05    1.0000000000e+00
       148   -7.8770749402e-01    6.3092173617e-01   -1.2529473013e+00    4.6523980730e-01    5.6509651284e-01    3.3179334769e-01   -2.1965962043e+00    4.6759042410e-02    1.2000000000e+01    5.1442000313e-05    1.0000000000e+00
       149   -7.8704325177e-01    6.3071239454e-01   -1.2367240131e+00    4.4968076137e-01    5.9998281195e-01    3.3179334769e-01   -2.1736410095e+00    5.1408367315e-03    1.2000000000e+01    4.5317750391e-05    9.5833333333e-01
       150   -7.6473487072e-01    5.8828519488e-01   -1.0493309435e+00    2.8459607277e-01    5.0352783341e-01    3.3179334769e-01   -1.8891804725e+00    4.5283479437e-03    1.2000000000e+01    4.3754999751e-05    1.0000000000e+00
       151   -7.5401386781e-01    5.7834631113e-01   -1.0789614196e+00    3.2494755176e-01    5.0339577530e-01    3.3179334769e-01   -2.0441777438e+00    1.3002720125e-01    1.2000000000e+01    6.4033999934e-05    1.0000000000e+00
       152   -7.5101788121e-01    5.8169003953e-01   -1.0859379028e+00    3.3492002161e-01    4.5328991513e-01    3.3179334769e-01   -2.1284631922e+00    2.5744202657e-01    1.2000000000e+01    5.9034750848e-05    1.0000000000e+00
       153   -7.8334265763e-01    6.1438320816e-01   -1.3484451244e+00    5.6510246677e-01    4.1570600355e-01    3.3179334769e-01   -2.1194397100e+00    2.3495234380e-02    1.2000000000e+01    6.0031749854e-05    1.0000000000e+00
       154   -7.6817576399e-01    5.9208736168e-01   -1.2674158263e+00    4.9924006232e-01    3.8685768008e-01    3.3179334769e-01   -2.1243321455e+00    1.3826529143e-01    1.2000000000e+01    5.4377999732e-05    9.5833333333e-01
       155   -7.5586261571e-01    5.8217954281e-01   -2.5390969833e+00    1.7832343676e+00    4.9062844967e-01    3.3179334769e-01   -3.3800007865e+00    1.8482005841e-02    1.2000000000e+01    5.6420250075e-05    1.0000000000e+00
       156   -7.6220208461e-01    5.9057912731e-01   -1.3796756095e+00    6.1747352488e-01    6.6586106026e-01    3.3179334769e-01   -2.3795307477e+00    2.2007302202e-03    1.2000000000e+01    6.5723000716e-05    1.0000000000e+00
       157   -7.6611115330e-01    5.8955974356e-01   -1.5525433263e+00    7.8643217304e-01    5.4004549109e-01    3.3179334769e-01   -2.4317361657e+00    7.3540005613e-03    1.2000000000e+01    6.3787998897e-05    1.0000000000e+00
       158   -8.2474759451e-01    6.8665738587e-01   -1.3572577561e+00    5.3251016159e-01    5.3288681622e-01    3.3179334769e-01   -2.2248633397e+00    2.9254196792e-03    1.2000000000e+01    6.2564500240e-05    1.0000000000e+00
       159   -7.4385319126e-01    5.6145532704e-01   -1.5726562737e+00    8.2880308246e-01    5.5772287729e-01    3.3179334769e-01   -2.4684108368e+00    6.2383381070e-03    1.2000000000e+01    1.1505274915e-04    1.0000000000e+00
       160   -7.4162108622e-01    5.5583063856e-01   -1.4352021920e+00    6.9358110575e-01    5.0138825442e-01    3.3179334769e-01   -2.2929449251e+00    2.4561131057e-02    1.2000000000e+01    6.6115000209e-05    1.0000000000e+00
       161   -7.2980484111e-01    5.3781614386e-01   -1.4870620958e+00    7.5725725472e-01    4.3010475020e-01    3.3179334769e-01   -2.2790091768e+00    3.0048983078e-02    1.2000000000e+01    6.1574000028e-05    1.0000000000e+00
       162   -7.8203936612e-01    6.1734033672e-01   -1.2684733676e+00    4.8643400148e-01    4.3733996798e-01    3.3179334769e-01   -2.1671643791e+00    1.2955769580e-01    1.2000000000e+01    1.8442774990e-04    1.0000000000e+00
       163   -7.3881538571e-01    5.4761924919e-01   -1.5949985184e+00    8.5618313271e-01    4.7569037637e-01    3.3179334769e-01   -2.5987491482e+00    1.9626690568e-01    1.2000000000e+01    5.6994750139e-05    9.5833333333e-01
       164   -7.8584026126e-01    6.2296120081e-01   -1.0762009986e+00    2.9036073734e-01    4.9683188702e-01    3.3179334769e-01   -2.1131016885e+00    2.0827545518e-01    1.2000000000e+01    5.7124999330e-05    9.5833333333e-01
       165   -7.7710908255e-01    6.0457585267e-01   -1.0947541793e+00    3.1764509677e-01    3.5026709610e-01    3.3179334769e-01   -1.9011552223e+00    1.2434059917e-01    1.2000000000e+01    5.6166499689e-05    1.0000000000e+00
       166   -7.8145813238e-01    6.1106680491e-01   -1.2758836657e+00    4.9442553334e-01    3.4753013444e-01    3.3179334769e-01   -1.9892520927e+00    3.4044944888e-02    1.2000000000e+01    5.2751750445e-05    1.0000000000e+00
       167   -7.6806438199e-01    5.9046065805e-01   -1.1981296814e+00    4.3006529945e-01    3.1998760403e-01    3.3179334769e-01   -1.8670640718e+00    1.7153438678e-02    1.2000000000e+01    4.9245249556e-05    1.0000000000e+00
       168   -7.4752154809e-01    5.5956962878e-01   -1.3968397681e+00    6.4931821997e-01    3.8173614799e-01    3.3179334769e-01   -2.1318624315e+00    2.1493167792e-02    1.2000000000e+01    5.4444749821e-05    1.0000000000e+00
       169   -7.3925921899e-01    5.5191521616e-01   -1.9282340659e+00    1.1889748470e+00    4.6522217737e-01    3.3179334769e-01   -2.7389426091e+00    1.3693018058e-02    1.2000000000e+01    5.6705749557e-05    1.0000000000e+00
       170   -7.4479378159e-01    5.5907958993e-01   -1.4827144813e+00    7.3792069975e-01    5.2463054464e-01    3.3179334769e-01   -2.3661405654e+00    2.7002191738e-02    1.2000000000e+01    5.0782251037e-05    1.0000000000e+00
       171   -8.1076485938e-01    6.6605425094e-01   -1.4279444042e+00    6.1717954487e-01    6.8572414856e-01    3.3179334769e-01   -2.5145769969e+00    6.9115096356e-02    1.2000000000e+01    5.0022500545e-05    1.0000000000e+00
       172   -7.6209349351e-01    5.8282556792e-01   -1.5664628089e+00    8.0436931536e-01    4.9686121173e-01    3.3179334769e-01   -2.5180227935e+00    1.2290542522e-01    1.2000000000e+01    5.7197499700e-05    9.5833333333e-01
       173   -7.4482638220e-01    5.5843404836e-01   -1.6387993396e+00    8.9397295742e-01    5.6914735253e-01    3.3179334769e-01   -2.5603792382e+00    2.0639198346e-02    1.2000000000e+01    5.7493749409e-05    9.5833333333e-01
       174   -7.5536835070e-01    5.7180228343e-01   -1.4735706921e+00    7.1820234140e-01    5.0643144554e-01    3.3179334769e-01   -2.3441188991e+00    3.2323413752e-02    1.2000000000e+01    5.9308749769e-05    1.0000000000e+00
       175   -7.8153028049e-01    6.1504118280e-01   -1.5802562681e+00    7.9872598765e-01    4.8471780479e-01    3.3179334769e-01   -2.4919735493e+00    9.5206128635e-02    1.2000000000e+01    6.8094499966e-05    9.5833333333e-01
       176   -7.6993577563e-01    6.0850639292e-01   -1.6691813989e+00    8.9924562326e-01    4.8752186592e-01    3.3179334769e-01   -2.6608572708e+00    1.7236065833e-01    1.2000000000e+01    5.9278000208e-05    1.0000000000e+00
       177   -7.8873438252e-01    6.2663953743e-01   -1.4254371427e+00    6.3670276023e-01    5.1120255624e-01    3.3179334769e-01   -2.3893682608e+00    1.2093521412e-01    1.2000000000e+01    6.0743750510e-05    1.0000000000e+00
       178   -7.9988923252e-01    6.4276431374e-01   -1.1774445528e+00    3.7755532023e-01    7.8137280271e-01    3.3179334769e-01   -2.2999906708e+00    9.3799676438e-03    1.2000000000e+01    5.7337249928e-05    1.0000000000e+00
       179   -8.0028905901e-01    6.4316224402e-01   -1.3460231549e+00    5.4573409587e-01    7.8934226938e-01    3.3179334769e-01   -2.4737220402e+00    6.5632683010e-03    1.2000000000e+01    5.3668250075e-05    1.0000000000e+00
       180   -8.2486579341e-01    6.8614672614e-01   -1.7493208416e+00    9.2445504823e-01    4.1325144395e-01    3.3179334769e-01   -2.5195056382e+00    2.5140004947e-02    1.2000000000e+01    5.0659499720e-05    1.0000000000e+00
       181   -7.9981180987e-01    6.4070390236e-01   -2.0547155052e+00    1.2549036954e+00    5.4688413450e-01    3.3179334769e-01   -2.9599621583e+00    2.6569170848e-02    1.2000000000e+01    5.5010249980e-05    9.5833333333e-01
       182   -7.8849785200e-01    6.2286248605e-01   -2.0914936231e+00    1.3029957711e+00    4.7666331351e-01    3.3179334769e-01   -2.9120441039e+00    1.2093819596e-02    1.2000000000e+01    9.7879500117e-05    9.5833333333e-01
       183   -8.4333203766e-01    7.1728839089e-01   -1.2089755223e+00    3.6564348460e-01    4.6583448718e-01    3.3179334769e-01   -2.0077207007e+00    1.1173435479e-03    1.2000000000e+01    6.0849500187e-05    1.0000000000e+00
       184   -8.4554747553e-01    7.1924873584e-01   -1.1597724665e+00    3.1422499100e-01    4.7584400379e-01    3.3179334769e-01   -1.9689137330e+00    1.5039149455e-03    1.2000000000e+01    6.4594000378e-05    1.0000000000e+00
       185   -8.1516735118e-01    6.7269480778e-01   -1.3699494966e+00    5.5478214539e-01    3.8769007248e-01    3.3179334769e-01   -2.0948629792e+00    5.4300624673e-03    1.2000000000e+01    5.3741250213e-05    1.0000000000e+00
       186   -8.0610758652e-01    6.5285867610e-01   -9.6309421160e-01    1.5698662508e-01    3.4153962782e-01    3.3179334769e-01   -1.6374279752e+00    1.0007880487e-03    1.2000000000e+01    4.9872250202e-05    1.0000000000e+00
       187   -8.1075347987e-01    6.5797534898e-01   -1.0858270835e+00    2.7507360360e-01    2.8736727862e-01    3.3179334769e-01   -1.7050718075e+00    8.4097705404e-05    1.2000000000e+01    5.2082749789e-05    9.5833333333e-01
       188   -8.1494288982e-01    6.6448748436e-01   -1.1516636967e+00    3.3672080684e-01    2.8773401072e-01    3.3179334769e-01   -1.7713006557e+00    1.0960061968e-04    1.2000000000e+01    5.9191249420e-05    9.5833333333e-01
       189   -8.0172128627e-01    6.4382815007e-01   -1.2238978330e+00    4.2217654673e-01    2.4030091238e-01    3.3179334769e-01   -1.7960782858e+00    8.6192701961e-05    1.2000000000e+01    4.8581000556e-05    1.0000000000e+00
       190   -8.0490185098e-01    6.4885354137e-01   -1.2262445144e+00    4.2134266342e-01    2.3685751141e-01    3.3179334769e-01   -1.7949111796e+00    1.5806065869e-05    1.2000000000e+01    3.6032250591e-05    9.1666666667e-01
       191   -8.1725008255e-01    6.7046156135e-01   -1.3491924075e+00    5.3194232494e-01    2.8281149939e-01    3.3179334769e-01   -1.9689254989e+00    5.1282443679e-03    1.2000000000e+01    4.3265499698e-05    1.0000000000e+00
       192   -8.0979097833e-01    6.5745687653e-01   -1.1118404023e+00    3.0204942396e-01    2.7741831153e-01    3.3179334769e-01   -1.7338055376e+00    1.2753476124e-02    1.2000000000e+01    4.3675749566e-05    1.0000000000e+00
       193   -8.1136971373e-01    6.6001203177e-01   -1.3091208639e+00    4.9775115015e-01    2.7604242671e-01    3.3179334769e-01   -1.9215825852e+00    4.6259469605e-03    1.2000000000e+01    4.8442749630e-05    1.0000000000e+00
       194   -8.5681143850e-01    7.3518713913e-01   -1.2835402438e+00    4.2672880534e-01    2.8400637611e-01    3.3179334769e-01   -1.9121289905e+00    1.2789022894e-02    1.2000000000e+01    4.8656000217e-05    9.5833333333e-01
       195   -8.7678028498e-01    7.7266000456e-01   -1.5175827675e+00    6.4080248249e-01    3.4413115620e-01    3.3179334769e-01   -2.2024059122e+00    8.8986408502e-03    1.2000000000e+01    5.2245749430e-05    1.0000000000e+00
       196   -8.3183687347e-01    6.9317967447e-01   -1.0345650344e+00    2.0272816093e-01    5.9890813969e-01    3.3179334769e-01   -1.9693123215e+00    4.0457996680e-03    1.2000000000e+01    5.3910500355e-05    1.0000000000e+00
       197   -8.4356449012e-01    7.1585927476e-01   -1.4709539538e+00    6.2738946372e-01    4.0603544310e-01    3.3179334769e-01   -2.2800562659e+00    7.1273521271e-02    1.2000000000e+01    5.7247500536e-05    1.0000000000e+00
       198   -7.9808237841e-01    6.4170667392e-01   -1.6227897132e+00    8.2470733476e-01    3.8053173671e-01    3.3179334769e-01   -2.3755498623e+00    4.0435064684e-02    1.2000000000e+01    6.2547248945e-05    9.5833333333e-01
       199   -8.3855025403e-01    7.1540094776e-01   -1.9877976388e+00    1.1492473848e+00    3.6029158729e-01    3.3179334769e-01   -2.6840327092e+00    4.1501353835e-03    1.2000000000e+01    5.3894750181e-05    1.0000000000e+00
