#   index    LocalEnergy         LocalEnergy_sq      LocalPotential      Kinetic             ElecElec            IonIon              LocalECP            NonLocalECP         BlockWeight         BlockCPU            AcceptRatio         
         0   -7.6745742142e-01    6.0203005991e-01   -1.0275189298e+00    2.6006150834e-01    9.6533952653e-01    3.3179334769e-01   -2.3454730357e+00    2.0821231727e-02    1.2000000000e+01    4.9137749556e-05    1.0000000000e+00
         1   -8.0521214233e-01    6.5198427809e-01   -1.6793230096e+00    8.7411086727e-01    4.8774728745e-01    3.3179334769e-01   -2.5167633436e+00    1.7899698832e-02    1.2000000000e+01    5.4072000239e-05    1.0000000000e+00
         2   -8.1090972528e-01    6.6139120048e-01   -1.9229011681e+00    1.1119914428e+00    4.7414177640e-01    3.3179334769e-01   -2.7386007127e+00    9.7644204970e-03    1.2000000000e+01    4.3216499762e-05    9.5833333333e-01
         3   -7.9748717892e-01    6.3721193599e-01   -1.1391474942e+00    3.4166031527e-01    3.7361841361e-01    3.3179334769e-01   -1.8545179989e+00    9.9587434302e-03    1.2000000000e+01    5.3242999911e-05    1.0000000000e+00
         4   -8.0496521657e-01    6.5806897486e-01   -1.6128654979e+00    8.0790028129e-01    5.1404676611e-01    3.3179334769e-01   -2.4867390061e+00    2.8033394414e-02    1.2000000000e+01    4.7794499551e-05    1.0000000000e+00
         5   -7.2724650008e-01    5.4296445432e-01   -1.9677120217e+00    1.2404655216e+00    6.7763945136e-01    3.3179334769e-01   -2.9964899639e+00    1.9345143154e-02    1.2000000000e+01    6.3073249294e-05    9.1666666667e-01
         6   -7.4452729624e-01    5.5607183085e-01   -1.4104903221e+00    6.6596302589e-01    5.6940139598e-01    3.3179334769e-01   -2.3148662006e+00    3.1811348230e-03    1.2000000000e+01    5.1941499805e-05    1.0000000000e+00
         7   -7.6738853245e-01    5.9946038038e-01   -1.7086317920e+00    9.4124325958e-01    7.8627448845e-01    3.3179334769e-01   -2.8355367660e+00    8.8371377954e-03    1.2000000000e+01    5.0738249683e-05    1.0000000000e+00
         8   -7.7500319461e-01    6.0474445697e-01   -1.7666686525e+00    9.9166545787e-01    6.7097251870e-01    3.3179334769e-01   -2.7718883169e+00    2.4537980667e-03    1.2000000000e+01    5.6263000261e-05    1.0000000000e+00
         9   -7.8622232514e-01    6.1991295148e-01   -1.7071291596e+00    9.2090683447e-01    4.8248001264e-01    3.3179334769e-01   -2.5324148680e+00    1.1012348102e-02    1.2000000000e+01    5.1976250234e-05    1.0000000000e+00
        10   -7.4977764938e-01    5.6566644626e-01   -1.5268129363e+00    7.7703528696e-01    5.4707083217e-01    3.3179334769e-01   -2.4276839079e+00    2.2006791676e-02    1.2000000000e+01    5.1654749313e-05    1.0000000000e+00
        11   -7.4978146867e-01    5.6860674065e-01   -1.5979727828e+00    8.4819131418e-01    7.0123989822e-01    3.3179334769e-01   -2.6359171808e+00    4.9111520485e-03    1.2000000000e+01    5.0608499350e-05    9.5833333333e-01
        12   -7.6232789881e-01    5.8529213879e-01   -2.3727754832e+00    1.6104475843e+00    5.2478416410e-01    3.3179334769e-01   -3.2381938872e+00    8.8408922808e-03    1.2000000000e+01    4.5557500016e-05    1.0000000000e+00
        13   -7.9291389628e-01    6.3103287154e-01   -1.5108530896e+00    7.1793919336e-01    3.9796904190e-01    3.3179334769e-01   -2.2814777426e+00    4.0862263374e-02    1.2000000000e+01    5.0749500588e-05    1.0000000000e+00
        14   -7.8084738382e-01    6.1484984228e-01   -1.2234823020e+00    4.4263491822e-01    3.6258631730e-01    3.3179334769e-01   -1.9929681646e+00    7.5106197602e-02    1.2000000000e+01    5.0931500482e-05    9.5833333333e-01
        15   -8.2022482731e-01    6.7607918570e-01   -1.6190744274e+00    7.9884960007e-01    3.1890085564e-01    3.3179334769e-01   -2.2820045206e+00    1.2235889932e-02    1.2000000000e+01    4.6649749947e-05    1.0000000000e+00
        16   -7.8014164763e-01    6.1319079595e-01   -1.6176954583e+00    8.3755381068e-01    3.4607112712e-01    3.3179334769e-01   -2.2961587048e+00    5.9877166862e-04    1.2000000000e+01    4.7062749672e-05    1.0000000000e+00
        17   -7.8977207579e-01    6.2440540284e-01   -1.1624609123e+00    3.7268883655e-01    2.9265680467e-01    3.3179334769e-01   -1.7876922051e+00    7.8114037901e-04    1.2000000000e+01    3.8771249820e-05    1.0000000000e+00
        18   -7.6915973697e-01    5.9323827701e-01   -8.9278521270e-01    1.2362547573e-01    2.8223191491e-01    3.3179334769e-01   -1.5110236173e+00    4.2131419728e-03    1.2000000000e+01    3.2212499718e-05    1.0000000000e+00
        19   -7.8080198463e-01    6.1158901507e-01   -8.7177281630e-01    9.0970831669e-02    2.5803989157e-01    3.3179334769e-01   -1.4647453227e+00    3.1392671706e-03    1.2000000000e+01    3.7767999856e-05    1.0000000000e+00
        20   -7.6968636978e-01    5.9310539028e-01   -9.7309076429e-01    2.0340439450e-01    3.4013266439e-01    3.3179334769e-01   -1.6457525500e+00    7.3577358751e-04    1.2000000000e+01    3.7853249523e-05    1.0000000000e+00
        21   -7.8587343792e-01    6.1801415124e-01   -1.0426558565e+00    2.5678241860e-01    3.4529835169e-01    3.3179334769e-01   -1.7206245435e+00    8.7698762917e-04    1.2000000000e+01    3.6284250200e-05    9.5833333333e-01
        22   -7.9611168419e-01    6.3449933523e-01   -1.1700041276e+00    3.7389244341e-01    3.7691650323e-01    3.3179334769e-01   -1.8833105537e+00    4.5965751534e-03    1.2000000000e+01    3.7208500089e-05    1.0000000000e+00
        23   -7.8039357031e-01    6.0927583860e-01   -1.2704122430e+00    4.9001867271e-01    3.3539949980e-01    3.3179334769e-01   -1.9439592607e+00    6.3541701515e-03    1.2000000000e+01    4.6421499974e-05    1.0000000000e+00
        24   -8.1379648708e-01    6.6447535403e-01   -1.2982526897e+00    4.8445620262e-01    3.5361246647e-01    3.3179334769e-01   -1.9840983064e+00    4.3980250817e-04    1.2000000000e+01    4.8082999911e-05    1.0000000000e+00
        25   -8.1796425442e-01    6.7188482442e-01   -1.5995501310e+00    7.8158587655e-01    3.6582053531e-01    3.3179334769e-01   -2.2973963199e+00    2.3230588986e-04    1.2000000000e+01    4.6596749598e-05    9.5833333333e-01
        26   -8.1158044202e-01    6.5962468623e-01   -1.7064340818e+00    8.9485363976e-01    3.3792045792e-01    3.3179334769e-01   -2.3762720658e+00    1.2417837526e-04    1.2000000000e+01    4.3179249587e-05    1.0000000000e+00
        27   -8.2574733038e-01    6.8495836644e-01   -1.7242528361e+00    8.9850550575e-01    3.7107069483e-01    3.3179334769e-01   -2.4285125765e+00    1.3956978320e-03    1.2000000000e+01    3.9371000184e-05    1.0000000000e+00
        28   -7.9174679910e-01    6.3147137923e-01   -1.5568690586e+00    7.6512225951e-01    3.8607948763e-01    3.3179334769e-01   -2.2750333902e+00    2.9149626833e-04    1.2000000000e+01    4.1182249788e-05    1.0000000000e+00
        29   -8.0789557295e-01    6.5350873493e-01   -1.4117952484e+00    6.0389967542e-01    3.4795186187e-01    3.3179334769e-01   -2.0935233042e+00    1.9828462603e-03    1.2000000000e+01    4.4804499339e-05    1.0000000000e+00
        30   -8.1618129320e-01    6.6731936513e-01   -1.3405723936e+00    5.2439110042e-01    3.1948411053e-01    3.3179334769e-01   -1.9944918726e+00    2.6420208001e-03    1.2000000000e+01    5.8914000419e-05    1.0000000000e+00
        31   -8.1118521320e-01    6.5947065423e-01   -1.3726844683e+00    5.6149925513e-01    3.5163973628e-01    3.3179334769e-01   -2.2221500429e+00    1.6603249056e-01    1.2000000000e+01    4.4649499159e-05    1.0000000000e+00
        32   -7.9426431003e-01    6.3208302279e-01   -1.1815403098e+00    3.8727599973e-01    3.6897247853e-01    3.3179334769e-01   -2.2288967014e+00    3.4659056541e-01    1.2000000000e+01    4.4886249725e-05    1.0000000000e+00
        33   -7.8266050990e-01    6.1450412654e-01   -1.1959408349e+00    4.1328032500e-01    3.9515185271e-01    3.3179334769e-01   -2.1311215013e+00    2.0823546597e-01    1.2000000000e+01    4.0007000280e-05    9.5833333333e-01
        34   -8.3078560844e-01    7.1442843199e-01   -2.3145074130e+00    1.4837218045e+00    4.8407753731e-01    3.3179334769e-01   -3.5603115026e+00    4.2993320466e-01    1.2000000000e+01    4.6711750201e-05    9.1666666667e-01
        35   -8.1512429616e-01    6.7025280552e-01   -1.6274796461e+00    8.1235534996e-01    6.0732850204e-01    3.3179334769e-01   -2.7230925806e+00    1.5649108480e-01    1.2000000000e+01    4.1956000132e-05    9.5833333333e-01
        36   -8.2925157337e-01    6.9638475416e-01   -1.5579013871e+00    7.2864981372e-01    5.2606370804e-01    3.3179334769e-01   -2.5690603166e+00    1.5330187382e-01    1.2000000000e+01    4.8162750318e-05    1.0000000000e+00
        37   -7.5576146984e-01    5.7830043606e-01   -1.4799369700e+00    7.2417550019e-01    4.3426209215e-01    3.3179334769e-01   -2.3724152958e+00    1.2642288589e-01    1.2000000000e+01    4.1370749841e-05    1.0000000000e+00
        38   -7.3640378683e-01    5.4506424888e-01   -1.5386639570e+00    8.0226017017e-01    3.9994089005e-01    3.3179334769e-01   -2.2821021634e+00    1.1703968686e-02    1.2000000000e+01    4.6839249990e-05    9.5833333333e-01
        39   -7.9875736280e-01    6.4629119605e-01   -1.8627374500e+00    1.0639800872e+00    5.4339595793e-01    3.3179334769e-01   -2.7630961872e+00    2.5169431582e-02    1.2000000000e+01    4.6707749789e-05    1.0000000000e+00
        40   -7.3885569198e-01    5.4986721052e-01   -1.8029001955e+00    1.0640445036e+00    4.6173305965e-01    3.3179334769e-01   -2.6402559247e+00    4.3829321778e-02    1.2000000000e+01    4.4872750095e-05    9.5833333333e-01
        41   -7.8163320998e-01    6.1493463066e-01   -1.3965761515e+00    6.1494294152e-01    3.9209081694e-01    3.3179334769e-01   -2.1346602816e+00    1.4199965439e-02    1.2000000000e+01    4.6494500111e-05    1.0000000000e+00
        42   -7.6554193655e-01    5.8708436154e-01   -1.1313380633e+00    3.6579612680e-01    3.4112693403e-01    3.3179334769e-01   -1.8918476167e+00    8.7589271632e-02    1.2000000000e+01    4.2874999963e-05    1.0000000000e+00
        43   -7.7870794402e-01    6.1399911567e-01   -1.4080026405e+00    6.2929469651e-01    3.4913009758e-01    3.3179334769e-01   -2.2010070422e+00    1.1208095644e-01    1.2000000000e+01    4.6676499551e-05    1.0000000000e+00
        44   -7.5514269206e-01    5.7113910911e-01   -1.3321120926e+00    5.7696940057e-01    3.3834786106e-01    3.3179334769e-01   -2.0872122454e+00    8.4958944047e-02    1.2000000000e+01    4.3834749704e-05    1.0000000000e+00
        45   -7.4937279030e-01    5.6616779893e-01   -1.6970216615e+00    9.4764887120e-01    3.4589576882e-01    3.3179334769e-01   -2.4134061710e+00    3.8695392983e-02    1.2000000000e+01    4.6568749895e-05    9.1666666667e-01
        46   -8.2347482826e-01    6.8343466637e-01   -2.5157683659e+00    1.6922935376e+00    3.4730404530e-01    3.3179334769e-01   -3.1966193744e+00    1.7536155344e-03    1.2000000000e+01    3.9771999582e-05    1.0000000000e+00
        47   -8.2745147242e-01    6.9065540911e-01   -1.5906109628e+00    7.6315949041e-01    3.4457749398e-01    3.3179334769e-01   -2.2671176439e+00    1.3583941278e-04    1.2000000000e+01    4.1202000375e-05    9.5833333333e-01
        48   -8.0181763824e-01    6.4441073188e-01   -1.3119393168e+00    5.1012167857e-01    3.2310360342e-01    3.3179334769e-01   -1.9668838118e+00    4.7543835329e-05    1.2000000000e+01    4.1567999233e-05    1.0000000000e+00
        49   -8.2310349232e-01    6.7981456266e-01   -1.9736439323e+00    1.1505404399e+00    3.3625568426e-01    3.3179334769e-01   -2.6417913982e+00    9.8433975746e-05    1.2000000000e+01    3.4946000142e-05    1.0000000000e+00
        50   -8.0338744537e-01    6.4710193195e-01   -1.6593317781e+00    8.5594433269e-01    4.3975973285e-01    3.3179334769e-01   -2.4317893932e+00    9.0453464023e-04    1.2000000000e+01    3.5436749840e-05    9.5833333333e-01
        51   -7.7860423675e-01    6.1497123407e-01   -1.4699193568e+00    6.9131512004e-01    5.0696831175e-01    3.3179334769e-01   -2.3088728629e+00    1.9184666175e-04    1.2000000000e+01    3.3756999983e-05    1.0000000000e+00
        52   -8.5918717177e-01    7.4171848184e-01   -1.2015915638e+00    3.4240439205e-01    5.9489288607e-01    3.3179334769e-01   -2.1295529431e+00    1.2751455575e-03    1.2000000000e+01    3.8622750708e-05    1.0000000000e+00
        53   -7.7443084917e-01    6.0314996590e-01   -1.7599594984e+00    9.8552864921e-01    4.6882861060e-01    3.3179334769e-01   -2.5610718894e+00    4.9043274636e-04    1.2000000000e+01    4.0080999952e-05    9.5833333333e-01
        54   -7.8965153972e-01    6.3016257379e-01   -1.4448137469e+00    6.5516220714e-01    4.7335200463e-01    3.3179334769e-01   -2.2728337918e+00    2.2874692665e-02    1.2000000000e+01    4.5199750730e-05    1.0000000000e+00
        55   -8.2776988819e-01    6.9396380467e-01   -1.7413078412e+00    9.1353795297e-01    7.7653508306e-01    3.3179334769e-01   -3.0581841828e+00    2.0854791090e-01    1.2000000000e+01    3.9918999391e-05    1.0000000000e+00
        56   -8.2618377136e-01    7.0522639648e-01   -2.5839003458e+00    1.7577165744e+00    4.6668207654e-01    3.3179334769e-01   -3.4776663252e+00    9.5290555175e-02    1.2000000000e+01    3.8012999539e-05    9.1666666667e-01
        57   -7.8250225322e-01    6.1740689470e-01   -1.5872766108e+00    8.0477435758e-01    3.8005142109e-01    3.3179334769e-01   -2.3162143748e+00    1.7092995187e-02    1.2000000000e+01    4.2379000206e-05    1.0000000000e+00
        58   -7.5000039639e-01    5.6318878964e-01   -1.4942911408e+00    7.4429074438e-01    3.8353186536e-01    3.3179334769e-01   -2.2298585861e+00    2.0242232270e-02    1.2000000000e+01    4.1687249904e-05    1.0000000000e+00
        59   -8.1222385126e-01    6.6746605148e-01   -2.4222252229e+00    1.6100013717e+00    4.7003506632e-01    3.3179334769e-01   -3.2385473511e+00    1.4493714191e-02    1.2000000000e+01    4.3080000069e-05    9.1666666667e-01
        60   -7.7201534100e-01    5.9862496363e-01   -1.6366604972e+00    8.6464515624e-01    4.8782422580e-01    3.3179334769e-01   -2.4932057692e+00    3.6927698492e-02    1.2000000000e+01    4.5047249841e-05    9.5833333333e-01
        61   -7.4603064632e-01    5.6112097708e-01   -1.5567839891e+00    8.1075334274e-01    4.8592880004e-01    3.3179334769e-01   -2.4210243761e+00    4.6518239272e-02    1.2000000000e+01    4.6818000101e-05    1.0000000000e+00
        62   -7.2241207358e-01    5.4627553645e-01   -1.9663382264e+00    1.2439261528e+00    6.2327288202e-01    3.3179334769e-01   -3.0695026912e+00    1.4809823511e-01    1.2000000000e+01    5.2169249557e-05    9.5833333333e-01
        63   -7.1965540298e-01    5.2091744532e-01   -1.6493876613e+00    9.2973225837e-01    4.6720013215e-01    3.3179334769e-01   -2.4814901820e+00    3.3109040773e-02    1.2000000000e+01    3.8151250465e-05    9.5833333333e-01
        64   -7.4885034752e-01    5.6197406972e-01   -1.6188795379e+00    8.7002919037e-01    4.5382928707e-01    3.3179334769e-01   -2.4084285994e+00    3.9264267158e-03    1.2000000000e+01    4.7757500397e-05    1.0000000000e+00
        65   -8.1826621664e-01    6.7768005415e-01   -2.0175533451e+00    1.1992871285e+00    5.1774666130e-01    3.3179334769e-01   -2.8689710190e+00    1.8776648253e-03    1.2000000000e+01    4.7311749768e-05    1.0000000000e+00
        66   -8.1859797634e-01    6.7463178586e-01   -1.9389405410e+00    1.1203425647e+00    4.4084771173e-01    3.3179334769e-01   -2.7116591216e+00    7.7521173848e-05    1.2000000000e+01    4.4290000005e-05    1.0000000000e+00
        67   -8.1404925809e-01    6.6715956399e-01   -2.1030937500e+00    1.2890444919e+00    5.8249700168e-01    3.3179334769e-01   -3.0177330434e+00    3.4894403560e-04    1.2000000000e+01    4.4677000005e-05    1.0000000000e+00
        68   -7.6664185906e-01    5.8967787469e-01   -2.2702515495e+00    1.5036096905e+00    5.3142288245e-01    3.3179334769e-01   -3.1389163977e+00    5.4486179841e-03    1.2000000000e+01    4.9161250445e-05    1.0000000000e+00
        69   -7.7997238166e-01    6.1104215502e-01   -2.1063203870e+00    1.3263480053e+00    4.5061233413e-01    3.3179334769e-01   -3.0553759124e+00    1.6664984363e-01    1.2000000000e+01    6.0001750171e-05    9.5833333333e-01
        70   -7.8754062550e-01    6.2165416448e-01   -1.5329706334e+00    7.4543000794e-01    3.7407486595e-01    3.3179334769e-01   -2.2524512964e+00    1.3612449361e-02    1.2000000000e+01    1.0968999959e-04    1.0000000000e+00
        71   -8.0019673439e-01    6.4211144770e-01   -1.2066102442e+00    4.0641350984e-01    3.7564643645e-01    3.3179334769e-01   -1.9166738089e+00    2.6237805163e-03    1.2000000000e+01    6.4801500230e-05    1.0000000000e+00
        72   -8.5050129962e-01    7.2672185582e-01   -1.2498823480e+00    3.9938104840e-01    4.3806578534e-01    3.3179334769e-01   -2.0276688846e+00    7.9274035573e-03    1.2000000000e+01    6.4167249548e-05    9.5833333333e-01
        73   -8.6888367714e-01    7.6119929359e-01   -1.4610431836e+00    5.9215950646e-01    5.9231931575e-01    3.3179334769e-01   -2.3933623397e+00    8.2064926836e-03    1.2000000000e+01    7.4926750131e-05    1.0000000000e+00
        74   -7.7373568514e-01    6.0600483005e-01   -1.8718319970e+00    1.0980963119e+00    5.4541711277e-01    3.3179334769e-01   -2.7983982963e+00    4.9355838766e-02    1.2000000000e+01    3.7610499930e-05    9.1666666667e-01
        75   -8.1401012796e-01    6.6703537714e-01   -1.2772205526e+00    4.6321042468e-01    5.4595713655e-01    3.3179334769e-01   -2.2600845130e+00    1.0511347616e-01    1.2000000000e+01    5.0487749832e-05    1.0000000000e+00
        76   -8.1341026598e-01    6.6804678615e-01   -1.1017478103e+00    2.8833754428e-01    5.3091996468e-01    3.3179334769e-01   -2.0214206024e+00    5.6959479777e-02    1.2000000000e+01    5.2435999351e-05    1.0000000000e+00
        77   -8.0116506508e-01    6.4737125459e-01   -1.0118486421e+00    2.1068357706e-01    5.7626476011e-01    3.3179334769e-01   -1.9260257333e+00    6.1189833311e-03    1.2000000000e+01    4.5905499974e-05    9.5833333333e-01
        78   -7.7849446513e-01    6.2127531908e-01   -9.4200595373e-01    1.6351148860e-01    1.0082827874e+00    3.3179334769e-01   -2.2823155732e+00    2.3348431795e-04    1.2000000000e+01    4.8074499773e-05    9.5833333333e-01
        79   -7.8862238494e-01    6.2496699530e-01   -1.3418209951e+00    5.5319861015e-01    7.0584528410e-01    3.3179334769e-01   -2.3799037273e+00    4.4410040602e-04    1.2000000000e+01    5.5443750171e-05    1.0000000000e+00
        80   -8.4937435964e-01    7.3365743951e-01   -1.5417244338e+00    6.9235007419e-01    6.5710398854e-01    3.3179334769e-01   -2.5476720266e+00    1.7050256509e-02    1.2000000000e+01    4.6969749746e-05    9.5833333333e-01
        81   -8.1828901099e-01    6.7924284273e-01   -1.9201612611e+00    1.1018722501e+00    5.6550525745e-01    3.3179334769e-01   -2.8324654995e+00    1.5005633300e-02    1.2000000000e+01    5.2157749906e-05    1.0000000000e+00
        82   -8.0835062484e-01    6.6786804423e-01   -1.8957427333e+00    1.0873921085e+00    4.5950672568e-01    3.3179334769e-01   -2.7220689320e+00    3.5026125333e-02    1.2000000000e+01    5.0446750720e-05    1.0000000000e+00
        83   -7.2157793247e-01    5.3365001620e-01   -1.8339323809e+00    1.1123544484e+00    4.5628942089e-01    3.3179334769e-01   -2.6984450289e+00    7.6429879420e-02    1.2000000000e+01    5.5156500366e-05    1.0000000000e+00
        84   -6.7345813388e-01    4.9936810892e-01   -1.3214312272e+00    6.4797309327e-01    4.1180374943e-01    3.3179334769e-01   -2.3698974389e+00    3.0486911466e-01    1.2000000000e+01    4.1633999444e-05    1.0000000000e+00
        85   -7.2128654923e-01    5.2489402551e-01   -1.7885841378e+00    1.0672975886e+00    4.1505265508e-01    3.3179334769e-01   -2.5641055042e+00    2.8675363601e-02    1.2000000000e+01    4.6146000386e-05    9.5833333333e-01
        86   -6.9967659565e-01    4.9704471919e-01   -2.7619479026e+00    2.0622713069e+00    4.6440016848e-01    3.3179334769e-01   -3.5596365979e+00    1.4951791740e-03    1.2000000000e+01    4.7684250148e-05    9.5833333333e-01
        87   -6.8364038778e-01    4.8872607714e-01   -1.3055519265e+00    6.2191153871e-01    5.5663846952e-01    3.3179334769e-01   -2.1940572347e+00    7.3491000522e-05    1.2000000000e+01    3.4321250041e-05    1.0000000000e+00
        88   -6.9055856876e-01    4.9899394358e-01   -1.8378892177e+00    1.1473306489e+00    5.4342987545e-01    3.3179334769e-01   -2.7174013491e+00    4.2889083209e-03    1.2000000000e+01    3.8999499338e-05    1.0000000000e+00
        89   -7.1351094350e-01    5.2003088947e-01   -1.7590711751e+00    1.0455602316e+00    5.8199135212e-01    3.3179334769e-01   -2.6729915162e+00    1.3564130185e-04    1.2000000000e+01    4.1340751068e-05    1.0000000000e+00
        90   -6.8688479155e-01    5.0192519188e-01   -1.1767246663e+00    4.8983987480e-01    4.2395822396e-01    3.3179334769e-01   -1.9335341909e+00    1.0579528862e-03    1.2000000000e+01    3.8588249936e-05    1.0000000000e+00
        91   -7.3173344167e-01    5.6071361737e-01   -1.3246944032e+00    5.9296096149e-01    4.2771631561e-01    3.3179334769e-01   -2.0850233709e+00    8.1930444760e-04    1.2000000000e+01    3.5819500681e-05    9.5833333333e-01
        92   -7.0811179428e-01    5.1493652695e-01   -1.1888175578e+00    4.8070576349e-01    5.4381657528e-01    3.3179334769e-01   -2.0650682615e+00    6.4078072398e-04    1.2000000000e+01    4.4985250497e-05    1.0000000000e+00
        93   -6.9229092550e-01    4.9069111912e-01   -1.1289505289e+00    4.3665960339e-01    5.6808027696e-01    3.3179334769e-01   -2.0366246842e+00    7.8005306685e-03    1.2000000000e+01    4.1781249820e-05    1.0000000000e+00
        94   -6.8791394173e-01    4.8898239699e-01   -1.7849565261e+00    1.0970425844e+00    4.4078134823e-01    3.3179334769e-01   -2.6192673641e+00    6.1736142012e-02    1.2000000000e+01    5.1766750403e-05    1.0000000000e+00
        95   -7.1127172863e-01    5.1713042973e-01   -1.3853420245e+00    6.7407029584e-01    5.7741431719e-01    3.3179334769e-01   -2.3538776160e+00    5.9327926630e-02    1.2000000000e+01    5.7647249832e-05    1.0000000000e+00
        96   -6.8973808740e-01    5.0978404801e-01   -1.2598854064e+00    5.7014731896e-01    5.1162916884e-01    3.3179334769e-01   -2.1972068226e+00    9.3898899702e-02    1.2000000000e+01    6.1178500800e-05    1.0000000000e+00
        97   -6.5465789611e-01    4.7234090759e-01   -1.8011983265e+00    1.1465404304e+00    6.1294882377e-01    3.3179334769e-01   -2.9061718890e+00    1.6023139099e-01    1.2000000000e+01    5.6769500588e-05    9.5833333333e-01
        98   -6.2673546878e-01    4.3103222289e-01   -1.2951491038e+00    6.6841363498e-01    6.8452283136e-01    3.3179334769e-01   -2.5622453616e+00    2.5078007875e-01    1.2000000000e+01    5.4626499605e-05    9.5833333333e-01
        99   -6.6782085971e-01    4.6117842677e-01   -1.4901101783e+00    8.2228931856e-01    6.1861226764e-01    3.3179334769e-01   -2.5021048674e+00    6.1589073844e-02    1.2000000000e+01    5.4898250255e-05    9.5833333333e-01
       100   -7.1570480531e-01    5.1591412837e-01   -1.4867619000e+00    7.7105709468e-01    5.0443436193e-01    3.3179334769e-01   -2.3801337826e+00    5.7144172991e-02    1.2000000000e+01    4.9881250106e-05    9.1666666667e-01
       101   -6.9421958100e-01    5.0198691217e-01   -2.1723993567e+00    1.4781797757e+00    4.5000549687e-01    3.3179334769e-01   -3.0646253097e+00    1.1042710839e-01    1.2000000000e+01    4.8486750075e-05    9.5833333333e-01
       102   -7.5873087586e-01    5.8274448260e-01   -1.4858842609e+00    7.2715338503e-01    5.3932565524e-01    3.3179334769e-01   -2.5073076632e+00    1.5030439937e-01    1.2000000000e+01    5.2024749948e-05    1.0000000000e+00
       103   -7.0824614734e-01    5.8750377561e-01   -1.0968236005e+00    3.8857745317e-01    5.6735397847e-01    3.3179334769e-01   -2.4740095284e+00    4.7803860170e-01    1.2000000000e+01    5.3046749599e-05    9.5833333333e-01
       104   -7.5908276899e-01    5.7984702176e-01   -1.5038021775e+00    7.4471940852e-01    5.0624548279e-01    3.3179334769e-01   -2.3670666244e+00    2.5225616416e-02    1.2000000000e+01    5.6276249779e-05    1.0000000000e+00
       105   -7.4112846436e-01    5.5559676940e-01   -1.6397717195e+00    8.9864325512e-01    5.5383309026e-01    3.3179334769e-01   -2.5299368811e+00    4.5387236892e-03    1.2000000000e+01    5.3633249991e-05    9.5833333333e-01
       106   -7.7812527512e-01    6.0799674764e-01   -1.3115595288e+00    5.3343425366e-01    5.0895578979e-01    3.3179334769e-01   -2.1788524635e+00    2.6543797212e-02    1.2000000000e+01    5.2106749990e-05    1.0000000000e+00
       107   -7.7847696618e-01    6.1746649833e-01   -1.7927906846e+00    1.0143137184e+00    5.1569405711e-01    3.3179334769e-01   -2.6600691541e+00    1.9791064773e-02    1.2000000000e+01    4.4732500101e-05    9.5833333333e-01
       108   -7.9833504112e-01    6.4240463707e-01   -1.5553636432e+00    7.5702860208e-01    4.5308601522e-01    3.3179334769e-01   -2.3499532803e+00    9.7102741409e-03    1.2000000000e+01    4.6779250169e-05    1.0000000000e+00
       109   -7.6188735099e-01    5.8991873370e-01   -1.3766081178e+00    6.1472076681e-01    5.4203582950e-01    3.3179334769e-01   -2.2636890474e+00    1.3251752390e-02    1.2000000000e+01    4.7024249852e-05    1.0000000000e+00
       110   -7.6871937843e-01    5.9523507753e-01   -1.9058116518e+00    1.1370922733e+00    5.1945966447e-01    3.3179334769e-01   -2.7584912605e+00    1.4265965510e-03    1.2000000000e+01    5.0994750382e-05    1.0000000000e+00
       111   -7.5336378015e-01    5.7371354991e-01   -1.5871520774e+00    8.3378829724e-01    4.7643664678e-01    3.3179334769e-01   -2.4014582673e+00    6.0761954094e-03    1.2000000000e+01    5.0501500027e-05    9.5833333333e-01
       112   -7.3582163267e-01    5.4769502164e-01   -1.9678056276e+00    1.2319839949e+00    4.4577236491e-01    3.3179334769e-01   -2.7523274297e+00    6.9560895192e-03    1.2000000000e+01    4.4679250095e-05    1.0000000000e+00
       113   -7.5920790329e-01    5.8819083712e-01   -1.7736554413e+00    1.0144475380e+00    4.6492575366e-01    3.3179334769e-01   -2.5850078095e+00    1.4633266916e-02    1.2000000000e+01    5.0666999869e-05    8.7500000000e-01
       114   -7.4531421304e-01    5.5951034528e-01   -1.5505344511e+00    8.0522023806e-01    3.4934783741e-01    3.3179334769e-01   -2.2493651842e+00    1.7689548047e-02    1.2000000000e+01    4.6989499879e-05    9.5833333333e-01
       115   -7.5201977153e-01    5.7302875084e-01   -1.7332550266e+00    9.8123525511e-01    4.0854004515e-01    3.3179334769e-01   -2.5385183191e+00    6.4929899611e-02    1.2000000000e+01    5.4329999784e-05    1.0000000000e+00
       116   -7.8281420495e-01    6.1721065884e-01   -1.5539287492e+00    7.7111454430e-01    3.6513621091e-01    3.3179334769e-01   -2.3121950565e+00    6.1336748642e-02    1.2000000000e+01    5.5210750361e-05    9.5833333333e-01
       117   -7.8439880039e-01    6.1607628049e-01   -1.5831536925e+00    7.9875489210e-01    3.6878714387e-01    3.3179334769e-01   -2.3320772133e+00    4.8343029293e-02    1.2000000000e+01    5.5076000081e-05    1.0000000000e+00
       118   -7.6488580802e-01    5.9085389240e-01   -1.6957707451e+00    9.3088493703e-01    3.8345629562e-01    3.3179334769e-01   -2.6635518512e+00    2.5253146282e-01    1.2000000000e+01    5.5557500218e-05    9.1666666667e-01
       119   -8.1876545911e-01    6.7704304222e-01   -2.5053620075e+00    1.6865965484e+00    4.1048300476e-01    3.3179334769e-01   -3.3540269167e+00    1.0638855677e-01    1.2000000000e+01    5.5514250107e-05    1.0000000000e+00
       120   -7.7952639293e-01    6.0951390843e-01   -1.5304970477e+00    7.5097065473e-01    4.0419312032e-01    3.3179334769e-01   -2.3068257890e+00    4.0342273342e-02    1.2000000000e+01    5.3164999827e-05    1.0000000000e+00
       121   -9.0751128352e-01    9.7078758046e-01   -1.4906167473e+00    5.8310546383e-01    4.5494091794e-01    3.3179334769e-01   -2.6955717230e+00    4.1822071006e-01    1.2000000000e+01    5.0400749842e-05    1.0000000000e+00
       122   -7.9738119989e-01    6.3942850760e-01   -1.3069768101e+00    5.0959561021e-01    4.9079105165e-01    3.3179334769e-01   -2.2223128101e+00    9.2751600676e-02    1.2000000000e+01    5.6865750594e-05    1.0000000000e+00
       123   -7.7720269707e-01    6.1288562488e-01   -1.4851686127e+00    7.0796591562e-01    5.6038662448e-01    3.3179334769e-01   -2.4935378650e+00    1.1618928015e-01    1.2000000000e+01    5.3343499985e-05    9.5833333333e-01
       124   -7.7172480904e-01    5.9688939866e-01   -1.2701795806e+00    4.9845477156e-01    3.9489290221e-01    3.3179334769e-01   -2.0211337139e+00    2.4267883347e-02    1.2000000000e+01    5.2678999509e-05    1.0000000000e+00
       125   -7.5147518357e-01    5.6694251602e-01   -1.4709573286e+00    7.1948214504e-01    3.6423282064e-01    3.3179334769e-01   -2.2406151381e+00    7.3631641139e-02    1.2000000000e+01    4.7038250159e-05    1.0000000000e+00
       126   -7.8323014163e-01    6.1629304718e-01   -1.3256449931e+00    5.4241485146e-01    3.9041731561e-01    3.3179334769e-01   -2.2175050636e+00    1.6964940718e-01    1.2000000000e+01    4.8603500545e-05    1.0000000000e+00
       127   -7.7753250254e-01    6.1270253614e-01   -1.6804996490e+00    9.0296714645e-01    4.2173821290e-01    3.3179334769e-01   -2.5341836820e+00    1.0015247239e-01    1.2000000000e+01    4.9889500588e-05    1.0000000000e+00
       128   -7.4181985196e-01    5.5346859508e-01   -1.6467558048e+00    9.0493595286e-01    3.7910501869e-01    3.3179334769e-01   -2.3860624729e+00    2.8408301741e-02    1.2000000000e+01    4.6386499434e-05    1.0000000000e+00
       129   -7.4078185967e-01    5.5186993832e-01   -1.8557330155e+00    1.1149511558e+00    4.6907988880e-01    3.3179334769e-01   -2.7547856112e+00    9.8179359183e-02    1.2000000000e+01    5.3905500408e-05    9.5833333333e-01
       130   -7.4991411969e-01    5.6678912632e-01   -1.8359321775e+00    1.0860180578e+00    6.6872235998e-01    3.3179334769e-01   -2.9466729174e+00    1.1022503224e-01    1.2000000000e+01    5.3908500377e-05    1.0000000000e+00
       131   -7.5464401159e-01    5.7720974940e-01   -2.2684364473e+00    1.5137924358e+00    5.9937869728e-01    3.3179334769e-01   -3.2118895892e+00    1.2281096899e-02    1.2000000000e+01    5.0476499837e-05    9.5833333333e-01
       132   -7.2321002692e-01    5.3417253053e-01   -1.8065983029e+00    1.0833882760e+00    5.3737733341e-01    3.3179334769e-01   -2.6766592837e+00    8.9029966592e-04    1.2000000000e+01    4.5626250085e-05    9.5833333333e-01
       133   -7.6866632086e-01    6.1748324661e-01   -2.2399076045e+00    1.4712412836e+00    8.7624714892e-01    3.3179334769e-01   -3.4514576470e+00    3.5095459698e-03    1.2000000000e+01    5.1094749779e-05    1.0000000000e+00
       134   -6.8203989057e-01    4.8090991870e-01   -1.3465490712e+00    6.6450918059e-01    9.1797436924e-01    3.3179334769e-01   -2.5971070446e+00    7.9025651821e-04    1.2000000000e+01    5.2325749948e-05    9.5833333333e-01
       135   -7.2443938940e-01    5.3174535521e-01   -1.4298437682e+00    7.0540437878e-01    5.0228223926e-01    3.3179334769e-01   -2.2695958128e+00    5.6764577057e-03    1.2000000000e+01    5.1740500112e-05    9.5833333333e-01
       136   -7.6510267081e-01    5.8912601883e-01   -1.2262144848e+00    4.6111181398e-01    4.0794061046e-01    3.3179334769e-01   -1.9704591971e+00    4.5107541321e-03    1.2000000000e+01    4.9932250477e-05    1.0000000000e+00
       137   -7.9338986249e-01    6.3065174354e-01   -1.0005519651e+00    2.0716210259e-01    5.0856502114e-01    3.3179334769e-01   -1.8547171713e+00    1.3806837433e-02    1.2000000000e+01    4.4527249884e-05    1.0000000000e+00
       138   -8.2724341046e-01    6.8786849414e-01   -1.1462266419e+00    3.1898323144e-01    5.8882203072e-01    3.3179334769e-01   -2.0805061673e+00    1.3664147020e-02    1.2000000000e+01    4.8165500175e-05    1.0000000000e+00
       139   -8.2339544944e-01    6.8165274214e-01   -1.3432582881e+00    5.1986283862e-01    5.5961102011e-01    3.3179334769e-01   -2.2371240876e+00    2.4614317071e-03    1.2000000000e+01    4.8348500513e-05    9.5833333333e-01
       140   -8.1868209559e-01    6.7670589200e-01   -1.5463332334e+00    7.2765113778e-01    7.7843536970e-01    3.3179334769e-01   -2.6581137693e+00    1.5518185513e-03    1.2000000000e+01    5.5103000705e-05    1.0000000000e+00
       141   -8.1002899563e-01    6.6078205229e-01   -1.4507021021e+00    6.4067310644e-01    5.5861912620e-01    3.3179334769e-01   -2.3427048931e+00    1.5903171039e-03    1.2000000000e+01    4.5750000027e-05    1.0000000000e+00
       142   -7.9178784043e-01    6.2912921857e-01   -1.3607253693e+00    5.6893752889e-01    5.1339222878e-01    3.3179334769e-01   -2.2074267032e+00    1.5157573760e-03    1.2000000000e+01    4.2500250402e-05    9.5833333333e-01
       143   -7.9604505896e-01    6.3640065118e-01   -1.2155368859e+00    4.1949182698e-01    5.7994636514e-01    3.3179334769e-01   -2.1528013301e+00    2.5524731347e-02    1.2000000000e+01    4.7870500111e-05    1.0000000000e+00
       144   -7.7531554886e-01    6.0280235763e-01   -1.3139712231e+00    5.3865567427e-01    3.9342956952e-01    3.3179334769e-01   -2.0517048660e+00    1.2510725649e-02    1.2000000000e+01    4.7266999445e-05    1.0000000000e+00
       145   -7.7724866267e-01    6.0470799609e-01   -1.5676327139e+00    7.9038405119e-01    5.1917404474e-01    3.3179334769e-01   -2.4748421968e+00    5.6242090476e-02    1.2000000000e+01    4.3347500196e-05    1.0000000000e+00
       146   -7.4297324740e-01    5.6716191565e-01   -8.9377723597e-02   -6.5359552380e-01    1.6542213418e+00    3.3179334769e-01   -2.1705732449e+00    9.5180831844e-02    1.2000000000e+01    3.9466500311e-05    9.1666666667e-01
       147   -8.0283983914e-01    6.4599780031e-01   -9.2516816026e-01    1.2232832112e-01    3.9675316025e-01    3.3179334769e-01   -1.6543735150e+00    6.5884682854e-04    1.2000000000e+01    3.2396249935e-05    1.0000000000e+00
       148   -7.7799133001e-01    6.0579164259e-01   -9.6007472198e-01    1.8208339198e-01    3.3009689066e-01    3.3179334769e-01   -1.6256695231e+00    3.7045627556e-03    1.2000000000e+01    3.4639999740e-05    9.5833333333e-01
       149   -7.5237588388e-01    5.6741339600e-01   -1.1297550678e+00    3.7737918396e-01    4.0972212224e-01    3.3179334769e-01   -1.8726395053e+00    1.3689675243e-03    1.2000000000e+01    6.0507250055e-05    1.0000000000e+00
       150   -7.5342994531e-01    5.7364415548e-01   -1.0858264622e+00    3.3239651694e-01    4.0936505431e-01    3.3179334769e-01   -1.8305006894e+00    3.5158251483e-03    1.2000000000e+01    5.5845500356e-05    1.0000000000e+00
       151   -7.6294324311e-01    5.9769554766e-01   -9.8005741694e-01    2.1711417383e-01    4.9416735403e-01    3.3179334769e-01   -1.8129716147e+00    6.9534960271e-03    1.2000000000e+01    5.5827249980e-05    1.0000000000e+00
       152   -7.6036130739e-01    5.8580421965e-01   -1.1756167722e+00    4.1525546483e-01    4.3976590485e-01    3.3179334769e-01   -1.9638363100e+00    1.6660285257e-02    1.2000000000e+01    5.5323500419e-05    1.0000000000e+00
       153   -7.5867381294e-01    5.8119185559e-01   -1.8870352236e+00    1.1283614106e+00    3.9426816687e-01    3.3179334769e-01   -2.7001870070e+00    8.7090268846e-02    1.2000000000e+01    5.7299750551e-05    9.5833333333e-01
       154   -8.0375072272e-01    6.5662488449e-01   -1.3896634178e+00    5.8591269505e-01    3.9088249513e-01    3.3179334769e-01   -2.1919620654e+00    7.9622804829e-02    1.2000000000e+01    3.5182250485e-05    1.0000000000e+00
       155   -8.0595636889e-01    6.5152031324e-01   -1.0978415644e+00    2.9188519554e-01    3.9793046691e-01    3.3179334769e-01   -1.8283197333e+00    7.5435422621e-04    1.2000000000e+01    8.7777249973e-05    1.0000000000e+00
       156   -7.7062706013e-01    5.9631010718e-01   -1.0480242608e+00    2.7739720071e-01    3.5243982711e-01    3.3179334769e-01   -1.7343001025e+00    2.0426668969e-03    1.2000000000e+01    3.5864250549e-05    1.0000000000e+00
       157   -7.4753997154e-01    5.6033240002e-01   -1.0976612911e+00    3.5012131961e-01    3.7323818972e-01    3.3179334769e-01   -1.8027239532e+00    3.1124607121e-05    1.2000000000e+01    3.8059749841e-05    1.0000000000e+00
       158   -7.4625267611e-01    5.6410096684e-01   -1.7586377017e+00    1.0123850256e+00    4.5557902666e-01    3.3179334769e-01   -2.5460634134e+00    5.3337283025e-05    1.2000000000e+01    3.8697500258e-05    1.0000000000e+00
       159   -7.7013732170e-01    5.9476902260e-01   -2.8580300191e+00    2.0878926974e+00    3.6724150768e-01    3.3179334769e-01   -3.5570689105e+00    4.0359752090e-06    1.2000000000e+01    2.9216500025e-05    8.3333333333e-01
       160   -7.7682470883e-01    6.0509499225e-01   -1.5826145325e+00    8.0578982371e-01    2.5645421637e-01    3.3179334769e-01   -2.1709053998e+00    4.3303235403e-05    1.2000000000e+01    3.1687000956e-05    9.5833333333e-01
       161   -7.5086675140e-01    5.6653522284e-01   -1.1731250985e+00    4.2225834707e-01    2.8398515730e-01    3.3179334769e-01   -1.7889209546e+00    1.7351185661e-05    1.2000000000e+01    3.4873750337e-05    9.5833333333e-01
       162   -7.8842609575e-01    6.2630124812e-01   -1.1398720057e+00    3.5144590993e-01    3.3107720361e-01    3.3179334769e-01   -1.8027509032e+00    8.3461890717e-06    1.2000000000e+01    3.5457000195e-05    1.0000000000e+00
       163   -8.3638410418e-01    7.0814829764e-01   -1.3702771096e+00    5.3389300545e-01    3.7500309326e-01    3.3179334769e-01   -2.0773110089e+00    2.3745826931e-04    1.2000000000e+01    3.5455999750e-05    1.0000000000e+00
       164   -7.7550449883e-01    6.1806785427e-01   -1.1542806951e+00    3.7877619623e-01    3.2874556408e-01    3.3179334769e-01   -1.8161541938e+00    1.3345869459e-03    1.2000000000e+01    3.6924000142e-05    1.0000000000e+00
       165   -7.8435428551e-01    6.1898579536e-01   -1.0930913995e+00    3.0873711401e-01    2.9147507557e-01    3.3179334769e-01   -1.7180581663e+00    1.6983435575e-03    1.2000000000e+01    3.6378249661e-05    9.5833333333e-01
       166   -7.5621712225e-01    5.7343862703e-01   -1.6904232470e+00    9.3420612471e-01    3.3165939960e-01    3.3179334769e-01   -2.3599424985e+00    6.0665042707e-03    1.2000000000e+01    4.0719250137e-05    1.0000000000e+00
       167   -7.6730760592e-01    5.9313880017e-01   -1.7034210902e+00    9.3611348433e-01    3.6453601726e-01    3.3179334769e-01   -2.4111328804e+00    1.1382425202e-02    1.2000000000e+01    3.8599499476e-05    9.5833333333e-01
       168   -7.3665832806e-01    5.4542878374e-01   -1.3363408945e+00    5.9968256648e-01    3.1494531273e-01    3.3179334769e-01   -1.9896204598e+00    6.5409048039e-03    1.2000000000e+01    3.8202999804e-05    9.5833333333e-01
       169   -7.4272289000e-01    5.5623143110e-01   -1.7420896466e+00    9.9936675657e-01    3.9140111023e-01    3.3179334769e-01   -2.4691956615e+00    3.9115569923e-03    1.2000000000e+01    3.4383750062e-05    1.0000000000e+00
       170   -7.8546708965e-01    6.2331946809e-01   -1.5331104375e+00    7.4764334781e-01    6.2427802631e-01    3.3179334769e-01   -2.4918752467e+00    2.6934352419e-03    1.2000000000e+01    3.5831249988e-05    1.0000000000e+00
       171   -7.9315688559e-01    6.3482740812e-01   -1.7663107882e+00    9.7315390264e-01    4.8798155615e-01    3.3179334769e-01   -2.6085231019e+00    2.2437409820e-02    1.2000000000e+01    4.3480250042e-05    1.0000000000e+00
       172   -7.2993613035e-01    5.4054248020e-01   -1.9664874099e+00    1.2365512795e+00    4.4078862261e-01    3.3179334769e-01   -2.7821485486e+00    4.3079168461e-02    1.2000000000e+01    4.0569750126e-05    1.0000000000e+00
       173   -7.6062873895e-01    5.8360855122e-01   -1.2606643544e+00    5.0003561544e-01    5.0202663414e-01    3.3179334769e-01   -2.0959437225e+00    1.4593863216e-03    1.2000000000e+01    4.3470999117e-05    1.0000000000e+00
       174   -6.9873324892e-01    5.0295875687e-01   -1.4965407933e+00    7.9780754440e-01    3.8012540281e-01    3.3179334769e-01   -2.2124716918e+00    4.0121479606e-03    1.2000000000e+01    4.8095749662e-05    1.0000000000e+00
       175   -6.4316667627e-01    4.4462176093e-01   -1.6990607901e+00    1.0558941138e+00    5.3623409481e-01    3.3179334769e-01   -2.5676667808e+00    5.7854821630e-04    1.2000000000e+01    4.6090500291e-05    1.0000000000e+00
       176   -7.0060572938e-01    5.0648794841e-01   -1.5270562751e+00    8.2645054574e-01    5.0578222594e-01    3.3179334769e-01   -2.3658534928e+00    1.2216440490e-03    1.2000000000e+01    4.1675499688e-05    1.0000000000e+00
       177   -6.6068195733e-01    4.4756795360e-01   -9.2290173934e-01    2.6221978201e-01    3.7778728121e-01    3.3179334769e-01   -1.6503719508e+00    1.7889582533e-02    1.2000000000e+01    3.7680250443e-05    1.0000000000e+00
       178   -6.7567879860e-01    4.6773727063e-01   -1.0835489042e+00    4.0787010561e-01    3.9997228413e-01    3.3179334769e-01   -1.8176884634e+00    2.3739273269e-03    1.2000000000e+01    3.4617999972e-05    9.5833333333e-01
       179   -6.5078358395e-01    4.3438600618e-01   -8.6842744410e-01    2.1764386015e-01    3.9428728600e-01    3.3179334769e-01   -1.5956076032e+00    1.0995254524e-03    1.2000000000e+01    3.2883499898e-05    1.0000000000e+00
       180   -6.6176885966e-01    4.5105542203e-01   -8.6687120586e-01    2.0510234619e-01    4.4684031826e-01    3.3179334769e-01   -1.6456304663e+00    1.2559452895e-04    1.2000000000e+01    3.0893499570e-05    1.0000000000e+00
       181   -7.2178842586e-01    5.4375214833e-01   -7.3811990505e-01    1.6331479192e-02    4.1285713041e-01    3.3179334769e-01   -1.4828198414e+00    4.9458286388e-05    1.2000000000e+01    3.0468000205e-05    1.0000000000e+00
       182   -7.7095146033e-01    6.0146776334e-01   -7.5295425498e-01   -1.7997205342e-02    4.1566229851e-01    3.3179334769e-01   -1.5004306758e+00    2.0774628874e-05    1.2000000000e+01    2.9354750495e-05    1.0000000000e+00
       183   -7.2015006998e-01    5.3019107204e-01   -9.8761952641e-01    2.6746945643e-01    4.9002764581e-01    3.3179334769e-01   -1.8095918443e+00    1.5132438084e-04    1.2000000000e+01    3.0955499824e-05    1.0000000000e+00
       184   -6.8931975749e-01    4.9428164408e-01   -1.0199475075e+00    3.3062775004e-01    5.4869331018e-01    3.3179334769e-01   -1.9004831782e+00    4.9012792497e-05    1.2000000000e+01    3.4009250157e-05    9.5833333333e-01
       185   -7.0154192748e-01    5.0777316137e-01   -1.6166093602e+00    9.1506743271e-01    4.9772346506e-01    3.3179334769e-01   -2.4461374589e+00    1.1285946102e-05    1.2000000000e+01    3.5865999962e-05    1.0000000000e+00
       186   -6.9586007699e-01    4.8743135741e-01   -1.3987543662e+00    7.0289428921e-01    3.7042130897e-01    3.3179334769e-01   -2.1011948295e+00    2.2580666305e-04    1.2000000000e+01    3.6312000248e-05    1.0000000000e+00
       187   -7.1521845215e-01    5.1431010035e-01   -1.5146580652e+00    7.9943961301e-01    3.7200854246e-01    3.3179334769e-01   -2.2184905493e+00    3.0593946148e-05    1.2000000000e+01    3.6083999930e-05    9.5833333333e-01
       188   -7.2281417372e-01    5.2390954913e-01   -1.1350552833e+00    4.1224110957e-01    2.9395673529e-01    3.3179334769e-01   -1.7608259586e+00    2.0592330558e-05    1.2000000000e+01    4.0069999613e-05    1.0000000000e+00
       189   -7.4453858221e-01    5.5726797036e-01   -1.1827027971e+00    4.3816421486e-01    2.8537140016e-01    3.3179334769e-01   -1.7998925172e+00    2.4972310979e-05    1.2000000000e+01    3.6577499941e-05    1.0000000000e+00
       190   -8.4506903551e-01    7.1488248552e-01   -1.3129863018e+00    4.6791726632e-01    2.4568902293e-01    3.3179334769e-01   -1.8905501156e+00    8.1443167638e-05    1.2000000000e+01    3.6420499782e-05    9.5833333333e-01
       191   -8.2077492945e-01    6.7428913193e-01   -1.3931464526e+00    5.7237152312e-01    2.5346897362e-01    3.3179334769e-01   -1.9784626935e+00    5.3919605779e-05    1.2000000000e+01    5.1640249239e-05    1.0000000000e+00
       192   -8.1021062863e-01    6.5776757435e-01   -1.2860925948e+00    4.7588196613e-01    2.4840214831e-01    3.3179334769e-01   -1.8666865865e+00    3.9849570554e-04    1.2000000000e+01    3.7986749703e-05    1.0000000000e+00
       193   -8.3097888609e-01    6.9332126547e-01   -1.2438420184e+00    4.1286313228e-01    2.3064680762e-01    3.3179334769e-01   -1.8067827017e+00    5.0052806824e-04    1.2000000000e+01    3.8536000375e-05    1.0000000000e+00
       194   -8.1318522731e-01    6.6320499294e-01   -1.0905584859e+00    2.7737325854e-01    2.4394366549e-01    3.3179334769e-01   -1.6663169439e+00    2.1444823162e-05    1.2000000000e+01    3.8159250835e-05    1.0000000000e+00
       195   -7.9447930101e-01    6.3456158967e-01   -1.0564032725e+00    2.6192397147e-01    2.4418294202e-01    3.3179334769e-01   -1.6324648376e+00    8.5275412217e-05    1.2000000000e+01    3.3092749618e-05    9.5833333333e-01
       196   -8.1625952682e-01    6.6757484797e-01   -1.2795320815e+00    4.6327255470e-01    2.7474441484e-01    3.3179334769e-01   -1.8866481381e+00    5.7829403331e-04    1.2000000000e+01    3.6624000131e-05    1.0000000000e+00
       197   -7.5069896426e-01    5.6471303782e-01   -1.3591787157e+00    6.0847975143e-01    2.6654968851e-01    3.3179334769e-01   -1.9588698307e+00    1.3480787852e-03    1.2000000000e+01    4.4514250021e-05    1.0000000000e+00
       198   -7.9661430436e-01    6.3619035824e-01   -1.4371780954e+00    6.4056379108e-01    3.2626456861e-01    3.3179334769e-01   -2.0953425901e+00    1.0657835618e-04    1.2000000000e+01    4.6477250180e-05    1.0000000000e+00
       199   -8.0275488755e-01    6.4821460911e-01   -1.3949552001e+00    5.9220031258e-01    3.0545716102e-01    3.3179334769e-01   -2.0348245598e+00    2.6188510166e-03    1.2000000000e+01    4.3204750455e-05    9.5833333333e-01
