#   index    LocalEnergy         LocalEnergy_sq      LocalPotential      Kinetic             ElecElec            IonIon              LocalECP            NonLocalECP         BlockWeight         BlockCPU            AcceptRatio         
         0   -8.1996222064e-01    6.7684810968e-01   -1.7569044267e+00    9.3694220603e-01    4.7662157810e-01    3.3179334769e-01   -2.5654229055e+00    1.0355305358e-04    1.2000000000e+01    4.3944499794e-05    1.0000000000e+00
         1   -8.0363349152e-01    6.5126959323e-01   -2.0600517153e+00    1.2564182238e+00    4.8625308637e-01    3.3179334769e-01   -2.8781131100e+00    1.4960618786e-05    1.2000000000e+01    4.4657250328e-05    1.0000000000e+00
         2   -7.5204033016e-01    5.6791622339e-01   -1.4582584197e+00    7.0621808953e-01    4.7288157091e-01    3.3179334769e-01   -2.2630047677e+00    7.1429390378e-05    1.2000000000e+01    3.8693750412e-05    9.5833333333e-01
         3   -7.9458857220e-01    6.4061291798e-01   -1.2974199811e+00    5.0283140885e-01    4.7692198481e-01    3.3179334769e-01   -2.1061697437e+00    3.4430096407e-05    1.2000000000e+01    2.8013499559e-05    1.0000000000e+00
         4   -7.7840673886e-01    6.1697117165e-01   -1.1093233424e+00    3.3091660352e-01    4.5772543261e-01    3.3179334769e-01   -1.8988864842e+00    4.4361534284e-05    1.2000000000e+01    3.4585249978e-05    1.0000000000e+00
         5   -7.7368129674e-01    6.0022257525e-01   -1.0438571903e+00    2.7017589353e-01    3.1265068975e-01    3.3179334769e-01   -1.6885219473e+00    2.2071962040e-04    1.2000000000e+01    4.2619999476e-05    1.0000000000e+00
         6   -7.8936449302e-01    6.2388283319e-01   -1.1045980314e+00    3.1523353836e-01    2.9343995395e-01    3.3179334769e-01   -1.7301487038e+00    3.1737079059e-04    1.2000000000e+01    4.0857750264e-05    1.0000000000e+00
         7   -7.9546032365e-01    6.3389579714e-01   -1.0474460936e+00    2.5198576991e-01    2.9057220747e-01    3.3179334769e-01   -1.6723358216e+00    2.5241728837e-03    1.2000000000e+01    3.7647999761e-05    1.0000000000e+00
         8   -7.6877845725e-01    5.9312444190e-01   -1.3709611671e+00    6.0218270983e-01    3.2446928973e-01    3.3179334769e-01   -2.0315528241e+00    4.3290195788e-03    1.2000000000e+01    4.0257999899e-05    9.5833333333e-01
         9   -7.5243890260e-01    5.7582492679e-01   -1.8227479630e+00    1.0703090604e+00    4.1358187621e-01    3.3179334769e-01   -2.5681320000e+00    8.8130926082e-06    1.2000000000e+01    3.3037499634e-05    1.0000000000e+00
        10   -7.7390450230e-01    6.0312877985e-01   -1.2400912482e+00    4.6618674590e-01    3.5017482304e-01    3.3179334769e-01   -1.9220697005e+00    1.0281602157e-05    1.2000000000e+01    3.2802750411e-05    1.0000000000e+00
        11   -7.7979433861e-01    6.0933858320e-01   -1.1220414029e+00    3.4224706424e-01    3.8202721312e-01    3.3179334769e-01   -1.8358803703e+00    1.8406619155e-05    1.2000000000e+01    5.1105249440e-05    1.0000000000e+00
        12   -7.4016424076e-01    5.5290720355e-01   -1.5659073369e+00    8.2574309610e-01    4.2282081567e-01    3.3179334769e-01   -2.3205292302e+00    7.7299452084e-06    1.2000000000e+01    6.0101999679e-05    1.0000000000e+00
        13   -7.1691191346e-01    5.2161809011e-01   -1.4663660741e+00    7.4945416060e-01    5.1018635236e-01    3.3179334769e-01   -2.3084863239e+00    1.4054979022e-04    1.2000000000e+01    3.9852000555e-05    9.5833333333e-01
        14   -7.4050555567e-01    5.4949725279e-01   -1.2912985737e+00    5.5079301807e-01    3.9138682917e-01    3.3179334769e-01   -2.0182746078e+00    3.7958572452e-03    1.2000000000e+01    4.0813999476e-05    1.0000000000e+00
        15   -7.5446618427e-01    5.7116617424e-01   -1.2808886492e+00    5.2642246491e-01    3.8956361457e-01    3.3179334769e-01   -2.0093107062e+00    7.0650947681e-03    1.2000000000e+01    5.0304250180e-05    9.5833333333e-01
        16   -7.5874533729e-01    5.7608825563e-01   -1.0391275648e+00    2.8038222749e-01    4.1743720779e-01    3.3179334769e-01   -1.7913798360e+00    3.0217157251e-03    1.2000000000e+01    5.4458249451e-05    9.5833333333e-01
        17   -7.5273093590e-01    5.6861506593e-01   -9.4380390885e-01    1.9107297294e-01    4.1868573184e-01    3.3179334769e-01   -1.6975480949e+00    3.2651064992e-03    1.2000000000e+01    4.9039249916e-05    1.0000000000e+00
        18   -7.4590536720e-01    5.5850235564e-01   -1.1091204307e+00    3.6321506349e-01    3.7130693352e-01    3.3179334769e-01   -1.8203419661e+00    8.1212542076e-03    1.2000000000e+01    4.5229249281e-05    1.0000000000e+00
        19   -7.3409203267e-01    5.4413806711e-01   -1.1425883775e+00    4.0849634485e-01    3.3918147959e-01    3.3179334769e-01   -1.8239953257e+00    1.0432120912e-02    1.2000000000e+01    4.1607499497e-05    1.0000000000e+00
        20   -7.3994980534e-01    5.5255409947e-01   -1.0796680099e+00    3.3971820457e-01    3.4378390417e-01    3.3179334769e-01   -1.7660625486e+00    1.0817286857e-02    1.2000000000e+01    4.0719249682e-05    1.0000000000e+00
        21   -7.3640315356e-01    5.4340967429e-01   -9.7255487520e-01    2.3615172165e-01    4.7043520929e-01    3.3179334769e-01   -1.7750366420e+00    2.5320985318e-04    1.2000000000e+01    3.6363499930e-05    9.5833333333e-01
        22   -7.6527019931e-01    5.8776120029e-01   -1.3727020620e+00    6.0743186268e-01    5.1470304222e-01    3.3179334769e-01   -2.2193138941e+00    1.1544216638e-04    1.2000000000e+01    3.6577000174e-05    1.0000000000e+00
        23   -7.5491018479e-01    5.7186361633e-01   -1.3568904097e+00    6.0198022490e-01    3.7161460200e-01    3.3179334769e-01   -2.0612474065e+00    9.4904713952e-04    1.2000000000e+01    3.5444249988e-05    9.5833333333e-01
        24   -7.4494186780e-01    5.5583077611e-01   -9.9043592285e-01    2.4549405506e-01    3.1350512651e-01    3.3179334769e-01   -1.6363344933e+00    6.0009623510e-04    1.2000000000e+01    3.2625000131e-05    1.0000000000e+00
        25   -7.7148902521e-01    5.9608779424e-01   -9.5159245150e-01    1.8010342629e-01    2.8231247017e-01    3.3179334769e-01   -1.5658686999e+00    1.7043053410e-04    1.2000000000e+01    3.4448000406e-05    1.0000000000e+00
        26   -7.4647257423e-01    5.5841516900e-01   -1.0192918797e+00    2.7281930551e-01    2.9260612510e-01    3.3179334769e-01   -1.6437895053e+00    9.8152724860e-05    1.2000000000e+01    3.6433500554e-05    1.0000000000e+00
        27   -7.7318590408e-01    5.9965211993e-01   -9.8704004831e-01    2.1385414423e-01    3.0053635855e-01    3.3179334769e-01   -1.6334846918e+00    1.4114937293e-02    1.2000000000e+01    3.8268750359e-05    9.5833333333e-01
        28   -7.6612178677e-01    5.8918167190e-01   -8.8976753677e-01    1.2364574999e-01    3.0848570091e-01    3.3179334769e-01   -1.5678895783e+00    3.7842992982e-02    1.2000000000e+01    2.8853250114e-05    1.0000000000e+00
        29   -7.8383233072e-01    6.1666820744e-01   -8.8416048517e-01    1.0032815445e-01    3.2342195277e-01    3.3179334769e-01   -1.5483372836e+00    8.9614979478e-03    1.2000000000e+01    2.8861749342e-05    1.0000000000e+00
        30   -7.6776521218e-01    5.9358101810e-01   -9.6717135699e-01    1.9940614481e-01    2.8914347609e-01    3.3179334769e-01   -1.5881481908e+00    4.0009995481e-05    1.2000000000e+01    2.7378750474e-05    1.0000000000e+00
        31   -7.5555563993e-01    5.7428635277e-01   -1.1305976657e+00    3.7504202577e-01    2.7803405411e-01    3.3179334769e-01   -1.7404336138e+00    8.5463162100e-06    1.2000000000e+01    3.0872250136e-05    1.0000000000e+00
        32   -7.8921837624e-01    6.2507989249e-01   -1.1721364971e+00    3.8291812083e-01    3.4741138420e-01    3.3179334769e-01   -1.8516781314e+00    3.3690244592e-04    1.2000000000e+01    3.4031250379e-05    1.0000000000e+00
        33   -8.3940952654e-01    7.0879144563e-01   -1.6468651865e+00    8.0745565995e-01    3.6013227985e-01    3.3179334769e-01   -2.3390438014e+00    2.5298741923e-04    1.2000000000e+01    4.4639250063e-05    9.5833333333e-01
        34   -8.1407759677e-01    6.6433705008e-01   -1.4931922859e+00    6.7911468910e-01    3.1978636672e-01    3.3179334769e-01   -2.1453468804e+00    5.7488009890e-04    1.2000000000e+01    3.8942250285e-05    1.0000000000e+00
        35   -7.9322426976e-01    6.2945472470e-01   -1.1581900601e+00    3.6496579038e-01    3.1387851731e-01    3.3179334769e-01   -1.8041803357e+00    3.1841053752e-04    1.2000000000e+01    3.9444000322e-05    9.1666666667e-01
        36   -8.0090422247e-01    6.4248356240e-01   -1.6858458209e+00    8.8494159845e-01    3.8848920215e-01    3.3179334769e-01   -2.4127784238e+00    6.6500530034e-03    1.2000000000e+01    3.8504000258e-05    9.5833333333e-01
        37   -8.2778015427e-01    6.8882482083e-01   -1.7446883788e+00    9.1690822449e-01    5.7448921828e-01    3.3179334769e-01   -2.6513239483e+00    3.5300358629e-04    1.2000000000e+01    7.6553750205e-05    9.5833333333e-01
        38   -7.9278904885e-01    6.4273296607e-01   -1.6884181876e+00    8.9562913877e-01    5.7877481726e-01    3.3179334769e-01   -2.6041643621e+00    5.1780095443e-03    1.2000000000e+01    6.5624250055e-05    1.0000000000e+00
        39   -7.5377660091e-01    5.8380747166e-01   -1.7036856304e+00    9.4990902950e-01    7.2971338370e-01    3.3179334769e-01   -2.7757811086e+00    1.0588746828e-02    1.2000000000e+01    4.9042999763e-05    1.0000000000e+00
        40   -7.6677186799e-01    5.9116943385e-01   -1.5384541688e+00    7.7168230080e-01    4.5729937035e-01    3.3179334769e-01   -2.3549981730e+00    2.7451286148e-02    1.2000000000e+01    4.9363999551e-05    1.0000000000e+00
        41   -7.9724240744e-01    6.4297535282e-01   -2.3369786726e+00    1.5397362652e+00    4.0401858357e-01    3.3179334769e-01   -3.0835701131e+00    1.0779509270e-02    1.2000000000e+01    4.7790249937e-05    1.0000000000e+00
        42   -7.9572888815e-01    6.3561447339e-01   -1.5514824362e+00    7.5575354807e-01    3.1366451200e-01    3.3179334769e-01   -2.1983712281e+00    1.4309322400e-03    1.2000000000e+01    4.8487499953e-05    1.0000000000e+00
        43   -8.0714153665e-01    6.5411430311e-01   -1.5814859494e+00    7.7434441272e-01    3.0647257831e-01    3.3179334769e-01   -2.2384702826e+00    1.8718407276e-02    1.2000000000e+01    4.9972499710e-05    9.5833333333e-01
        44   -7.7841203702e-01    6.1126207231e-01   -1.6202470677e+00    8.4183503065e-01    3.9574274734e-01    3.3179334769e-01   -2.3582775903e+00    1.0494427616e-02    1.2000000000e+01    6.5888249992e-05    1.0000000000e+00
        45   -7.7195330280e-01    5.9951080395e-01   -1.6026001910e+00    8.3064688824e-01    3.9046571012e-01    3.3179334769e-01   -2.3311967422e+00    6.3374933693e-03    1.2000000000e+01    6.3226000293e-05    9.5833333333e-01
        46   -7.9463627471e-01    6.3665020097e-01   -1.1129638749e+00    3.1832760015e-01    3.9694571758e-01    3.3179334769e-01   -1.8427358128e+00    1.0328726480e-03    1.2000000000e+01    4.6432999170e-05    1.0000000000e+00
        47   -7.2335441202e-01    5.2797791054e-01   -1.1327868252e+00    4.0943241322e-01    3.7767355373e-01    3.3179334769e-01   -1.8442784849e+00    2.0247582158e-03    1.2000000000e+01    4.5737000164e-05    1.0000000000e+00
        48   -7.0411971332e-01    5.0182146587e-01   -1.1311889201e+00    4.2706920679e-01    4.1510872416e-01    3.3179334769e-01   -1.8830328969e+00    4.9419049184e-03    1.2000000000e+01    4.8280749979e-05    1.0000000000e+00
        49   -7.2441809271e-01    5.2957527052e-01   -1.1215076497e+00    3.9708955699e-01    3.4659239659e-01    3.3179334769e-01   -1.8144017020e+00    1.4508308043e-02    1.2000000000e+01    4.6859749546e-05    1.0000000000e+00
        50   -7.2633253452e-01    5.3201327154e-01   -1.1818887757e+00    4.5555624119e-01    4.8544354940e-01    3.3179334769e-01   -2.0089784102e+00    9.8527373984e-03    1.2000000000e+01    5.0396500228e-05    9.5833333333e-01
        51   -7.4948452851e-01    5.7317022670e-01   -1.4921529815e+00    7.4266845298e-01    6.4617241507e-01    3.3179334769e-01   -2.4745093110e+00    4.3905667222e-03    1.2000000000e+01    4.6147999910e-05    9.5833333333e-01
        52   -8.5439917727e-01    7.3650637100e-01   -1.7807801143e+00    9.2638093699e-01    5.1771585175e-01    3.3179334769e-01   -2.6587118182e+00    2.8422504540e-02    1.2000000000e+01    4.0960249862e-05    1.0000000000e+00
        53   -8.5560698526e-01    7.4411368768e-01   -2.3751205753e+00    1.5195135900e+00    4.0743218992e-01    3.3179334769e-01   -3.1145798625e+00    2.3374958038e-04    1.2000000000e+01    5.1830249959e-05    1.0000000000e+00
        54   -7.9611437853e-01    6.3478984279e-01   -1.7523926900e+00    9.5627831146e-01    2.8788190711e-01    3.3179334769e-01   -2.3728410627e+00    7.7311791151e-04    1.2000000000e+01    4.6095749894e-05    1.0000000000e+00
        55   -7.8365668919e-01    6.1487574308e-01   -1.1958219804e+00    4.1216529119e-01    2.7859378716e-01    3.3179334769e-01   -1.8151126990e+00    8.9035837632e-03    1.2000000000e+01    4.4959499974e-05    9.5833333333e-01
        56   -8.0355220171e-01    6.4859481008e-01   -1.2556632917e+00    4.5211109000e-01    2.9946962184e-01    3.3179334769e-01   -1.8875385465e+00    6.1228527615e-04    1.2000000000e+01    5.2566999784e-05    1.0000000000e+00
        57   -8.2372190566e-01    6.8095344494e-01   -1.2870260608e+00    4.6330415518e-01    3.5576112359e-01    3.3179334769e-01   -1.9755665107e+00    9.8597853437e-04    1.2000000000e+01    5.1778999932e-05    1.0000000000e+00
        58   -8.4978464213e-01    7.2461225709e-01   -1.6367548250e+00    7.8697018282e-01    4.1009016895e-01    3.3179334769e-01   -2.3793630341e+00    7.2469254850e-04    1.2000000000e+01    8.8553249952e-05    1.0000000000e+00
        59   -7.8263731872e-01    6.1396394861e-01   -1.4177221183e+00    6.3508479960e-01    4.2836883162e-01    3.3179334769e-01   -2.1786005284e+00    7.1623080474e-04    1.2000000000e+01    7.2933250522e-05    1.0000000000e+00
        60   -8.3832940364e-01    7.1271823343e-01   -1.4827802364e+00    6.4445083272e-01    5.0912929225e-01    3.3179334769e-01   -2.3239892539e+00    2.8637759330e-04    1.2000000000e+01    1.1110374953e-04    1.0000000000e+00
        61   -8.0799737564e-01    6.5502880112e-01   -1.5250106811e+00    7.1701330546e-01    4.4331344893e-01    3.3179334769e-01   -2.3002968996e+00    1.7942185767e-04    1.2000000000e+01    5.4730999636e-05    1.0000000000e+00
        62   -8.1645506184e-01    6.6979990531e-01   -1.2248802684e+00    4.0842520657e-01    4.2607543967e-01    3.3179334769e-01   -1.9837556858e+00    1.0066300389e-03    1.2000000000e+01    5.6897249578e-05    1.0000000000e+00
        63   -7.9690431276e-01    6.3832377104e-01   -1.0372144971e+00    2.4031018433e-01    4.4557534187e-01    3.3179334769e-01   -1.8609170364e+00    4.6333849796e-02    1.2000000000e+01    5.5600000451e-05    9.5833333333e-01
        64   -8.4654410641e-01    7.2200617627e-01   -1.1524160959e+00    3.0587198945e-01    4.0752374894e-01    3.3179334769e-01   -1.8995974621e+00    7.8642695774e-03    1.2000000000e+01    6.3105499976e-05    9.5833333333e-01
        65   -7.7730486127e-01    6.0593053140e-01   -1.1702418571e+00    3.9293699584e-01    2.9519461647e-01    3.3179334769e-01   -1.8065320634e+00    9.3022420918e-03    1.2000000000e+01    5.0852249387e-05    1.0000000000e+00
        66   -7.9113402057e-01    6.2877190380e-01   -1.2912822478e+00    5.0014822721e-01    3.4520380831e-01    3.3179334769e-01   -2.0158869920e+00    4.7607588224e-02    1.2000000000e+01    5.6633250097e-05    1.0000000000e+00
        67   -7.8190095278e-01    6.1476548560e-01   -1.3257632751e+00    5.4386232231e-01    3.7476032485e-01    3.3179334769e-01   -2.2321180859e+00    1.9980113830e-01    1.2000000000e+01    5.4789250953e-05    1.0000000000e+00
        68   -8.1749571986e-01    6.7314109884e-01   -1.4801832057e+00    6.6268748583e-01    3.3480379534e-01    3.3179334769e-01   -2.2609446469e+00    1.1416429819e-01    1.2000000000e+01    6.4573250256e-05    1.0000000000e+00
        69   -8.9148057518e-01    9.3114779857e-01   -1.4539456394e+00    5.6246506418e-01    3.0727934490e-01    3.3179334769e-01   -2.6794775368e+00    5.8645920489e-01    1.2000000000e+01    5.0923250001e-05    9.5833333333e-01
        70   -7.8757259966e-01    6.3377034618e-01   -1.1157923833e+00    3.2821978367e-01    3.5013011105e-01    3.3179334769e-01   -2.4445297703e+00    6.4681392826e-01    1.2000000000e+01    4.9780000154e-05    1.0000000000e+00
        71   -8.4490338306e-01    7.3017065612e-01   -1.1140613900e+00    2.6915800689e-01    2.9346296492e-01    3.3179334769e-01   -1.9514960382e+00    2.1217833566e-01    1.2000000000e+01    5.0480500704e-05    1.0000000000e+00
        72   -8.1258830760e-01    6.6389322239e-01   -1.0757498330e+00    2.6316152542e-01    2.5452822952e-01    3.3179334769e-01   -1.8822234349e+00    2.2015202471e-01    1.2000000000e+01    4.5632000365e-05    1.0000000000e+00
        73   -8.2338487717e-01    6.7961397543e-01   -9.9899145857e-01    1.7560658141e-01    2.3745378913e-01    3.3179334769e-01   -1.6411572993e+00    7.2918703928e-02    1.2000000000e+01    5.9005500134e-05    1.0000000000e+00
        74   -8.0841716814e-01    6.5644846422e-01   -1.0035258410e+00    1.9510867290e-01    2.6360004225e-01    3.3179334769e-01   -1.6361833408e+00    3.7264109854e-02    1.2000000000e+01    4.1042500015e-05    1.0000000000e+00
        75   -8.1946966418e-01    6.7322843682e-01   -1.1147425549e+00    2.9527289072e-01    2.5357707881e-01    3.3179334769e-01   -1.7104754444e+00    1.0362462957e-02    1.2000000000e+01    4.2068249968e-05    1.0000000000e+00
        76   -8.2146316617e-01    6.7596222690e-01   -1.8430352073e+00    1.0215720412e+00    2.7882365163e-01    3.3179334769e-01   -2.4851101610e+00    3.1457954311e-02    1.2000000000e+01    4.6770499921e-05    1.0000000000e+00
        77   -8.1415473709e-01    6.6573137588e-01   -1.7369205511e+00    9.2276581403e-01    2.8858132910e-01    3.3179334769e-01   -2.4113209476e+00    5.4025719671e-02    1.2000000000e+01    4.8450999657e-05    1.0000000000e+00
        78   -8.1489690223e-01    6.6729754956e-01   -1.9222533784e+00    1.1073564762e+00    3.4153712855e-01    3.3179334769e-01   -2.7626633735e+00    1.6707951883e-01    1.2000000000e+01    5.9946250076e-05    9.1666666667e-01
        79   -8.2035944681e-01    6.7409591865e-01   -1.4638647982e+00    6.4350535139e-01    3.9926969632e-01    3.3179334769e-01   -2.2071151727e+00    1.2187330463e-02    1.2000000000e+01    5.9296251038e-05    1.0000000000e+00
        80   -7.9005793406e-01    6.2462070460e-01   -1.2591589818e+00    4.6910104775e-01    3.4099210441e-01    3.3179334769e-01   -1.9369773322e+00    5.0328982976e-03    1.2000000000e+01    4.7447749694e-05    1.0000000000e+00
        81   -7.6601875925e-01    5.8753137008e-01   -1.4269047298e+00    6.6088597054e-01    4.3675344072e-01    3.3179334769e-01   -2.1986197106e+00    3.1681924155e-03    1.2000000000e+01    4.1691999741e-05    9.5833333333e-01
        82   -7.5379378496e-01    5.7565251547e-01   -1.2409502997e+00    4.8715651474e-01    3.9907210384e-01    3.3179334769e-01   -1.9723019296e+00    4.8617832804e-04    1.2000000000e+01    3.6627750433e-05    9.5833333333e-01
        83   -7.8008706713e-01    6.2244841641e-01   -1.0269396374e+00    2.4685257031e-01    3.3015537714e-01    3.3179334769e-01   -1.6889673440e+00    7.8981741911e-05    1.2000000000e+01    3.6033499782e-05    1.0000000000e+00
        84   -7.1531762184e-01    5.2438564084e-01   -1.6651166341e+00    9.4979901229e-01    4.2513321945e-01    3.3179334769e-01   -2.4223329633e+00    2.8976202704e-04    1.2000000000e+01    3.9183999888e-05    1.0000000000e+00
        85   -7.8731672420e-01    6.3042516471e-01   -1.6739303207e+00    8.8661359650e-01    3.1917193717e-01    3.3179334769e-01   -2.3252221716e+00    3.2656607182e-04    1.2000000000e+01    4.3098749302e-05    9.1666666667e-01
        86   -8.0907678016e-01    6.5643058749e-01   -1.6917597590e+00    8.8268297887e-01    3.0328030543e-01    3.3179334769e-01   -2.3312474697e+00    4.4140575899e-03    1.2000000000e+01    4.5439499900e-05    1.0000000000e+00
        87   -8.0441642686e-01    6.4877592966e-01   -2.3705705436e+00    1.5661541167e+00    3.1143904603e-01    3.3179334769e-01   -3.0279709035e+00    1.4167966183e-02    1.2000000000e+01    4.5914499879e-05    1.0000000000e+00
        88   -8.3645768816e-01    7.0376080207e-01   -2.2433547111e+00    1.4068970230e+00    3.6292532158e-01    3.3179334769e-01   -2.9640537351e+00    2.5980354714e-02    1.2000000000e+01    4.8358749609e-05    1.0000000000e+00
        89   -8.6269964558e-01    7.4835574781e-01   -1.2485201737e+00    3.8582052809e-01    6.4850001214e-01    3.3179334769e-01   -2.2584142430e+00    2.9600709503e-02    1.2000000000e+01    5.0739749440e-05    1.0000000000e+00
        90   -7.9684160027e-01    6.3899011168e-01   -1.6111998526e+00    8.1435825228e-01    5.1885367937e-01    3.3179334769e-01   -2.4769074294e+00    1.5060549774e-02    1.2000000000e+01    5.5919750594e-05    1.0000000000e+00
        91   -7.6427507104e-01    5.9222306327e-01   -1.4450968356e+00    6.8082176456e-01    3.9427209323e-01    3.3179334769e-01   -2.1880162748e+00    1.6853998291e-02    1.2000000000e+01    5.7338999795e-05    9.5833333333e-01
        92   -7.5880008591e-01    5.8861229324e-01   -1.0375810519e+00    2.7878096601e-01    3.8140104976e-01    3.3179334769e-01   -1.9113559024e+00    1.6058045302e-01    1.2000000000e+01    5.3522249800e-05    1.0000000000e+00
        93   -7.7463385303e-01    6.2127760177e-01   -9.7010096211e-01    1.9546710909e-01    3.7443499911e-01    3.3179334769e-01   -1.8777697014e+00    2.0144039252e-01    1.2000000000e+01    5.1290249758e-05    9.5833333333e-01
        94   -8.3957698966e-01    8.9803915454e-01   -3.3632601393e+00    2.5236831496e+00    5.0240845973e-01    3.3179334769e-01   -1.8480477307e+00   -2.3494142160e+00    1.2000000000e+01    5.0701750297e-05    1.0000000000e+00
        95   -6.2448653637e-01    7.2079477002e-01   -1.7671354862e+00    1.1426489498e+00    3.8075289679e-01    3.3179334769e-01   -1.8268908023e+00   -6.5279092839e-01    1.2000000000e+01    5.1658500070e-05    1.0000000000e+00
        96   -5.0913249907e-01    5.2036082252e-01   -1.6525359921e+00    1.1434034930e+00    3.0706533528e-01    3.3179334769e-01   -1.7909401387e+00   -5.0045453635e-01    1.2000000000e+01    5.0883249969e-05    9.1666666667e-01
        97   -5.6450868677e-01    4.8825411435e-01   -1.9933114732e+00    1.4288027864e+00    3.3910058587e-01    3.3179334769e-01   -2.0348065525e+00   -6.2939885423e-01    1.2000000000e+01    4.4563999836e-05    1.0000000000e+00
        98   -8.8794769787e-01    8.6673996941e-01   -2.5145837343e+00    1.6266360365e+00    4.1584648121e-01    3.3179334769e-01   -2.2232429135e+00   -1.0389806497e+00    1.2000000000e+01    4.5265750487e-05    1.0000000000e+00
        99   -6.6754954283e-01    5.2772407317e-01   -2.9773333598e+00    2.3097838170e+00    4.1372731535e-01    3.3179334769e-01   -2.1910763036e+00   -1.5317777193e+00    1.2000000000e+01    5.1558749874e-05    9.5833333333e-01
       100   -8.9640926078e-01    9.3196516291e-01   -2.7399579197e+00    1.8435486589e+00    4.8208567532e-01    3.3179334769e-01   -2.2741455735e+00   -1.2796913693e+00    1.2000000000e+01    4.3218999963e-05    1.0000000000e+00
       101   -8.5294558222e-01    8.0599783604e-01   -2.6064662459e+00    1.7535206636e+00    3.5283592787e-01    3.3179334769e-01   -1.9472142609e+00   -1.3438812605e+00    1.2000000000e+01    4.1727999815e-05    9.5833333333e-01
       102   -7.6849210788e-01    6.3438533342e-01   -2.5357892236e+00    1.7672971157e+00    3.0197065975e-01    3.3179334769e-01   -2.1068946833e+00   -1.0626585477e+00    1.2000000000e+01    4.4059249831e-05    1.0000000000e+00
       103   -9.4552951742e-01    1.9050596330e+00   -4.1187469455e+00    3.1732174280e+00    3.1427344226e-01    3.3179334769e-01   -1.8945582925e+00   -2.8702554429e+00    1.2000000000e+01    5.9212500219e-05    9.5833333333e-01
       104   -9.7033463336e-01    1.1207964383e+00   -3.6440599056e+00    2.6737252723e+00    3.2849758123e-01    3.3179334769e-01   -3.0203025181e+00   -1.2840483165e+00    1.2000000000e+01    4.4390999847e-05    9.5833333333e-01
       105   -6.1099692616e-01    4.2964208395e-01   -1.9832772270e+00    1.3722803008e+00    3.2363088197e-01    3.3179334769e-01   -2.1259360218e+00   -5.1276543487e-01    1.2000000000e+01    4.0422749407e-05    1.0000000000e+00
       106   -6.9241609785e-01    7.2969962815e-01   -2.9356406838e+00    2.2432245859e+00    3.2539558555e-01    3.3179334769e-01   -2.5864725704e+00   -1.0063570466e+00    1.2000000000e+01    4.4445499498e-05    1.0000000000e+00
       107   -6.6720720515e-01    4.7669071800e-01   -2.2168327090e+00    1.5496255038e+00    3.0432235706e-01    3.3179334769e-01   -2.2496755059e+00   -6.0327290789e-01    1.2000000000e+01    4.2249750095e-05    1.0000000000e+00
       108   -9.5111033697e-01    1.1782615717e+00   -3.0615248655e+00    2.1104145286e+00    2.9694674376e-01    3.3179334769e-01   -2.0531385649e+00   -1.6371263921e+00    1.2000000000e+01    4.4429500122e-05    1.0000000000e+00
       109   -7.2399257577e-01    7.2621480708e-01   -2.7707656015e+00    2.0467730257e+00    3.4753895453e-01    3.3179334769e-01   -1.8823293819e+00   -1.5677685218e+00    1.2000000000e+01    4.9691750064e-05    1.0000000000e+00
       110   -9.8467308291e-01    1.1959176405e+00   -2.8476098971e+00    1.8629368142e+00    3.7408311403e-01    3.3179334769e-01   -2.0236077638e+00   -1.5298785950e+00    1.2000000000e+01    4.5529999625e-05    1.0000000000e+00
       111   -9.1073343723e-01    9.7937867029e-01   -2.4279462220e+00    1.5172127847e+00    3.5509473022e-01    3.3179334769e-01   -1.8753332072e+00   -1.2395010926e+00    1.2000000000e+01    4.7706250371e-05    1.0000000000e+00
       112   -7.5862725293e-01    5.8101794080e-01   -1.8560883394e+00    1.0974610865e+00    3.3141125237e-01    3.3179334769e-01   -1.7304535299e+00   -7.8883940957e-01    1.2000000000e+01    4.5527749535e-05    8.7500000000e-01
       113   -1.0743255083e+00    1.4738830569e+00   -2.7598534259e+00    1.6855279177e+00    3.0475105785e-01    3.3179334769e-01   -1.9573948619e+00   -1.4390029695e+00    1.2000000000e+01    4.5626499741e-05    1.0000000000e+00
       114   -1.0920248335e+00    1.4988260049e+00   -3.0238540893e+00    1.9318292558e+00    3.6193753439e-01    3.3179334769e-01   -2.3158952837e+00   -1.4016896876e+00    1.2000000000e+01    4.4031249672e-05    9.5833333333e-01
       115   -9.0969757438e-01    1.0476858639e+00   -4.8485322756e+00    3.9388347012e+00    3.9493848520e-01    3.3179334769e-01   -3.2231447631e+00   -2.3521193454e+00    1.2000000000e+01    4.6128499889e-05    9.1666666667e-01
       116   -8.1663944901e-01    6.8189794592e-01   -1.0924633281e+00    2.7582387913e-01    4.6425513906e-01    3.3179334769e-01   -2.1922695671e+00    3.0375775226e-01    1.2000000000e+01    3.3566250022e-04    1.0000000000e+00
       117   -8.1206127059e-01    6.6727761611e-01   -1.4500314815e+00    6.3797021094e-01    3.5756463331e-01    3.3179334769e-01   -2.4824638359e+00    3.4307437341e-01    1.2000000000e+01    6.1638749685e-05    1.0000000000e+00
       118   -7.2347393846e-01    5.4769473785e-01   -1.0327027617e+00    3.0922882326e-01    2.6744453277e-01    3.3179334769e-01   -2.1524735583e+00    5.2053291609e-01    1.2000000000e+01    4.2966749788e-05    1.0000000000e+00
       119   -7.5698190786e-01    5.7559219997e-01   -1.3010518515e+00    5.4406994365e-01    3.4884757117e-01    3.3179334769e-01   -2.0778845737e+00    9.6191803310e-02    1.2000000000e+01    4.6130250212e-05    1.0000000000e+00
       120   -7.2550354854e-01    5.3609233346e-01   -1.2357189432e+00    5.1021539466e-01    3.1532143200e-01    3.3179334769e-01   -2.1941561634e+00    3.1132244048e-01    1.2000000000e+01    3.8234250951e-05    1.0000000000e+00
       121   -7.6238430802e-01    5.8252917717e-01   -1.2280930591e+00    4.6570875109e-01    2.8755207818e-01    3.3179334769e-01   -1.9221363006e+00    7.4697815661e-02    1.2000000000e+01    4.1231999603e-05    1.0000000000e+00
       122   -7.8358908676e-01    6.1457664770e-01   -1.2021918287e+00    4.1860274191e-01    2.9062093618e-01    3.3179334769e-01   -1.8259426997e+00    1.3365871346e-03    1.2000000000e+01    3.7447000068e-05    1.0000000000e+00
       123   -8.1997326355e-01    6.8691443069e-01   -1.4394971589e+00    6.1952389537e-01    4.2450027005e-01    3.3179334769e-01   -2.1962309061e+00    4.4012942632e-04    1.2000000000e+01    4.5711500206e-05    9.5833333333e-01
       124   -7.8660938000e-01    6.2403291157e-01   -1.6882391444e+00    9.0162976440e-01    4.4090037022e-01    3.3179334769e-01   -2.4611471042e+00    2.1424189544e-04    1.2000000000e+01    4.9442249747e-05    9.5833333333e-01
       125   -7.2275656125e-01    5.2384332997e-01   -1.4955670991e+00    7.7281053786e-01    4.5401235120e-01    3.3179334769e-01   -2.2846454660e+00    3.2726679669e-03    1.2000000000e+01    4.1069499730e-05    9.1666666667e-01
       126   -7.5634408123e-01    5.7308562604e-01   -1.2908452019e+00    5.3450112063e-01    3.8863973531e-01    3.3179334769e-01   -2.0144871282e+00    3.2088433680e-03    1.2000000000e+01    4.1077999413e-05    9.5833333333e-01
       127   -7.8630097459e-01    6.2095688283e-01   -1.4459294135e+00    6.5962843888e-01    4.5576438668e-01    3.3179334769e-01   -2.2450306095e+00    1.1543461634e-02    1.2000000000e+01    4.4654749672e-05    1.0000000000e+00
       128   -7.7916563211e-01    6.1402203799e-01   -1.4634343828e+00    6.8426875066e-01    5.0028542700e-01    3.3179334769e-01   -2.3000454068e+00    4.5322493797e-03    1.2000000000e+01    5.1248000091e-05    1.0000000000e+00
       129   -7.6742007644e-01    5.9162705001e-01   -1.5619787537e+00    7.9455867729e-01    4.3785815701e-01    3.3179334769e-01   -2.3321817355e+00    5.5147711284e-04    1.2000000000e+01    4.2516499889e-05    1.0000000000e+00
       130   -7.7019101341e-01    5.9630610266e-01   -1.2941494592e+00    5.2395844578e-01    4.0849925401e-01    3.3179334769e-01   -2.0352833643e+00    8.4130343073e-04    1.2000000000e+01    4.2480249704e-05    1.0000000000e+00
       131   -7.8032481887e-01    6.1275908123e-01   -1.5739435029e+00    7.9361868407e-01    4.2554554612e-01    3.3179334769e-01   -2.3328824822e+00    1.6000854049e-03    1.2000000000e+01    4.4455499847e-05    1.0000000000e+00
       132   -7.9674334265e-01    6.3644947842e-01   -1.4903337384e+00    6.9359039578e-01    4.4541946793e-01    3.3179334769e-01   -2.2712810209e+00    3.7344668514e-03    1.2000000000e+01    4.7373749567e-05    1.0000000000e+00
       133   -8.4149557869e-01    7.1162040436e-01   -1.3462151367e+00    5.0471955798e-01    4.4498683642e-01    3.3179334769e-01   -2.1932196718e+00    7.0224351047e-02    1.2000000000e+01    4.5171249894e-05    9.5833333333e-01
       134   -8.6685169887e-01    7.5819637513e-01   -1.9555839611e+00    1.0887322622e+00    4.7361459311e-01    3.3179334769e-01   -2.7930509148e+00    3.2059012851e-02    1.2000000000e+01    4.2388499878e-05    1.0000000000e+00
       135   -8.2503732276e-01    6.9202777717e-01   -1.9819849684e+00    1.1569476457e+00    5.1887948797e-01    3.3179334769e-01   -2.8332662788e+00    6.0847470021e-04    1.2000000000e+01    8.4099000105e-05    1.0000000000e+00
       136   -8.2092723235e-01    6.8867663394e-01   -2.5893003019e+00    1.7683730696e+00    6.5926777517e-01    3.3179334769e-01   -3.5806019714e+00    2.4054663821e-04    1.2000000000e+01    5.9457999669e-05    1.0000000000e+00
       137   -7.8528675318e-01    6.2958787453e-01   -2.0567301370e+00    1.2714433838e+00    6.9294958475e-01    3.3179334769e-01   -3.0817157632e+00    2.4269369005e-04    1.2000000000e+01    4.8171749313e-05    9.5833333333e-01
       138   -7.8241439398e-01    6.2668122404e-01   -1.7002455516e+00    9.1783115758e-01    5.9393211557e-01    3.3179334769e-01   -2.6260567967e+00    8.5781868391e-05    1.2000000000e+01    4.6114499582e-05    9.5833333333e-01
       139   -7.9126099273e-01    6.3169398618e-01   -1.8734607433e+00    1.0821997505e+00    4.9697562391e-01    3.3179334769e-01   -2.7068110596e+00    4.5813447555e-03    1.2000000000e+01    3.6555499719e-05    1.0000000000e+00
       140   -8.6879795160e-01    7.6326958211e-01   -1.7762051516e+00    9.0740720001e-01    5.4720630789e-01    3.3179334769e-01   -2.6650316007e+00    9.8267935049e-03    1.2000000000e+01    3.4968749787e-05    1.0000000000e+00
       141   -9.1161799383e-01    8.3954443478e-01   -1.4278059052e+00    5.1618791133e-01    5.4755303131e-01    3.3179334769e-01   -2.3109095345e+00    3.7572503762e-03    1.2000000000e+01    4.1150000015e-05    1.0000000000e+00
       142   -8.4375863063e-01    7.1701706807e-01   -1.1791853025e+00    3.3542667185e-01    4.5655494537e-01    3.3179334769e-01   -1.9712147677e+00    3.6811721332e-03    1.2000000000e+01    3.6034000459e-05    1.0000000000e+00
       143   -8.1195259251e-01    6.6156222999e-01   -1.8559387378e+00    1.0439861453e+00    3.4841357998e-01    3.3179334769e-01   -2.5717851600e+00    3.5639494532e-02    1.2000000000e+01    4.5336000312e-05    9.5833333333e-01
       144   -7.8033614771e-01    6.0954209941e-01   -1.2387371636e+00    4.5840101589e-01    3.1985470154e-01    3.3179334769e-01   -1.9043001528e+00    1.3914939948e-02    1.2000000000e+01    4.5898500048e-05    1.0000000000e+00
       145   -7.9685983198e-01    6.3665845829e-01   -1.0392293333e+00    2.4236950137e-01    3.7979254095e-01    3.3179334769e-01   -1.7865258889e+00    3.5710666899e-02    1.2000000000e+01    4.3823499709e-05    1.0000000000e+00
       146   -7.9963818763e-01    6.4360608880e-01   -1.1420916796e+00    3.4245349197e-01    3.9361367752e-01    3.3179334769e-01   -2.0649118507e+00    1.9741314589e-01    1.2000000000e+01    4.8618250730e-05    1.0000000000e+00
       147   -7.8049593488e-01    6.1085374135e-01   -1.0503946160e+00    2.6989868108e-01    3.7269312022e-01    3.3179334769e-01   -1.8389588778e+00    8.4077793889e-02    1.2000000000e+01    4.4867999804e-05    1.0000000000e+00
       148   -7.6718458965e-01    5.9068202724e-01   -1.2097515395e+00    4.4256694985e-01    3.5733675062e-01    3.3179334769e-01   -1.9016645593e+00    2.7829215170e-03    1.2000000000e+01    4.9710500207e-05    1.0000000000e+00
       149   -8.0049863868e-01    6.4389301645e-01   -1.4052018085e+00    6.0470316980e-01    4.0326258464e-01    3.3179334769e-01   -2.1450541313e+00    4.7963904983e-03    1.2000000000e+01    5.4004250615e-05    1.0000000000e+00
       150   -7.7710327445e-01    6.0506408704e-01   -1.5643217417e+00    7.8721846723e-01    4.0661524273e-01    3.3179334769e-01   -2.3850353704e+00    8.2305038285e-02    1.2000000000e+01    5.3797999954e-05    1.0000000000e+00
       151   -7.7310421670e-01    5.9926611356e-01   -2.1335777119e+00    1.3604734952e+00    4.0833884715e-01    3.3179334769e-01   -2.9170880993e+00    4.3378192518e-02    1.2000000000e+01    5.5014249938e-05    9.1666666667e-01
       152   -8.0087677392e-01    6.4511252889e-01   -1.6010594019e+00    8.0018262799e-01    4.5119319910e-01    3.3179334769e-01   -2.3978667106e+00    1.3820761896e-02    1.2000000000e+01    5.3403500260e-05    1.0000000000e+00
       153   -8.3491166338e-01    7.1496139581e-01   -1.3590812482e+00    5.2416958477e-01    5.8590356715e-01    3.3179334769e-01   -2.3032628531e+00    2.6484690162e-02    1.2000000000e+01    5.1969250762e-05    1.0000000000e+00
       154   -8.2042426923e-01    6.7750497489e-01   -1.2444711101e+00    4.2404684087e-01    5.3061943761e-01    3.3179334769e-01   -2.1233687828e+00    1.6484887402e-02    1.2000000000e+01    5.5104249441e-05    9.1666666667e-01
       155   -8.0601320894e-01    6.5611623060e-01   -1.5310995968e+00    7.2508638785e-01    4.1605540449e-01    3.3179334769e-01   -2.2860970891e+00    7.1487401564e-03    1.2000000000e+01    5.2882250202e-05    9.5833333333e-01
       156   -7.7872208130e-01    6.0917416714e-01   -1.7581247196e+00    9.7940263832e-01    4.8393076943e-01    3.3179334769e-01   -2.5824953136e+00    8.6464768829e-03    1.2000000000e+01    4.9878000482e-05    1.0000000000e+00
       157   -8.8113472056e-01    7.8506776172e-01   -1.5947138943e+00    7.1357917369e-01    7.1421563851e-01    3.3179334769e-01   -2.6431784655e+00    2.4555850633e-03    1.2000000000e+01    5.9577499997e-05    9.5833333333e-01
       158   -8.1634107355e-01    6.7364071564e-01   -1.5073166534e+00    6.9097557983e-01    6.2085068509e-01    3.3179334769e-01   -2.4619438614e+00    1.9831752437e-03    1.2000000000e+01    4.3036499846e-05    1.0000000000e+00
       159   -7.4255649365e-01    5.5874249876e-01   -1.9833326505e+00    1.2407761569e+00    6.2924332621e-01    3.3179334769e-01   -2.9448242137e+00    4.5488928076e-04    1.2000000000e+01    5.1869250001e-05    9.5833333333e-01
       160   -7.4692326384e-01    5.6489291388e-01   -1.7189204286e+00    9.7199716476e-01    5.0680307614e-01    3.3179334769e-01   -2.5576825180e+00    1.6566560576e-04    1.2000000000e+01    4.0851500671e-05    1.0000000000e+00
       161   -7.7556171532e-01    6.0355523710e-01   -1.6405205941e+00    8.6495887878e-01    4.8949564123e-01    3.3179334769e-01   -2.4635595221e+00    1.7499390428e-03    1.2000000000e+01    4.3883750550e-05    9.5833333333e-01
       162   -7.4968064727e-01    5.6648564500e-01   -1.6261581786e+00    8.7647753130e-01    4.4794394348e-01    3.3179334769e-01   -2.4120365404e+00    6.1410706143e-03    1.2000000000e+01    4.0186750539e-05    9.5833333333e-01
       163   -7.4545737912e-01    5.6054016395e-01   -1.7334871408e+00    9.8802976168e-01    4.5916543074e-01    3.3179334769e-01   -2.5260117183e+00    1.5657991072e-03    1.2000000000e+01    4.6470249799e-05    9.1666666667e-01
       164   -7.6516377115e-01    5.9218919269e-01   -1.6009366198e+00    8.3577284869e-01    4.8485641482e-01    3.3179334769e-01   -2.4235047331e+00    5.9183507592e-03    1.2000000000e+01    4.6017999921e-05    1.0000000000e+00
       165   -7.8662992921e-01    6.3502200148e-01   -1.7666677784e+00    9.8003784924e-01    5.9013780169e-01    3.3179334769e-01   -2.7083010515e+00    1.9702123631e-02    1.2000000000e+01    5.2263000271e-05    1.0000000000e+00
       166   -7.7473744701e-01    6.0761344757e-01   -1.5973543808e+00    8.2261693379e-01    4.8950308189e-01    3.3179334769e-01   -2.4260283987e+00    7.3775883299e-03    1.2000000000e+01    5.3342749652e-05    1.0000000000e+00
       167   -8.0233449198e-01    6.4778154372e-01   -1.9225702411e+00    1.1202357491e+00    5.2868789819e-01    3.3179334769e-01   -2.8086950698e+00    2.5643582830e-02    1.2000000000e+01    5.3082249906e-05    1.0000000000e+00
       168   -8.1122797556e-01    6.6127582948e-01   -1.5019158161e+00    6.9068784054e-01    6.7699608085e-01    3.3179334769e-01   -2.5245782290e+00    1.3872984371e-02    1.2000000000e+01    4.6499000291e-05    9.5833333333e-01
       169   -8.0424078849e-01    6.4828278920e-01   -1.4075168875e+00    6.0327609905e-01    6.7843481013e-01    3.3179334769e-01   -2.4844137905e+00    6.6668745118e-02    1.2000000000e+01    5.3082000250e-05    1.0000000000e+00
       170   -7.8501137559e-01    6.2046844539e-01   -1.7918733007e+00    1.0068619251e+00    5.1388208816e-01    3.3179334769e-01   -2.8174446145e+00    1.7989587797e-01    1.2000000000e+01    5.1352998980e-05    1.0000000000e+00
       171   -8.2341697765e-01    6.8257612143e-01   -2.0197957339e+00    1.1963787563e+00    4.8624371856e-01    3.3179334769e-01   -2.8935780379e+00    5.5745237752e-02    1.2000000000e+01    5.6644000324e-05    1.0000000000e+00
       172   -7.5483193206e-01    5.7228252687e-01   -1.5204911805e+00    7.6565924843e-01    5.3638159340e-01    3.3179334769e-01   -2.4019213875e+00    1.3255265974e-02    1.2000000000e+01    5.6988500546e-05    1.0000000000e+00
       173   -7.2294624012e-01    5.2651667600e-01   -1.9539363966e+00    1.2309901565e+00    5.0386620298e-01    3.3179334769e-01   -2.8101404791e+00    2.0544531863e-02    1.2000000000e+01    5.9778250488e-05    1.0000000000e+00
       174   -7.7348429809e-01    6.0099630959e-01   -2.1770709027e+00    1.4035866046e+00    4.5536204079e-01    3.3179334769e-01   -3.0479632012e+00    8.3736910026e-02    1.2000000000e+01    5.1437500133e-05    9.1666666667e-01
       175   -8.0977175744e-01    6.5742093800e-01   -1.8128377861e+00    1.0030660287e+00    3.9330755658e-01    3.3179334769e-01   -2.6073689376e+00    6.9430247209e-02    1.2000000000e+01    5.3896750615e-05    9.1666666667e-01
       176   -8.2436710235e-01    6.8424582714e-01   -1.5130327492e+00    6.8866564689e-01    4.0957001609e-01    3.3179334769e-01   -2.3179673538e+00    6.3571240811e-02    1.2000000000e+01    4.5261500418e-05    1.0000000000e+00
       177   -8.1512636469e-01    6.7442383675e-01   -1.1834544821e+00    3.6832811740e-01    3.7231473422e-01    3.3179334769e-01   -2.2551836699e+00    3.6762110587e-01    1.2000000000e+01    4.7035249736e-05    9.5833333333e-01
       178   -8.2606275888e-01    6.8457281302e-01   -1.3120571265e+00    4.8599436758e-01    3.5180439270e-01    3.3179334769e-01   -1.9980231159e+00    2.3682490851e-03    1.2000000000e+01    4.6406999900e-05    9.5833333333e-01
       179   -8.3770164318e-01    7.0229462125e-01   -1.1839276395e+00    3.4622599632e-01    3.3130668233e-01    3.3179334769e-01   -1.8507805909e+00    3.7529213783e-03    1.2000000000e+01    4.6061750254e-05    9.1666666667e-01
       180   -8.1717719199e-01    6.6996653858e-01   -1.3779049402e+00    5.6072774824e-01    3.1916600608e-01    3.3179334769e-01   -2.0372108690e+00    8.3465750219e-03    1.2000000000e+01    4.2536250476e-05    1.0000000000e+00
       181   -7.9362290555e-01    6.3157483484e-01   -1.4863261609e+00    6.9270325531e-01    3.4211779717e-01    3.3179334769e-01   -2.1675822510e+00    7.3449453142e-03    1.2000000000e+01    4.3038749936e-05    1.0000000000e+00
       182   -7.7283926084e-01    5.9780272999e-01   -1.1798820657e+00    4.0704280487e-01    3.1834607061e-01    3.3179334769e-01   -1.8727696690e+00    4.2748185018e-02    1.2000000000e+01    4.2369000312e-05    1.0000000000e+00
       183   -8.2886638376e-01    6.9551001886e-01   -2.6060290950e+00    1.7771627113e+00    4.6875199303e-01    3.3179334769e-01   -3.4378048632e+00    3.1230427483e-02    1.2000000000e+01    4.8968250212e-05    9.5833333333e-01
       184   -8.5525616359e-01    7.3899460567e-01   -1.7355541328e+00    8.8029796925e-01    4.0304857410e-01    3.3179334769e-01   -2.4960344697e+00    2.5638415078e-02    1.2000000000e+01    5.0400999498e-05    9.5833333333e-01
       185   -8.3663629598e-01    7.0354646944e-01   -1.3154277333e+00    4.7879143728e-01    4.0640088081e-01    3.3179334769e-01   -2.0760680196e+00    2.2446057871e-02    1.2000000000e+01    4.8226250328e-05    1.0000000000e+00
       186   -7.8687873180e-01    6.2157530229e-01   -1.6223675867e+00    8.3548885493e-01    3.9265806789e-01    3.3179334769e-01   -2.3608456501e+00    1.4026647847e-02    1.2000000000e+01    5.1220499245e-05    1.0000000000e+00
       187   -7.6509982419e-01    6.0621311156e-01   -1.2526661036e+00    4.8756627945e-01    3.5462332730e-01    3.3179334769e-01   -2.3982125790e+00    4.5912980041e-01    1.2000000000e+01    5.0920250487e-05    9.5833333333e-01
       188   -7.9174110193e-01    6.3257691345e-01   -1.8795476506e+00    1.0878065487e+00    3.7954538195e-01    3.3179334769e-01   -2.8684149238e+00    2.7752854357e-01    1.2000000000e+01    5.2978249641e-05    1.0000000000e+00
       189   -7.7300401955e-01    5.9891902377e-01   -1.3634172163e+00    5.9041319674e-01    3.2200099049e-01    3.3179334769e-01   -2.3883233461e+00    3.7111179159e-01    1.2000000000e+01    5.4167749568e-05    1.0000000000e+00
       190   -7.4301833494e-01    5.5766404867e-01   -1.2223262992e+00    4.7930796423e-01    3.1075302966e-01    3.3179334769e-01   -2.2629397477e+00    3.9806707123e-01    1.2000000000e+01    5.2742250318e-05    9.5833333333e-01
       191   -7.9496750246e-01    6.3411127962e-01   -1.2544464994e+00    4.5947899697e-01    3.1921903601e-01    3.3179334769e-01   -2.1649324992e+00    2.5947361610e-01    1.2000000000e+01    5.1580750096e-05    9.5833333333e-01
       192   -8.2887278621e-01    6.9111450931e-01   -1.4536325369e+00    6.2475975066e-01    3.4886315936e-01    3.3179334769e-01   -2.3705352004e+00    2.3624615644e-01    1.2000000000e+01    5.8029250340e-05    1.0000000000e+00
       193   -7.9860726853e-01    6.4191171102e-01   -1.9491894861e+00    1.1505822176e+00    3.2951067104e-01    3.3179334769e-01   -2.6147527226e+00    4.2592177401e-03    1.2000000000e+01    4.8528749630e-05    9.5833333333e-01
       194   -7.8356634135e-01    6.1484884261e-01   -1.2070987415e+00    4.2353240019e-01    3.0233946558e-01    3.3179334769e-01   -1.8474707143e+00    6.2391595359e-03    1.2000000000e+01    4.1493750359e-05    1.0000000000e+00
       195   -7.8032265638e-01    6.1016771977e-01   -1.0410287920e+00    2.6070613562e-01    2.8903378803e-01    3.3179334769e-01   -1.6632712443e+00    1.4153166101e-03    1.2000000000e+01    3.5559499793e-05    1.0000000000e+00
       196   -7.6369221214e-01    5.8526207839e-01   -1.1266883858e+00    3.6299617364e-01    3.0363306554e-01    3.3179334769e-01   -1.7717253214e+00    9.6105223740e-03    1.2000000000e+01    3.7804499698e-05    9.5833333333e-01
       197   -7.7373845004e-01    5.9911374128e-01   -1.1365763887e+00    3.6283793871e-01    3.0733246238e-01    3.3179334769e-01   -1.7884928334e+00    1.2790634594e-02    1.2000000000e+01    4.0248999994e-05    1.0000000000e+00
       198   -7.8178768358e-01    6.1364749035e-01   -1.3152623589e+00    5.3347467531e-01    4.3189930186e-01    3.3179334769e-01   -2.0995829632e+00    2.0627954723e-02    1.2000000000e+01    4.2431500333e-05    1.0000000000e+00
       199   -7.9802198796e-01    6.3904951489e-01   -1.2887830236e+00    4.9076103568e-01    4.1604273862e-01    3.3179334769e-01   -2.0417717578e+00    5.1526478901e-03    1.2000000000e+01    4.4032250571e-05    9.1666666667e-01
