#   index    LocalEnergy         LocalEnergy_sq      LocalPotential      Kinetic             ElecElec            IonIon              LocalECP            NonLocalECP         BlockWeight         BlockCPU            AcceptRatio         
         0   -7.4591524829e-01    5.6312021793e-01   -1.3123166048e+00    5.6640135648e-01    4.3977571430e-01    3.3179334769e-01   -2.0871942148e+00    3.3085480414e-03    1.2000000000e+01    4.6542500058e-05    1.0000000000e+00
         1   -7.4304121584e-01    5.5714155408e-01   -1.8988985138e+00    1.1558572980e+00    5.1530401886e-01    3.3179334769e-01   -2.7468168533e+00    8.2097289937e-04    1.2000000000e+01    5.0850000207e-05    1.0000000000e+00
         2   -7.7365885137e-01    6.0870130796e-01   -2.5676357301e+00    1.7939768787e+00    5.6347011550e-01    3.3179334769e-01   -3.4631268300e+00    2.2763680123e-04    1.2000000000e+01    3.8645249788e-05    9.5833333333e-01
         3   -7.8705972413e-01    6.2915376587e-01   -1.4746951878e+00    6.8763546366e-01    4.3394974298e-01    3.3179334769e-01   -2.2404686686e+00    3.0390152841e-05    1.2000000000e+01    3.6607499624e-05    1.0000000000e+00
         4   -7.8281739747e-01    6.2170012624e-01   -1.5827414337e+00    7.9992403621e-01    4.2702606222e-01    3.3179334769e-01   -2.3416058137e+00    4.4970071322e-05    1.2000000000e+01    4.0449499465e-05    9.5833333333e-01
         5   -8.0288034004e-01    6.4894232129e-01   -1.5161171306e+00    7.1323679060e-01    3.5718695975e-01    3.3179334769e-01   -2.2051401970e+00    4.2758916383e-05    1.2000000000e+01    4.6658250085e-05    1.0000000000e+00
         6   -7.9894283141e-01    6.4140579552e-01   -1.3138764271e+00    5.1493359566e-01    4.0612266518e-01    3.3179334769e-01   -2.0519207836e+00    1.2834366862e-04    1.2000000000e+01    3.1044250136e-05    9.1666666667e-01
         7   -7.6509652381e-01    5.8728007547e-01   -1.0654310187e+00    3.0033449494e-01    2.9061556953e-01    3.3179334769e-01   -1.6878599984e+00    2.0062443689e-05    1.2000000000e+01    3.1610750284e-05    1.0000000000e+00
         8   -7.6597639472e-01    5.9067800276e-01   -9.1226019934e-01    1.4628380462e-01    2.7543523302e-01    3.3179334769e-01   -1.5197862621e+00    2.9748206939e-04    1.2000000000e+01    3.1526999919e-05    1.0000000000e+00
         9   -7.3989987161e-01    5.5044736625e-01   -1.1901478384e+00    4.5024796675e-01    3.0563174668e-01    3.3179334769e-01   -1.8372636217e+00    9.6906889611e-03    1.2000000000e+01    3.4131249777e-05    1.0000000000e+00
        10   -7.6700880922e-01    5.9040383541e-01   -1.2676885054e+00    5.0067969621e-01    3.3525135847e-01    3.3179334769e-01   -1.9347878508e+00    5.4639242920e-05    1.2000000000e+01    3.2032750369e-05    9.1666666667e-01
        11   -7.7532762221e-01    6.0186130153e-01   -1.1588638046e+00    3.8353618234e-01    3.1888452520e-01    3.3179334769e-01   -1.8095681535e+00    2.6476070366e-05    1.2000000000e+01    3.6809250560e-05    1.0000000000e+00
        12   -7.9805309865e-01    6.3823492754e-01   -1.0316428389e+00    2.3358974029e-01    3.0540316756e-01    3.3179334769e-01   -1.6689343469e+00    9.4992738902e-05    1.2000000000e+01    4.0095999793e-05    9.5833333333e-01
        13   -7.7915630445e-01    6.0896648908e-01   -1.1198756641e+00    3.4071935968e-01    4.0258245791e-01    3.3179334769e-01   -1.8557696590e+00    1.5181893136e-03    1.2000000000e+01    3.3565000194e-05    1.0000000000e+00
        14   -7.7482896803e-01    6.0311635269e-01   -1.1139292769e+00    3.3910030884e-01    3.8793663907e-01    3.3179334769e-01   -1.8379945054e+00    4.3352417972e-03    1.2000000000e+01    3.3884999993e-05    1.0000000000e+00
        15   -7.4296623738e-01    5.5299170088e-01   -1.0584524407e+00    3.1548620334e-01    3.7647701378e-01    3.3179334769e-01   -1.7684405247e+00    1.7177224979e-03    1.2000000000e+01    4.0174000333e-05    1.0000000000e+00
        16   -7.6445732997e-01    5.8540019416e-01   -1.1712413558e+00    4.0678402585e-01    3.3068516525e-01    3.3179334769e-01   -1.8349009427e+00    1.1810738953e-03    1.2000000000e+01    4.2364250476e-05    9.5833333333e-01
        17   -7.6656057133e-01    5.8908944327e-01   -1.3524952026e+00    5.8593463123e-01    3.4572341838e-01    3.3179334769e-01   -2.0307444931e+00    7.3252451616e-04    1.2000000000e+01    3.9009499687e-05    9.5833333333e-01
        18   -7.8131966993e-01    6.1101010294e-01   -1.3244463934e+00    5.4312672345e-01    3.1685168652e-01    3.3179334769e-01   -1.9732003996e+00    1.0897201152e-04    1.2000000000e+01    3.8901999687e-05    9.5833333333e-01
        19   -8.2998548925e-01    6.8974655528e-01   -1.0199597351e+00    1.8997424581e-01    3.7932237938e-01    3.3179334769e-01   -1.7311193818e+00    4.3919622481e-05    1.2000000000e+01    3.0221749967e-05    1.0000000000e+00
        20   -8.5961180700e-01    7.4397438021e-01   -9.4091094335e-01    8.1299136350e-02    4.0309928125e-01    3.3179334769e-01   -1.6759191494e+00    1.1557710154e-04    1.2000000000e+01    3.4997000057e-05    1.0000000000e+00
        21   -8.1355023342e-01    6.7263090732e-01   -1.1687348038e+00    3.5518457040e-01    3.6014932112e-01    3.3179334769e-01   -1.8620267368e+00    1.3492641799e-03    1.2000000000e+01    4.5720500566e-05    1.0000000000e+00
        22   -7.7434685374e-01    6.0260115915e-01   -9.1049451793e-01    1.3614766419e-01    2.6084269120e-01    3.3179334769e-01   -1.5138760812e+00    1.0745524417e-02    1.2000000000e+01    7.5603499681e-05    9.5833333333e-01
        23   -7.2843662241e-01    5.4457584224e-01   -8.5965475648e-01    1.3121813407e-01    2.7780968981e-01    3.3179334769e-01   -1.5170820210e+00    4.7824226986e-02    1.2000000000e+01    4.6145999931e-05    1.0000000000e+00
        24   -7.1626715628e-01    5.4033253886e-01   -9.8192706613e-01    2.6565990986e-01    2.9364870791e-01    3.3179334769e-01   -1.6097299731e+00    2.3608514043e-03    1.2000000000e+01    4.2535249577e-05    1.0000000000e+00
        25   -7.3249033046e-01    5.4513826831e-01   -8.9022500329e-01    1.5773467284e-01    2.4184322240e-01    3.3179334769e-01   -1.5065087037e+00    4.2647130271e-02    1.2000000000e+01    4.8891500228e-05    1.0000000000e+00
        26   -7.2223501831e-01    5.2732142402e-01   -8.5150224483e-01    1.2926722652e-01    2.1512103209e-01    3.3179334769e-01   -1.4249128015e+00    2.6496176882e-02    1.2000000000e+01    6.1919500240e-05    1.0000000000e+00
        27   -7.3112523151e-01    5.4072503465e-01   -7.7120877451e-01    4.0083542995e-02    1.9467127018e-01    3.3179334769e-01   -1.3008996947e+00    3.2263023667e-03    1.2000000000e+01    3.9243249375e-05    1.0000000000e+00
        28   -7.7720305119e-01    6.0909095771e-01   -7.1118504469e-01   -6.6018006497e-02    1.8197312658e-01    3.3179334769e-01   -1.2313134729e+00    6.3619538923e-03    1.2000000000e+01    3.6035249650e-05    1.0000000000e+00
        29   -7.1940597756e-01    5.4865670746e-01   -6.6672564321e-01   -5.2680334351e-02    1.9232431399e-01    3.3179334769e-01   -1.1925627156e+00    1.7194107075e-03    1.2000000000e+01    3.4356250126e-05    1.0000000000e+00
        30   -7.1189789876e-01    5.2650435271e-01   -6.7086427736e-01   -4.1033621394e-02    2.0877740059e-01    3.3179334769e-01   -1.2178473404e+00    6.4123147541e-03    1.2000000000e+01    6.1811249907e-05    1.0000000000e+00
        31   -7.3173824386e-01    5.4525836873e-01   -9.8516894999e-01    2.5343070613e-01    2.3487868719e-01    3.3179334769e-01   -1.5540751564e+00    2.2341715134e-03    1.2000000000e+01    5.9443500049e-05    9.5833333333e-01
        32   -7.2671409785e-01    5.3903457091e-01   -9.7855370480e-01    2.5183960695e-01    2.6799331998e-01    3.3179334769e-01   -1.5786534738e+00    3.1310136927e-04    1.2000000000e+01    4.0399249883e-05    1.0000000000e+00
        33   -7.6525400993e-01    5.9984275363e-01   -9.8473727927e-01    2.1948326934e-01    2.8255247508e-01    3.3179334769e-01   -1.6002340728e+00    1.1509707589e-03    1.2000000000e+01    3.5617999856e-05    1.0000000000e+00
        34   -7.7026501817e-01    6.0105650657e-01   -7.7001519818e-01   -2.4981999569e-04    3.2656737662e-01    3.3179334769e-01   -1.4284524060e+00    7.6483516248e-05    1.2000000000e+01    4.8461999540e-05    1.0000000000e+00
        35   -7.3400956881e-01    5.4646044283e-01   -6.7933547778e-01   -5.4674091029e-02    3.0213208151e-01    3.3179334769e-01   -1.3136023788e+00    3.4147177704e-04    1.2000000000e+01    3.4720250369e-05    1.0000000000e+00
        36   -7.5105751059e-01    5.7208711473e-01   -6.6042401209e-01   -9.0633498498e-02    3.3867029798e-01    3.3179334769e-01   -1.3457439789e+00    1.4856321161e-02    1.2000000000e+01    3.0639749639e-05    9.1666666667e-01
        37   -7.4173984292e-01    5.5769091306e-01   -6.3711997708e-01   -1.0461986584e-01    3.3084927126e-01    3.3179334769e-01   -1.3012765057e+00    1.5139096361e-03    1.2000000000e+01    2.9515749702e-05    1.0000000000e+00
        38   -7.2452882154e-01    5.2793192486e-01   -6.3432234183e-01   -9.0206479712e-02    3.1893106535e-01    3.3179334769e-01   -1.2852423720e+00    1.9561718289e-04    1.2000000000e+01    3.3103750411e-05    1.0000000000e+00
        39   -7.5310730226e-01    5.7406892467e-01   -6.9502417179e-01   -5.8083130472e-02    4.3843035805e-01    3.3179334769e-01   -1.4655518410e+00    3.0396349804e-04    1.2000000000e+01    3.8987000153e-05    1.0000000000e+00
        40   -7.7191294433e-01    6.0145622669e-01   -7.9735677180e-01    2.5443827473e-02    4.1057620648e-01    3.3179334769e-01   -1.5408350850e+00    1.1087590746e-03    1.2000000000e+01    3.4185999993e-05    1.0000000000e+00
        41   -7.5084657088e-01    5.7129786601e-01   -1.3415289540e+00    5.9068238315e-01    3.6203257623e-01    3.3179334769e-01   -2.0550740065e+00    1.9719128579e-02    1.2000000000e+01    3.5580749682e-05    9.5833333333e-01
        42   -7.9106474884e-01    6.3951713464e-01   -1.4010829286e+00    6.1001817980e-01    3.7761558185e-01    3.3179334769e-01   -2.1638385274e+00    5.3346669262e-02    1.2000000000e+01    3.7396499920e-05    9.5833333333e-01
        43   -7.6854667398e-01    5.9934652312e-01   -1.0769676036e+00    3.0842092965e-01    3.8242635090e-01    3.3179334769e-01   -1.9017184276e+00    1.1053112542e-01    1.2000000000e+01    3.7330499708e-05    1.0000000000e+00
        44   -7.5781451956e-01    5.7991521312e-01   -1.0110058887e+00    2.5319136917e-01    3.5713286725e-01    3.3179334769e-01   -1.8269419113e+00    1.2700980765e-01    1.2000000000e+01    4.0678000005e-05    1.0000000000e+00
        45   -7.5435550010e-01    5.7458820432e-01   -8.1449389902e-01    6.0138398919e-02    3.6644531662e-01    3.3179334769e-01   -1.5276381100e+00    1.4905546638e-02    1.2000000000e+01    4.9779750043e-05    1.0000000000e+00
        46   -7.3022907898e-01    5.4492024925e-01   -7.0710735184e-01   -2.3121727139e-02    4.6359724159e-01    3.3179334769e-01   -1.5123586549e+00    9.8607137361e-03    1.2000000000e+01    4.7544500376e-05    1.0000000000e+00
        47   -7.4553086085e-01    5.8891190369e-01   -2.8012132874e-01   -4.6540953211e-01    7.9177246437e-01    3.3179334769e-01   -1.6472421856e+00    2.4355504482e-01    1.2000000000e+01    4.4095500016e-05    1.0000000000e+00
        48   -7.7882597580e-01    6.2118814407e-01   -4.7874818086e-01   -3.0007779494e-01    5.1279673718e-01    3.3179334769e-01   -1.8194817547e+00    4.9614348895e-01    1.2000000000e+01    4.8987249556e-05    1.0000000000e+00
        49   -7.6612493047e-01    5.9315936901e-01   -8.6476988163e-01    9.8644951160e-02    3.7365514140e-01    3.3179334769e-01   -2.0599558487e+00    4.8973747802e-01    1.2000000000e+01    5.6790750023e-05    9.1666666667e-01
        50   -7.8392522448e-01    6.1976623925e-01   -8.8930872853e-01    1.0538350405e-01    3.2822505649e-01    3.3179334769e-01   -2.0176912933e+00    4.6836416060e-01    1.2000000000e+01    5.1003750286e-05    1.0000000000e+00
        51   -7.9856030257e-01    6.4176537577e-01   -1.0766608816e+00    2.7810057907e-01    3.3751858507e-01    3.3179334769e-01   -1.8666699410e+00    1.2069712664e-01    1.2000000000e+01    4.7215500217e-05    9.5833333333e-01
        52   -8.0813715760e-01    6.5556569970e-01   -1.3361491266e+00    5.2801196897e-01    5.2439513464e-01    3.3179334769e-01   -2.2347960270e+00    4.2458418111e-02    1.2000000000e+01    4.9491750360e-05    9.5833333333e-01
        53   -7.9156124180e-01    6.3847689210e-01   -9.8022408138e-01    1.8866283958e-01    7.9922665416e-01    3.3179334769e-01   -2.2317574009e+00    1.2051331766e-01    1.2000000000e+01    4.4818750212e-05    9.5833333333e-01
        54   -7.8974886098e-01    6.2805890101e-01   -1.0675175350e+00    2.7776867398e-01    5.3681336682e-01    3.3179334769e-01   -2.0101776582e+00    7.4053408702e-02    1.2000000000e+01    4.1418749788e-05    1.0000000000e+00
        55   -7.7538008326e-01    6.0393804008e-01   -1.3466149175e+00    5.7123483423e-01    5.8278873559e-01    3.3179334769e-01   -2.3293914470e+00    6.8194446179e-02    1.2000000000e+01    3.7140499899e-05    1.0000000000e+00
        56   -8.0239156627e-01    6.4998879100e-01   -1.8433415921e+00    1.0409500258e+00    5.8690831487e-01    3.3179334769e-01   -2.8099423236e+00    4.7899068921e-02    1.2000000000e+01    4.5553500058e-05    9.1666666667e-01
        57   -8.2998906075e-01    6.9501368641e-01   -2.2686221332e+00    1.4386330725e+00    6.7075938517e-01    3.3179334769e-01   -3.2909620901e+00    1.9787223967e-02    1.2000000000e+01    4.5306750053e-05    9.5833333333e-01
        58   -7.8862223534e-01    6.2808900841e-01   -1.4067323106e+00    6.1811007527e-01    7.4802171496e-01    3.3179334769e-01   -2.4893874568e+00    2.8400835592e-03    1.2000000000e+01    4.3936999646e-05    1.0000000000e+00
        59   -7.4663216247e-01    5.6820112305e-01   -8.1226122128e-01    6.5629058819e-02    1.3058003796e+00    3.3179334769e-01   -2.4545741569e+00    4.7192082426e-03    1.2000000000e+01    3.7176749629e-05    1.0000000000e+00
        60   -7.6736145282e-01    5.9661903486e-01   -2.4487359249e+00    1.6813744721e+00    6.1527129532e-01    3.3179334769e-01   -3.3963502673e+00    5.4969943350e-04    1.2000000000e+01    4.4413500291e-05    9.5833333333e-01
        61   -7.0126859013e-01    5.0785310655e-01   -3.2812966219e+00    2.5800280318e+00    6.5560550008e-01    3.3179334769e-01   -4.2734108752e+00    4.7154055904e-03    1.2000000000e+01    5.3626500176e-05    9.1666666667e-01
        62   -7.8782693055e-01    6.2689695817e-01   -1.8820919419e+00    1.0942650113e+00    7.5099552753e-01    3.3179334769e-01   -2.9683252204e+00    3.4444033442e-03    1.2000000000e+01    4.2940750063e-05    1.0000000000e+00
        63   -8.0852696715e-01    6.6370613980e-01   -1.7363683824e+00    9.2784141520e-01    7.3212040216e-01    3.3179334769e-01   -2.8016011702e+00    1.3190379703e-03    1.2000000000e+01    3.9294000089e-05    1.0000000000e+00
        64   -7.4073007993e-01    5.5707415968e-01   -2.0500381936e+00    1.3093081137e+00    7.4284642057e-01    3.3179334769e-01   -3.1256418133e+00    9.6385148880e-04    1.2000000000e+01    3.9855249270e-05    9.5833333333e-01
        65   -7.3872936478e-01    5.4960069302e-01   -1.6107530411e+00    8.7202367630e-01    6.1488999239e-01    3.3179334769e-01   -2.5626939595e+00    5.2575783604e-03    1.2000000000e+01    4.4178499593e-05    1.0000000000e+00
        66   -7.3210102666e-01    5.4078051631e-01   -1.8742074576e+00    1.1421064309e+00    5.4409448036e-01    3.3179334769e-01   -2.8595660016e+00    1.0947071594e-01    1.2000000000e+01    5.2317499922e-05    9.5833333333e-01
        67   -7.5815009684e-01    5.7707956301e-01   -1.3842789939e+00    6.2612889707e-01    3.7785041807e-01    3.3179334769e-01   -2.1255106690e+00    3.1587909360e-02    1.2000000000e+01    5.0780249694e-05    1.0000000000e+00
        68   -7.6724310220e-01    5.9081591636e-01   -1.1958206299e+00    4.2857752766e-01    3.2529840534e-01    3.3179334769e-01   -1.9193254726e+00    6.6413089682e-02    1.2000000000e+01    5.0170500344e-05    1.0000000000e+00
        69   -7.5882007797e-01    5.7639161013e-01   -1.2211693293e+00    4.6234925129e-01    3.3231885956e-01    3.3179334769e-01   -1.9652972903e+00    8.0015753795e-02    1.2000000000e+01    5.2297999900e-05    1.0000000000e+00
        70   -7.8295461633e-01    6.1612154823e-01   -1.3388303607e+00    5.5587574433e-01    3.8100666947e-01    3.3179334769e-01   -2.1084794435e+00    5.6849065631e-02    1.2000000000e+01    5.4590499985e-05    1.0000000000e+00
        71   -8.2075000182e-01    6.7850792599e-01   -1.3346410073e+00    5.1389100544e-01    3.4968358513e-01    3.3179334769e-01   -2.1037403660e+00    8.7622425966e-02    1.2000000000e+01    5.5360249917e-05    1.0000000000e+00
        72   -8.0130659276e-01    6.4379532469e-01   -1.4810345307e+00    6.7972793795e-01    3.8897307686e-01    3.3179334769e-01   -2.2642604648e+00    6.2459509573e-02    1.2000000000e+01    5.3076749737e-05    9.5833333333e-01
        73   -7.8715671132e-01    6.2089980849e-01   -1.5053952142e+00    7.1823850286e-01    4.5876407809e-01    3.3179334769e-01   -2.3381839683e+00    4.2231328350e-02    1.2000000000e+01    5.8028749663e-05    9.1666666667e-01
        74   -7.4907843589e-01    5.6164702750e-01   -1.2677776237e+00    5.1869918777e-01    3.6512328059e-01    3.3179334769e-01   -1.9723451196e+00    7.6508676535e-03    1.2000000000e+01    4.7893750434e-05    9.5833333333e-01
        75   -7.3975593307e-01    5.5262639832e-01   -1.7147531371e+00    9.7499720405e-01    5.2090975307e-01    3.3179334769e-01   -2.5684150786e+00    9.5884069025e-04    1.2000000000e+01    4.6742499762e-05    1.0000000000e+00
        76   -7.5777418408e-01    5.8476788949e-01   -1.9084694569e+00    1.1506952729e+00    5.4416660676e-01    3.3179334769e-01   -2.7877649164e+00    3.3355050600e-03    1.2000000000e+01    4.8415500714e-05    1.0000000000e+00
        77   -7.5919453307e-01    5.8152960581e-01   -2.0544254024e+00    1.2952308694e+00    5.4602195073e-01    3.3179334769e-01   -2.9338872412e+00    1.6465403140e-03    1.2000000000e+01    3.9556000502e-05    1.0000000000e+00
        78   -7.8433266784e-01    6.1602261457e-01   -1.1178707897e+00    3.3353812182e-01    3.3495381852e-01    3.3179334769e-01   -1.7848532098e+00    2.3525392300e-04    1.2000000000e+01    2.8637749892e-05    9.5833333333e-01
        79   -7.7578135825e-01    6.0242869851e-01   -1.0619526645e+00    2.8617130621e-01    3.4184672150e-01    3.3179334769e-01   -1.7406387420e+00    5.0460083946e-03    1.2000000000e+01    3.4525500723e-05    1.0000000000e+00
        80   -7.8319344900e-01    6.1402088681e-01   -1.1937938527e+00    4.1060040370e-01    3.2370523844e-01    3.3179334769e-01   -1.8865670529e+00    3.7274614023e-02    1.2000000000e+01    3.5751000269e-05    1.0000000000e+00
        81   -7.7879731931e-01    6.0843992829e-01   -1.1750618037e+00    3.9626448436e-01    3.5862440371e-01    3.3179334769e-01   -1.9177601244e+00    5.2280569364e-02    1.2000000000e+01    3.0694250654e-05    1.0000000000e+00
        82   -7.5871174787e-01    5.7678434501e-01   -1.4093994845e+00    6.5068773663e-01    3.3545543013e-01    3.3179334769e-01   -2.0780822175e+00    1.4339551650e-03    1.2000000000e+01    3.5860499793e-05    1.0000000000e+00
        83   -7.9253818224e-01    6.2902053295e-01   -1.2603624952e+00    4.6782431292e-01    3.1236365199e-01    3.3179334769e-01   -1.9088691040e+00    4.3496091410e-03    1.2000000000e+01    3.3964749946e-05    1.0000000000e+00
        84   -7.9342055266e-01    6.3174567273e-01   -1.0873254211e+00    2.9390486849e-01    3.0075041239e-01    3.3179334769e-01   -1.9002639185e+00    1.8039473725e-01    1.2000000000e+01    3.4684500406e-05    1.0000000000e+00
        85   -8.1120866533e-01    6.6300777455e-01   -1.3345034320e+00    5.2329476671e-01    3.3778619873e-01    3.3179334769e-01   -2.0976768979e+00    9.3593919409e-02    1.2000000000e+01    2.9432999781e-05    1.0000000000e+00
        86   -8.2597751837e-01    6.8549519745e-01   -2.0491364353e+00    1.2231589170e+00    4.8327778492e-01    3.3179334769e-01   -2.8926002259e+00    2.8392657972e-02    1.2000000000e+01    5.4803749663e-05    1.0000000000e+00
        87   -7.9097054194e-01    6.3101199093e-01   -2.1825983923e+00    1.3916278504e+00    4.5094938778e-01    3.3179334769e-01   -3.0976562941e+00    1.3231516633e-01    1.2000000000e+01    4.7835750138e-05    9.1666666667e-01
        88   -7.6218829934e-01    5.8671708218e-01   -1.4220153500e+00    6.5982705070e-01    4.5701387232e-01    3.3179334769e-01   -2.3641845075e+00    1.5336193748e-01    1.2000000000e+01    6.2548000187e-05    9.5833333333e-01
        89   -7.4672724027e-01    5.6469584167e-01   -1.5457995191e+00    7.9907227884e-01    5.3356473175e-01    3.3179334769e-01   -2.5495666431e+00    1.3840904457e-01    1.2000000000e+01    5.9229749695e-05    9.5833333333e-01
        90   -7.1855473251e-01    5.2612348676e-01   -1.7800607334e+00    1.0615060009e+00    5.1416023371e-01    3.3179334769e-01   -2.6496251618e+00    2.3610847030e-02    1.2000000000e+01    4.2830750317e-05    9.5833333333e-01
        91   -7.8215940447e-01    6.1727242530e-01   -1.2931907659e+00    5.1103136145e-01    4.8583540352e-01    3.3179334769e-01   -2.2186957309e+00    1.0787621378e-01    1.2000000000e+01    4.7141250434e-05    1.0000000000e+00
        92   -7.5746546499e-01    5.7644503145e-01   -1.2310923453e+00    4.7362688029e-01    4.2258757274e-01    3.3179334769e-01   -2.0399995650e+00    5.4526299331e-02    1.2000000000e+01    4.5520250296e-05    1.0000000000e+00
        93   -7.8007971023e-01    6.1052255699e-01   -1.3887366353e+00    6.0865692510e-01    5.6608461337e-01    3.3179334769e-01   -2.2931805529e+00    6.5659565266e-03    1.2000000000e+01    4.7233249461e-05    1.0000000000e+00
        94   -7.7595216069e-01    6.1450543488e-01   -1.5790055027e+00    8.0305334202e-01    7.9251971044e-01    3.3179334769e-01   -2.7039089423e+00    5.9038143441e-04    1.2000000000e+01    4.7269750667e-05    1.0000000000e+00
        95   -7.9742109082e-01    6.5514772881e-01   -1.5928429749e+00    7.9542188412e-01    7.0060878863e-01    3.3179334769e-01   -2.6253610868e+00    1.1597549348e-04    1.2000000000e+01    5.5590250213e-05    9.5833333333e-01
        96   -8.3523406302e-01    7.0422180518e-01   -1.4347971722e+00    5.9956310920e-01    8.4654003922e-01    3.3179334769e-01   -2.6137863459e+00    6.5578680398e-04    1.2000000000e+01    3.9646250571e-05    9.1666666667e-01
        97   -8.3156074950e-01    7.0776525732e-01   -1.4494769392e+00    6.1791618966e-01    6.6570424331e-01    3.3179334769e-01   -2.4484683433e+00    1.4938131018e-03    1.2000000000e+01    4.0958250338e-05    9.1666666667e-01
        98   -7.6881447439e-01    6.1161323582e-01   -2.0275469253e+00    1.2587324510e+00    6.7867152444e-01    3.3179334769e-01   -3.0426955108e+00    4.6837133236e-03    1.2000000000e+01    4.5121750190e-05    1.0000000000e+00
        99   -7.6357916203e-01    5.9845367163e-01   -1.2784960041e+00    5.1491684208e-01    8.2238157927e-01    3.3179334769e-01   -2.4349283664e+00    2.2574353174e-03    1.2000000000e+01    5.3837750329e-05    1.0000000000e+00
       100   -7.7780414551e-01    6.0719926363e-01   -1.0831214273e+00    3.0531728176e-01    7.4456996056e-01    3.3179334769e-01   -2.1683510465e+00    8.8663109758e-03    1.2000000000e+01    5.4954999996e-05    1.0000000000e+00
       101   -7.7293927015e-01    6.0346511987e-01   -1.2060373200e+00    4.3309804987e-01    5.8114293582e-01    3.3179334769e-01   -2.1231742549e+00    4.2006513616e-03    1.2000000000e+01    4.7501499921e-05    1.0000000000e+00
       102   -7.5908304589e-01    5.8541739811e-01   -1.3546451977e+00    5.9556215182e-01    5.9997808839e-01    3.3179334769e-01   -2.2938603558e+00    7.4437219846e-03    1.2000000000e+01    4.7296500270e-05    1.0000000000e+00
       103   -7.5567354002e-01    5.9324399900e-01   -1.6431986939e+00    8.8752515392e-01    9.3857841229e-01    3.3179334769e-01   -2.9176738634e+00    4.1034094749e-03    1.2000000000e+01    5.8812749558e-05    1.0000000000e+00
       104   -7.7396753974e-01    6.0851020037e-01   -1.4673081473e+00    6.9334060751e-01    7.7853247551e-01    3.3179334769e-01   -2.5830306450e+00    5.3966745623e-03    1.2000000000e+01    4.6843249947e-05    1.0000000000e+00
       105   -7.5679938532e-01    6.1880179785e-01   -1.5258394202e+00    7.6904003489e-01    1.0848399449e+00    3.3179334769e-01   -3.0677600249e+00    1.2528731212e-01    1.2000000000e+01    4.1480250275e-05    1.0000000000e+00
       106   -7.4685537322e-01    5.7267082695e-01   -2.1511006603e+00    1.4042452870e+00    6.7275289227e-01    3.3179334769e-01   -3.3787367910e+00    2.2308989074e-01    1.2000000000e+01    4.5009001042e-05    1.0000000000e+00
       107   -7.5873909523e-01    5.8816175271e-01   -2.3601182267e+00    1.6013791315e+00    7.5186190553e-01    3.3179334769e-01   -3.5219058015e+00    7.8132321589e-02    1.2000000000e+01    5.4100749821e-05    8.7500000000e-01
       108   -7.7424951345e-01    6.1603423833e-01   -1.6714210288e+00    8.9717151538e-01    6.2369337292e-01    3.3179334769e-01   -2.6348522011e+00    7.9444516722e-03    1.2000000000e+01    5.3550750181e-05    1.0000000000e+00
       109   -7.7192108328e-01    5.9970604434e-01   -1.5991241038e+00    8.2720302051e-01    6.6446962722e-01    3.3179334769e-01   -2.5963656430e+00    9.7856426293e-04    1.2000000000e+01    4.4265249926e-05    1.0000000000e+00
       110   -7.5927111946e-01    5.7941959761e-01   -1.4293474955e+00    6.7007637603e-01    6.6779820967e-01    3.3179334769e-01   -2.4293172847e+00    3.7823182384e-04    1.2000000000e+01    4.6784750339e-05    1.0000000000e+00
       111   -8.1925938417e-01    6.7932434519e-01   -1.3516774233e+00    5.3241803910e-01    9.2593025916e-01    3.3179334769e-01   -2.6137174316e+00    4.3164014568e-03    1.2000000000e+01    4.2742499772e-05    9.1666666667e-01
       112   -8.2633186801e-01    6.9533235090e-01   -1.1729979171e+00    3.4666604907e-01    8.8864198830e-01    3.3179334769e-01   -2.3941105514e+00    6.7729832556e-04    1.2000000000e+01    4.2140250116e-05    1.0000000000e+00
       113   -7.7543100892e-01    6.0358779569e-01   -1.4297403403e+00    6.5430933138e-01    5.8039341700e-01    3.3179334769e-01   -2.3423711416e+00    4.4403662939e-04    1.2000000000e+01    4.1865000185e-05    1.0000000000e+00
       114   -7.6617844947e-01    5.8781191131e-01   -1.2989386673e+00    5.3276021780e-01    3.8743557490e-01    3.3179334769e-01   -2.0202854798e+00    2.1178898896e-03    1.2000000000e+01    3.9900249703e-05    1.0000000000e+00
       115   -7.5563523528e-01    5.7146919250e-01   -1.0380711279e+00    2.8243589263e-01    4.4387828840e-01    3.3179334769e-01   -1.8144896354e+00    7.4687133858e-04    1.2000000000e+01    3.9670499973e-05    1.0000000000e+00
       116   -7.3440161835e-01    5.4000077103e-01   -1.3086438883e+00    5.7424226993e-01    6.0162373881e-01    3.3179334769e-01   -2.2423058846e+00    2.4490985515e-04    1.2000000000e+01    3.6265249946e-05    1.0000000000e+00
       117   -7.4584053065e-01    5.5870510098e-01   -2.0074185472e+00    1.2615780166e+00    4.8121669555e-01    3.3179334769e-01   -2.8260250559e+00    5.5964654375e-03    1.2000000000e+01    3.9022750570e-05    1.0000000000e+00
       118   -7.6323417121e-01    5.8478365705e-01   -1.1468933398e+00    3.8365916862e-01    4.5469541422e-01    3.3179334769e-01   -1.9454479926e+00    1.2065890904e-02    1.2000000000e+01    7.4531499649e-05    1.0000000000e+00
       119   -8.3995346524e-01    7.2164538273e-01   -1.7652547294e+00    9.2530126413e-01    5.0451729363e-01    3.3179334769e-01   -2.6034585700e+00    1.8931993340e-03    1.2000000000e+01    4.3813499815e-05    1.0000000000e+00
       120   -8.3492705129e-01    7.0731035177e-01   -1.4805662424e+00    6.4563919113e-01    5.2124302800e-01    3.3179334769e-01   -2.3336468618e+00    4.4243647251e-05    1.2000000000e+01    4.0681749397e-05    1.0000000000e+00
       121   -7.9199945096e-01    6.2951614546e-01   -1.3978638946e+00    6.0586444360e-01    5.8990258179e-01    3.3179334769e-01   -2.3195698363e+00    1.0012284641e-05    1.2000000000e+01    4.8191249334e-05    9.5833333333e-01
       122   -7.2078013552e-01    5.2184945166e-01   -1.5575672594e+00    8.3678712390e-01    5.9700363204e-01    3.3179334769e-01   -2.4863650204e+00    7.8127193678e-07    1.2000000000e+01    3.9624500005e-05    9.5833333333e-01
       123   -6.6131788339e-01    4.4234834759e-01   -1.4840968217e+00    8.2277893832e-01    5.8910947944e-01    3.3179334769e-01   -2.4051553410e+00    1.5569212746e-04    1.2000000000e+01    4.1137999688e-05    1.0000000000e+00
       124   -6.9935987938e-01    4.9167768298e-01   -1.5877453856e+00    8.8838550624e-01    4.2098238309e-01    3.3179334769e-01   -2.3425499757e+00    2.0288593030e-03    1.2000000000e+01    5.8029750562e-05    1.0000000000e+00
       125   -7.2205174660e-01    5.2926126749e-01   -1.0190139328e+00    2.9696218619e-01    4.3191496148e-01    3.3179334769e-01   -1.7832454354e+00    5.2319347859e-04    1.2000000000e+01    7.7110500115e-05    1.0000000000e+00
       126   -7.2409028378e-01    5.3239282935e-01   -1.3125469927e+00    5.8845670891e-01    3.5915872498e-01    3.3179334769e-01   -2.0141428991e+00    1.0643833758e-02    1.2000000000e+01    5.0573500175e-05    1.0000000000e+00
       127   -7.1265881410e-01    5.1264109127e-01   -1.4631111832e+00    7.5045236909e-01    4.2152806266e-01    3.3179334769e-01   -2.2231088776e+00    6.6762840382e-03    1.2000000000e+01    7.3595249887e-05    1.0000000000e+00
       128   -7.5233003011e-01    5.6867720938e-01   -1.1249783290e+00    3.7264829891e-01    3.8280466579e-01    3.3179334769e-01   -1.9049246514e+00    6.5348308886e-02    1.2000000000e+01    5.4083750001e-05    9.5833333333e-01
       129   -7.4825182869e-01    5.6405889047e-01   -1.0165080095e+00    2.6825618084e-01    3.7319546600e-01    3.3179334769e-01   -1.7945269789e+00    7.3030155651e-02    1.2000000000e+01    5.0516000556e-05    1.0000000000e+00
       130   -7.5129320084e-01    5.6713757777e-01   -8.7828967335e-01    1.2699647252e-01    4.8109984886e-01    3.3179334769e-01   -1.6945309050e+00    3.3480350965e-03    1.2000000000e+01    4.4944250021e-05    1.0000000000e+00
       131   -7.0436570323e-01    4.9958832890e-01   -4.9265973586e-01   -2.1170596737e-01    7.4553576554e-01    3.3179334769e-01   -1.5700784070e+00    8.9557890190e-05    1.2000000000e+01    4.4685999910e-05    1.0000000000e+00
       132   -7.3345455526e-01    5.4377097655e-01   -7.8387373423e-01    5.0419178973e-02    4.3421911372e-01    3.3179334769e-01   -1.5498896965e+00    3.5008901390e-06    1.2000000000e+01    4.2459249471e-05    1.0000000000e+00
       133   -7.4535772618e-01    5.6018165767e-01   -8.8760531347e-01    1.4224758728e-01    3.4339970012e-01    3.3179334769e-01   -1.5628019103e+00    3.5490592035e-06    1.2000000000e+01    3.3898750644e-05    1.0000000000e+00
       134   -7.8771137148e-01    6.2799998389e-01   -1.0184044288e+00    2.3069305734e-01    4.0422190747e-01    3.3179334769e-01   -1.7544253582e+00    5.6741844284e-06    1.2000000000e+01    2.9496500701e-05    1.0000000000e+00
       135   -7.6637035963e-01    6.0120023752e-01   -1.1228518539e+00    3.5648149429e-01    4.7489783286e-01    3.3179334769e-01   -1.9317578678e+00    2.2148332927e-03    1.2000000000e+01    4.0650999836e-05    1.0000000000e+00
       136   -7.1964623888e-01    5.2821598273e-01   -1.2349013669e+00    5.1525512804e-01    4.0518285491e-01    3.3179334769e-01   -1.9871269361e+00    1.5249366629e-02    1.2000000000e+01    5.2670500281e-05    1.0000000000e+00
       137   -7.0384921846e-01    5.0833187237e-01   -1.1814722425e+00    4.7762302401e-01    3.7226484059e-01    3.3179334769e-01   -1.8919991637e+00    6.4687329291e-03    1.2000000000e+01    4.7767250635e-05    1.0000000000e+00
       138   -7.0345224619e-01    5.1024167299e-01   -1.0344090838e+00    3.3095683759e-01    4.4990965183e-01    3.3179334769e-01   -1.8167522274e+00    6.4014405163e-04    1.2000000000e+01    4.9171249884e-05    1.0000000000e+00
       139   -7.1000171413e-01    5.3088809036e-01   -9.0824937334e-01    1.9824765920e-01    5.6636970095e-01    3.3179334769e-01   -1.8064233962e+00    1.0974194981e-05    1.2000000000e+01    3.6198750422e-05    1.0000000000e+00
       140   -7.6269330698e-01    6.0702458702e-01   -1.1875838664e+00    4.2489055944e-01    4.3406178365e-01    3.3179334769e-01   -1.9537011639e+00    2.6216615464e-04    1.2000000000e+01    4.4278750465e-05    1.0000000000e+00
       141   -7.1925118661e-01    5.4278976966e-01   -1.2732006316e+00    5.5394944499e-01    3.4924243748e-01    3.3179334769e-01   -1.9577032012e+00    3.4667844142e-03    1.2000000000e+01    4.6491750254e-05    1.0000000000e+00
       142   -7.3221108522e-01    5.5904950654e-01   -1.2933227337e+00    5.6111164849e-01    3.5120976847e-01    3.3179334769e-01   -1.9828758378e+00    6.5499879590e-03    1.2000000000e+01    4.5651749133e-05    1.0000000000e+00
       143   -7.1162253808e-01    5.3500785448e-01   -9.6085717194e-01    2.4923463386e-01    3.6587989557e-01    3.3179334769e-01   -1.6726326064e+00    1.4102191217e-02    1.2000000000e+01    3.6740500491e-05    1.0000000000e+00
       144   -7.4033012398e-01    5.7338607519e-01   -1.4232553611e+00    6.8292523712e-01    3.5094501628e-01    3.3179334769e-01   -2.1324808007e+00    2.6487075638e-02    1.2000000000e+01    4.6769000164e-05    1.0000000000e+00
       145   -7.7295839633e-01    6.1984075087e-01   -2.1936295510e+00    1.4206711547e+00    4.9696934555e-01    3.3179334769e-01   -3.0318198987e+00    9.4276545288e-03    1.2000000000e+01    4.7724499382e-05    1.0000000000e+00
       146   -7.7207413316e-01    6.0452479308e-01   -1.6232559121e+00    8.5118177896e-01    3.7759891492e-01    3.3179334769e-01   -2.3441636048e+00    1.1515430057e-02    1.2000000000e+01    4.4022000111e-05    1.0000000000e+00
       147   -7.6099890304e-01    5.9368361963e-01   -9.8740425146e-01    2.2640534842e-01    4.3813150263e-01    3.3179334769e-01   -1.7801000444e+00    2.2770942615e-02    1.2000000000e+01    4.7109750994e-05    1.0000000000e+00
       148   -7.2760042781e-01    5.4392511779e-01   -9.3810774681e-01    2.1050731900e-01    4.9777279166e-01    3.3179334769e-01   -1.8300635875e+00    6.2389701362e-02    1.2000000000e+01    5.1212000017e-05    1.0000000000e+00
       149   -7.0925184355e-01    5.3259828561e-01   -9.4360229168e-01    2.3435044813e-01    3.6836277943e-01    3.3179334769e-01   -1.7049294478e+00    6.1171029009e-02    1.2000000000e+01    5.1115500355e-05    1.0000000000e+00
       150   -6.8027000686e-01    4.8047127788e-01   -9.0080183037e-01    2.2053182352e-01    3.6406341088e-01    3.3179334769e-01   -1.7114271374e+00    1.1476854847e-01    1.2000000000e+01    5.1159249779e-05    1.0000000000e+00
       151   -7.1674410334e-01    5.3725445360e-01   -1.2390075139e+00    5.2226341051e-01    4.4365951005e-01    3.3179334769e-01   -2.0407517189e+00    2.6291347332e-02    1.2000000000e+01    4.7347250074e-05    9.5833333333e-01
       152   -6.6726228889e-01    4.6022719412e-01   -1.1011580346e+00    4.3389574573e-01    4.4964497973e-01    3.3179334769e-01   -2.1050090609e+00    2.2241269883e-01    1.2000000000e+01    4.9567249789e-05    1.0000000000e+00
       153   -7.0068925254e-01    5.0760052928e-01   -1.1050803834e+00    4.0439113088e-01    4.4307709677e-01    3.3179334769e-01   -1.9800651442e+00    1.0011431627e-01    1.2000000000e+01    5.8338499912e-05    1.0000000000e+00
       154   -7.1765715980e-01    5.3279538677e-01   -7.9852257590e-01    8.0865416101e-02    6.6073903223e-01    3.3179334769e-01   -1.7978838294e+00    6.8288736089e-03    1.2000000000e+01    5.0442750307e-05    1.0000000000e+00
       155   -7.1625371842e-01    5.2178871554e-01   -9.8498898132e-01    2.6873526290e-01    4.8184669444e-01    3.3179334769e-01   -1.8009984979e+00    2.3694744194e-03    1.2000000000e+01    4.4234749566e-05    1.0000000000e+00
       156   -7.6604977255e-01    6.0545034462e-01   -1.5998305003e+00    8.3378072777e-01    3.3664579339e-01    3.3179334769e-01   -2.2701597793e+00    1.8901379549e-03    1.2000000000e+01    5.2480249906e-05    1.0000000000e+00
       157   -7.6100792452e-01    5.8638514553e-01   -2.6628138686e+00    1.9018059441e+00    3.0050464004e-01    3.3179334769e-01   -3.3132057507e+00    1.8093894363e-02    1.2000000000e+01    4.7137999900e-05    9.1666666667e-01
       158   -7.8601307212e-01    6.2439678798e-01   -1.8444555621e+00    1.0584424900e+00    3.4368086395e-01    3.3179334769e-01   -2.5573500107e+00    3.7420236950e-02    1.2000000000e+01    5.5989249631e-05    1.0000000000e+00
       159   -7.7761184234e-01    6.0644212201e-01   -1.5524164954e+00    7.7480465307e-01    3.1116928693e-01    3.3179334769e-01   -2.2021269821e+00    6.7478520265e-03    1.2000000000e+01    5.3128750551e-05    1.0000000000e+00
       160   -7.8433225987e-01    6.1853276091e-01   -1.3209077301e+00    5.3657547026e-01    3.2498305318e-01    3.3179334769e-01   -1.9816928851e+00    4.0087540720e-03    1.2000000000e+01    4.9743749969e-05    9.5833333333e-01
       161   -7.9372198185e-01    6.3227777669e-01   -1.7079040942e+00    9.1418211235e-01    3.0567384748e-01    3.3179334769e-01   -2.4051447922e+00    5.9773502869e-02    1.2000000000e+01    4.9711499287e-05    1.0000000000e+00
       162   -7.6398775518e-01    5.8582682493e-01   -1.0293241566e+00    2.6533640144e-01    3.2618566859e-01    3.3179334769e-01   -1.8227677391e+00    1.3546456621e-01    1.2000000000e+01    6.0393250351e-05    9.5833333333e-01
       163   -7.5671270091e-01    5.7629857982e-01   -1.3945945927e+00    6.3788189174e-01    4.2758658896e-01    3.3179334769e-01   -2.1798899019e+00    2.5915372573e-02    1.2000000000e+01    5.7224749980e-05    1.0000000000e+00
       164   -7.5386431927e-01    5.8873441265e-01   -1.0125884192e+00    2.5872409988e-01    3.3069483363e-01    3.3179334769e-01   -1.8955961659e+00    2.2051956547e-01    1.2000000000e+01    5.4668999837e-05    1.0000000000e+00
       165   -8.2986453972e-01    6.9387570735e-01   -1.2024251278e+00    3.7256058811e-01    3.5575098022e-01    3.3179334769e-01   -2.0694763318e+00    1.7950687604e-01    1.2000000000e+01    5.8301250192e-05    1.0000000000e+00
       166   -8.3489993111e-01    7.0466605929e-01   -1.5116828316e+00    6.7678290047e-01    3.6029841794e-01    3.3179334769e-01   -2.2627977025e+00    5.9023105334e-02    1.2000000000e+01    5.5063750096e-05    1.0000000000e+00
       167   -8.8760289017e-01    7.9149259298e-01   -2.6040906449e+00    1.7164877548e+00    4.5074484947e-01    3.3179334769e-01   -3.4636989188e+00    7.7070076749e-02    1.2000000000e+01    4.8855999921e-05    1.0000000000e+00
       168   -8.9284427807e-01    8.0975869047e-01   -1.5616206410e+00    6.6877636289e-01    6.0089295837e-01    3.3179334769e-01   -2.5832813617e+00    8.8974414663e-02    1.2000000000e+01    4.6343250688e-05    8.3333333333e-01
       169   -8.1927554315e-01    6.7780111626e-01   -1.2129227358e+00    3.9364719265e-01    4.6739507524e-01    3.3179334769e-01   -2.0262190131e+00    1.4107854382e-02    1.2000000000e+01    4.7137000365e-05    1.0000000000e+00
       170   -7.9506640493e-01    6.3745947578e-01   -1.2149559104e+00    4.1988950543e-01    4.9296139177e-01    3.3179334769e-01   -2.0538523709e+00    1.4141721114e-02    1.2000000000e+01    4.5105749905e-05    1.0000000000e+00
       171   -7.7339617539e-01    6.0434095794e-01   -1.3068549124e+00    5.3345873698e-01    4.7264482576e-01    3.3179334769e-01   -2.1182251125e+00    6.9320266803e-03    1.2000000000e+01    4.8206749852e-05    1.0000000000e+00
       172   -7.4026879529e-01    5.5030924879e-01   -1.2450009502e+00    5.0473215494e-01    3.6191031970e-01    3.3179334769e-01   -1.9392911903e+00    5.8657263873e-04    1.2000000000e+01    2.5820400015e-04    1.0000000000e+00
       173   -7.5162315970e-01    5.7094024752e-01   -1.1217789433e+00    3.7015578365e-01    3.4885988480e-01    3.3179334769e-01   -1.8027598413e+00    3.2766543601e-04    1.2000000000e+01    4.3880000248e-05    1.0000000000e+00
       174   -9.3249066046e-01    9.4397798295e-01   -1.9603255651e+00    1.0278349046e+00    3.4595410262e-01    3.3179334769e-01   -2.6422881605e+00    4.2151451610e-03    1.2000000000e+01    3.9867750274e-05    1.0000000000e+00
       175   -8.7596479043e-01    8.0731254404e-01   -1.4327354548e+00    5.5677066433e-01    4.2176352638e-01    3.3179334769e-01   -2.1875113424e+00    1.2190135649e-03    1.2000000000e+01    4.1414249608e-05    1.0000000000e+00
       176   -9.0003883295e-01    8.5860141536e-01   -1.4016736834e+00    5.0163485047e-01    4.7355608917e-01    3.3179334769e-01   -2.2072201604e+00    1.9704011636e-04    1.2000000000e+01    4.6543249937e-05    1.0000000000e+00
       177   -7.8442510560e-01    6.2041640516e-01   -1.0449308467e+00    2.6050574113e-01    4.0606995617e-01    3.3179334769e-01   -1.7845988021e+00    1.8046515282e-03    1.2000000000e+01    4.4213749788e-05    1.0000000000e+00
       178   -8.1999688535e-01    7.0535978138e-01   -1.1972136017e+00    3.7721671637e-01    3.5362762856e-01    3.3179334769e-01   -1.8892749785e+00    6.6404005571e-03    1.2000000000e+01    4.2045249756e-05    1.0000000000e+00
       179   -8.3201372074e-01    7.2452428612e-01   -1.4522005227e+00    6.2018680196e-01    4.1228119383e-01    3.3179334769e-01   -2.2103288918e+00    1.4053827537e-02    1.2000000000e+01    4.3946999995e-05    1.0000000000e+00
       180   -7.3809651384e-01    5.5106306782e-01   -1.4582793945e+00    7.2018288062e-01    3.3693509873e-01    3.3179334769e-01   -2.2016966053e+00    7.4688764437e-02    1.2000000000e+01    4.3799499508e-05    1.0000000000e+00
       181   -7.7338607108e-01    6.0497286646e-01   -1.3712823491e+00    5.9789627805e-01    3.7102935945e-01    3.3179334769e-01   -2.1044653390e+00    3.0360282751e-02    1.2000000000e+01    4.0482749682e-05    9.5833333333e-01
       182   -7.7705777257e-01    6.0819330303e-01   -1.2687636361e+00    4.9170586354e-01    3.0801899274e-01    3.3179334769e-01   -1.9107525308e+00    2.1765542969e-03    1.2000000000e+01    3.6030749470e-05    1.0000000000e+00
       183   -7.6776860043e-01    5.9299208511e-01   -1.7398112044e+00    9.7204260397e-01    2.9300202104e-01    3.3179334769e-01   -2.3647924098e+00    1.8583665615e-04    1.2000000000e+01    4.5080249947e-05    1.0000000000e+00
       184   -8.1390586207e-01    6.7346158949e-01   -2.4234748605e+00    1.6095689984e+00    2.9964870409e-01    3.3179334769e-01   -3.0556493740e+00    7.3246170146e-04    1.2000000000e+01    4.5919750391e-05    1.0000000000e+00
       185   -8.1000087230e-01    6.6051996081e-01   -1.8169261852e+00    1.0069253129e+00    3.2458591563e-01    3.3179334769e-01   -2.4733697006e+00    6.4252143209e-05    1.2000000000e+01    3.4664250506e-05    1.0000000000e+00
       186   -8.0616484874e-01    6.5334276310e-01   -1.6151784869e+00    8.0901363813e-01    3.5857437241e-01    3.3179334769e-01   -2.3057076958e+00    1.6148879767e-04    1.2000000000e+01    3.8158750158e-05    1.0000000000e+00
       187   -7.9181442206e-01    6.3078575748e-01   -1.9817583232e+00    1.1899439012e+00    3.2629760871e-01    3.3179334769e-01   -2.7027017423e+00    6.2852462609e-02    1.2000000000e+01    3.9830249989e-05    1.0000000000e+00
       188   -8.0713241831e-01    6.5398665847e-01   -1.4114950381e+00    6.0436261983e-01    3.2395388330e-01    3.3179334769e-01   -2.0769897586e+00    9.7474894757e-03    1.2000000000e+01    4.8713749948e-05    1.0000000000e+00
       189   -8.1521772038e-01    6.6881176195e-01   -1.3064618092e+00    4.9124408878e-01    3.8171559178e-01    3.3179334769e-01   -2.0202904521e+00    3.1970345999e-04    1.2000000000e+01    4.3463749989e-05    9.1666666667e-01
       190   -8.1031931001e-01    6.6098869333e-01   -1.2882630423e+00    4.7794373230e-01    5.3788911687e-01    3.3179334769e-01   -2.1580130391e+00    6.7532234671e-05    1.2000000000e+01    4.2939249852e-05    1.0000000000e+00
       191   -8.2054587913e-01    6.8213207102e-01   -1.2841631653e+00    4.6361728613e-01    4.6375051969e-01    3.3179334769e-01   -2.0799112168e+00    2.0418413584e-04    1.2000000000e+01    4.3879250370e-05    1.0000000000e+00
       192   -8.0977453431e-01    6.6293590450e-01   -1.4170004905e+00    6.0722595616e-01    3.9390310440e-01    3.3179334769e-01   -2.1430798511e+00    3.8290850613e-04    1.2000000000e+01    5.5716999668e-05    1.0000000000e+00
       193   -7.8856556356e-01    6.2500550093e-01   -1.3626115152e+00    5.7404595162e-01    4.0430298588e-01    3.3179334769e-01   -2.1010587780e+00    2.3509292976e-03    1.2000000000e+01    5.9664000673e-05    1.0000000000e+00
       194   -8.0185901042e-01    6.4836580306e-01   -1.3815529314e+00    5.7969392102e-01    4.4705933801e-01    3.3179334769e-01   -2.1620451614e+00    1.6395442999e-03    1.2000000000e+01    5.7097250647e-05    1.0000000000e+00
       195   -7.5183016025e-01    5.7086103515e-01   -2.0048110313e+00    1.2529808710e+00    4.9931612571e-01    3.3179334769e-01   -2.8453057178e+00    9.3852131346e-03    1.2000000000e+01    7.6468750194e-05    1.0000000000e+00
       196   -7.7107991160e-01    5.9645434878e-01   -1.0503740932e+00    2.7929418157e-01    4.6254512921e-01    3.3179334769e-01   -1.8672970255e+00    2.2584455393e-02    1.2000000000e+01    7.0272000812e-05    1.0000000000e+00
       197   -7.7078270075e-01    5.9512663159e-01   -1.1215278698e+00    3.5074516902e-01    4.5307526665e-01    3.3179334769e-01   -2.0343462664e+00    1.2794978233e-01    1.2000000000e+01    5.8431000070e-05    1.0000000000e+00
       198   -7.6169971747e-01    5.9357165442e-01   -1.4878605182e+00    7.2616080073e-01    5.0593902129e-01    3.3179334769e-01   -2.7185830598e+00    3.9299017259e-01    1.2000000000e+01    4.6600750466e-05    9.5833333333e-01
       199   -7.9956667368e-01    6.4309655693e-01   -1.4853293070e+00    6.8576263336e-01    4.2449772575e-01    3.3179334769e-01   -2.4051734698e+00    1.6355308928e-01    1.2000000000e+01    4.3179999466e-05    1.0000000000e+00
