#   index    LocalEnergy         LocalEnergy_sq      LocalPotential      Kinetic             ElecElec            IonIon              LocalECP            NonLocalECP         BlockWeight         BlockCPU            AcceptRatio         
         0   -7.9714420096e-01    6.3615133396e-01   -1.1160473058e+00    3.1890310488e-01    3.5504945737e-01    3.3179334769e-01   -1.8278225630e+00    2.4932452097e-02    1.2000000000e+01    4.2777749968e-05    1.0000000000e+00
         1   -7.7835201499e-01    6.0655014360e-01   -1.4707089428e+00    6.9235692785e-01    3.5395672118e-01    3.3179334769e-01   -2.1989320977e+00    4.2473086027e-02    1.2000000000e+01    5.0661500154e-05    1.0000000000e+00
         2   -8.0480185981e-01    6.5077817957e-01   -1.3469833363e+00    5.4218147648e-01    3.6422747538e-01    3.3179334769e-01   -2.1756565461e+00    1.3265238675e-01    1.2000000000e+01    4.2059500174e-05    9.5833333333e-01
         3   -7.6411603669e-01    5.8543489498e-01   -1.5070300853e+00    7.4291404863e-01    3.5565489144e-01    3.3179334769e-01   -2.2246693836e+00    3.0191059123e-02    1.2000000000e+01    4.2654000481e-05    1.0000000000e+00
         4   -8.4133142588e-01    7.1339722282e-01   -1.3502983526e+00    5.0896692670e-01    4.2049538033e-01    3.3179334769e-01   -2.1073906548e+00    4.8035742055e-03    1.2000000000e+01    3.9901499804e-05    1.0000000000e+00
         5   -7.8029310395e-01    6.1005780280e-01   -1.1288683742e+00    3.4857527030e-01    3.6028502009e-01    3.3179334769e-01   -1.8231804000e+00    2.2336579807e-03    1.2000000000e+01    4.3009499677e-05    9.5833333333e-01
         6   -7.7332770165e-01    5.9866981100e-01   -1.0546697032e+00    2.8134200155e-01    3.5527851361e-01    3.3179334769e-01   -1.7462388226e+00    4.4972581269e-03    1.2000000000e+01    4.3928499963e-05    1.0000000000e+00
         7   -7.7762413901e-01    6.0603563948e-01   -1.0170831198e+00    2.3945898075e-01    3.5653102687e-01    3.3179334769e-01   -1.7062868151e+00    8.7932078559e-04    1.2000000000e+01    4.7144750170e-05    1.0000000000e+00
         8   -7.4882357486e-01    5.6192868311e-01   -1.2772158486e+00    5.2839227375e-01    3.7949363238e-01    3.3179334769e-01   -1.9961917679e+00    7.6889391876e-03    1.2000000000e+01    5.0414749694e-05    1.0000000000e+00
         9   -7.7905900270e-01    6.0767847117e-01   -1.1064047950e+00    3.2734579225e-01    2.9574869436e-01    3.3179334769e-01   -1.8192594758e+00    8.5312638771e-02    1.2000000000e+01    4.7296249704e-05    1.0000000000e+00
        10   -7.7042816053e-01    5.9412804268e-01   -1.4633426199e+00    6.9291445934e-01    3.2727032723e-01    3.3179334769e-01   -2.1404274271e+00    1.8021132320e-02    1.2000000000e+01    4.9949250297e-05    9.5833333333e-01
        11   -8.0578128078e-01    6.5404865769e-01   -1.4899244175e+00    6.8414313675e-01    3.0309436665e-01    3.3179334769e-01   -2.1496501733e+00    2.4838041484e-02    1.2000000000e+01    4.8016999699e-05    1.0000000000e+00
        12   -7.6983419592e-01    5.9367246414e-01   -1.3409880627e+00    5.7115386679e-01    3.3920931595e-01    3.3179334769e-01   -2.0248161477e+00    1.2825421382e-02    1.2000000000e+01    4.6357499286e-05    9.5833333333e-01
        13   -8.1067632620e-01    6.5759571752e-01   -1.2767981304e+00    4.6612180417e-01    2.8182878684e-01    3.3179334769e-01   -1.9095298724e+00    1.9109607488e-02    1.2000000000e+01    5.9795500874e-05    1.0000000000e+00
        14   -8.1815855829e-01    6.7072908916e-01   -1.5231273790e+00    7.0496882070e-01    2.7479084841e-01    3.3179334769e-01   -2.1345973898e+00    4.8858146935e-03    1.2000000000e+01    5.0451249990e-05    1.0000000000e+00
        15   -7.9702905801e-01    6.4298571921e-01   -1.7526927142e+00    9.5566365621e-01    3.3275905679e-01    3.3179334769e-01   -2.4520612275e+00    3.4816108781e-02    1.2000000000e+01    5.1608750255e-05    1.0000000000e+00
        16   -8.0690639450e-01    6.5176598757e-01   -1.8260580064e+00    1.0191516119e+00    3.4709571828e-01    3.3179334769e-01   -2.5352873605e+00    3.0340288102e-02    1.2000000000e+01    5.3548250435e-05    1.0000000000e+00
        17   -7.9685274537e-01    6.3715012919e-01   -1.7085017361e+00    9.1164899071e-01    3.7138574920e-01    3.3179334769e-01   -2.4866406377e+00    7.4959804764e-02    1.2000000000e+01    5.4162999731e-05    9.5833333333e-01
        18   -7.9602218740e-01    6.3440169013e-01   -1.4380884109e+00    6.4206622346e-01    3.1075302848e-01    3.3179334769e-01   -2.1988993201e+00    1.1826453305e-01    1.2000000000e+01    4.0179999360e-05    1.0000000000e+00
        19   -8.0885400046e-01    6.5527336765e-01   -2.0838703735e+00    1.2750163731e+00    3.3554145540e-01    3.3179334769e-01   -2.9330080592e+00    1.8180288255e-01    1.2000000000e+01    4.2923250476e-05    9.1666666667e-01
        20   -7.8971206518e-01    6.2418283522e-01   -1.5334090019e+00    7.4369693675e-01    3.6856410420e-01    3.3179334769e-01   -2.2953011421e+00    6.1534688223e-02    1.2000000000e+01    4.6401749842e-05    9.5833333333e-01
        21   -7.9350403483e-01    6.3102972092e-01   -1.6006361401e+00    8.0713210531e-01    3.9115083830e-01    3.3179334769e-01   -2.3547376932e+00    3.1157367099e-02    1.2000000000e+01    4.4659499963e-05    1.0000000000e+00
        22   -8.0793030950e-01    6.5578303485e-01   -1.2388347041e+00    4.3090439457e-01    8.2286192034e-01    3.3179334769e-01   -2.4024633184e+00    8.9733463017e-03    1.2000000000e+01    4.7479999921e-05    1.0000000000e+00
        23   -7.8798158502e-01    6.3999628036e-01   -1.3857225077e+00    5.9774092264e-01    8.5800991652e-01    3.3179334769e-01   -2.6064847512e+00    3.0958979325e-02    1.2000000000e+01    4.2940000185e-05    1.0000000000e+00
        24   -7.8933636928e-01    6.5000157079e-01   -1.1861033902e+00    3.9676702090e-01    6.9937776156e-01    3.3179334769e-01   -2.4719835428e+00    2.5470904343e-01    1.2000000000e+01    5.3041750107e-05    1.0000000000e+00
        25   -7.3998596820e-01    5.5245980018e-01   -1.5260656263e+00    7.8607965806e-01    4.7881528729e-01    3.3179334769e-01   -2.3542277093e+00    1.7553448081e-02    1.2000000000e+01    4.4249000439e-05    1.0000000000e+00
        26   -8.2578446600e-01    6.8815011144e-01   -1.3200373629e+00    4.9425289686e-01    6.0944226559e-01    3.3179334769e-01   -2.2754999937e+00    1.4227017563e-02    1.2000000000e+01    4.2367500100e-05    1.0000000000e+00
        27   -7.9651822318e-01    6.3652702454e-01   -1.3744608333e+00    5.7794261007e-01    5.8088999328e-01    3.3179334769e-01   -2.3278435518e+00    4.0699377534e-02    1.2000000000e+01    4.4336249630e-05    1.0000000000e+00
        28   -8.2030118868e-01    6.7847556177e-01   -1.6563657514e+00    8.3606456268e-01    5.9791877070e-01    3.3179334769e-01   -2.6371547791e+00    5.1076909303e-02    1.2000000000e+01    4.5286749810e-05    1.0000000000e+00
        29   -7.8229221289e-01    6.1487680697e-01   -1.3267175753e+00    5.4442536244e-01    4.0934004633e-01    3.3179334769e-01   -2.3447252110e+00    2.7687424166e-01    1.2000000000e+01    4.3186249968e-05    9.5833333333e-01
        30   -7.7227847484e-01    5.9823434720e-01   -1.5658561479e+00    7.9357767309e-01    4.4475988373e-01    3.3179334769e-01   -2.3914943536e+00    4.9084974282e-02    1.2000000000e+01    4.8522499583e-05    1.0000000000e+00
        31   -7.7494241672e-01    6.0336909333e-01   -1.5611619038e+00    7.8621948705e-01    4.1972986169e-01    3.3179334769e-01   -2.4089009530e+00    9.6215839844e-02    1.2000000000e+01    5.5631749547e-05    1.0000000000e+00
        32   -7.9505976395e-01    6.3531060737e-01   -1.6926095638e+00    8.9754979981e-01    3.0377054004e-01    3.3179334769e-01   -2.3314494853e+00    3.2760338217e-03    1.2000000000e+01    4.2897249841e-05    1.0000000000e+00
        33   -7.6303182445e-01    5.8282576439e-01   -1.3529134550e+00    5.8988163052e-01    2.8895042966e-01    3.3179334769e-01   -1.9737487893e+00    9.1556956071e-05    1.2000000000e+01    3.9664000269e-05    1.0000000000e+00
        34   -7.7917879210e-01    6.0838616751e-01   -1.5633009277e+00    7.8412213558e-01    3.1106153074e-01    3.3179334769e-01   -2.2063650976e+00    2.0929144942e-04    1.2000000000e+01    3.6167250528e-05    9.5833333333e-01
        35   -8.0325069201e-01    6.4980426404e-01   -1.4233684553e+00    6.2011776330e-01    3.1066342775e-01    3.3179334769e-01   -2.0665007446e+00    6.7551386109e-04    1.2000000000e+01    4.4897749376e-05    9.5833333333e-01
        36   -7.9325038862e-01    6.3118178051e-01   -1.2846259787e+00    4.9137559005e-01    2.9467651721e-01    3.3179334769e-01   -1.9111297809e+00    3.3937362355e-05    1.2000000000e+01    5.5412750044e-05    1.0000000000e+00
        37   -8.0211328999e-01    6.4411993518e-01   -1.0464486103e+00    2.4433532033e-01    2.8323003208e-01    3.3179334769e-01   -1.6621970840e+00    7.2509395264e-04    1.2000000000e+01    7.4919249982e-05    1.0000000000e+00
        38   -7.9079314570e-01    6.2619525734e-01   -1.0902995328e+00    2.9950638709e-01    3.1417415608e-01    3.3179334769e-01   -1.7535599510e+00    1.7292914436e-02    1.2000000000e+01    5.9440249970e-05    1.0000000000e+00
        39   -8.1803276661e-01    6.6993580725e-01   -9.1005332172e-01    9.2020555110e-02    5.5410272093e-01    3.3179334769e-01   -1.8103745973e+00    1.4425206915e-02    1.2000000000e+01    4.4482250360e-05    1.0000000000e+00
        40   -7.9487447197e-01    6.3264867390e-01   -1.2850533734e+00    4.9017890140e-01    3.5824591978e-01    3.3179334769e-01   -1.9763168021e+00    1.2241613116e-03    1.2000000000e+01    5.1169750350e-05    9.5833333333e-01
        41   -8.5961944557e-01    7.4498888810e-01   -1.9675081303e+00    1.1078886847e+00    3.9583535091e-01    3.3179334769e-01   -2.7273309237e+00    3.2194094804e-02    1.2000000000e+01    4.1861250338e-05    9.5833333333e-01
        42   -8.0168635301e-01    6.5480270652e-01   -1.6044696404e+00    8.0278328737e-01    3.1894131489e-01    3.3179334769e-01   -2.2898522034e+00    3.4647900420e-02    1.2000000000e+01    4.3259749873e-05    1.0000000000e+00
        43   -7.5018219274e-01    5.8215460335e-01   -1.3955150449e+00    6.4533285216e-01    3.4443908582e-01    3.3179334769e-01   -2.0893601539e+00    1.7612675492e-02    1.2000000000e+01    4.1642750148e-05    9.5833333333e-01
        44   -7.5053779082e-01    5.7155217100e-01   -1.4538386336e+00    7.0330084282e-01    3.5681279799e-01    3.3179334769e-01   -2.1640693737e+00    2.1624594430e-02    1.2000000000e+01    4.8705749577e-05    1.0000000000e+00
        45   -8.4484496339e-01    7.6957122772e-01   -1.0919507924e+00    2.4710582903e-01    3.6703896451e-01    3.3179334769e-01   -2.0319563363e+00    2.4117323173e-01    1.2000000000e+01    4.7555250148e-05    1.0000000000e+00
        46   -8.3688728270e-01    7.4670619290e-01   -1.6704958484e+00    8.3360856575e-01    3.5734295057e-01    3.3179334769e-01   -2.8604290645e+00    5.0079691776e-01    1.2000000000e+01    4.8300250455e-05    1.0000000000e+00
        47   -7.9428990246e-01    6.4286408330e-01   -1.6937721682e+00    8.9948226578e-01    4.1472531827e-01    3.3179334769e-01   -2.6779185703e+00    2.3762773614e-01    1.2000000000e+01    5.0288749662e-05    1.0000000000e+00
        48   -7.7461901011e-01    6.0325912218e-01   -1.6269633640e+00    8.5234435392e-01    3.8524707854e-01    3.3179334769e-01   -2.4410597896e+00    9.7055999340e-02    1.2000000000e+01    4.6571999974e-05    9.5833333333e-01
        49   -7.2688417919e-01    5.3054391935e-01   -1.2043673206e+00    4.7748314143e-01    3.5568400785e-01    3.3179334769e-01   -1.9131455624e+00    2.1300886226e-02    1.2000000000e+01    6.5760750203e-05    1.0000000000e+00
        50   -9.0688976017e-01    8.8296442418e-01   -1.1761176436e+00    2.6922788338e-01    3.5752375329e-01    3.3179334769e-01   -1.8828158698e+00    1.7381125283e-02    1.2000000000e+01    6.0182749621e-05    1.0000000000e+00
        51   -8.4156599992e-01    7.4495953048e-01   -1.3415723449e+00    5.0000634500e-01    2.8174836284e-01    3.3179334769e-01   -1.9963691506e+00    4.1255095182e-02    1.2000000000e+01    4.3843000185e-05    9.5833333333e-01
        52   -8.8357698997e-01    8.2900080535e-01   -1.9514591657e+00    1.0678821757e+00    2.8419974633e-01    3.3179334769e-01   -2.5769709273e+00    9.5186675656e-03    1.2000000000e+01    5.5545249324e-05    1.0000000000e+00
        53   -7.6939960709e-01    5.9704583756e-01   -1.4200785416e+00    6.5067893452e-01    3.4627567580e-01    3.3179334769e-01   -2.0990359464e+00    8.8838125654e-04    1.2000000000e+01    5.7702749928e-05    1.0000000000e+00
        54   -7.4965537322e-01    5.6961687624e-01   -1.8536744266e+00    1.1040190534e+00    3.4220459128e-01    3.3179334769e-01   -2.5557965812e+00    2.8124215663e-02    1.2000000000e+01    1.8993674985e-04    1.0000000000e+00
        55   -8.6452605448e-01    8.1714978727e-01   -1.3998569896e+00    5.3533093513e-01    3.4802862469e-01    3.3179334769e-01   -2.4216207678e+00    3.4194180584e-01    1.2000000000e+01    5.8302999605e-05    1.0000000000e+00
        56   -8.4803057667e-01    7.2493539275e-01   -1.4277977157e+00    5.7976713903e-01    3.7442876803e-01    3.3179334769e-01   -2.2991676543e+00    1.6514782283e-01    1.2000000000e+01    4.6177250169e-05    1.0000000000e+00
        57   -8.2846646531e-01    6.9037150516e-01   -3.0786913075e+00    2.2502248422e+00    4.2914465554e-01    3.3179334769e-01   -3.8495635717e+00    9.9342609247e-03    1.2000000000e+01    4.3892000122e-05    8.7500000000e-01
        58   -7.5055934983e-01    5.7322882141e-01   -1.8636638175e+00    1.1131044676e+00    3.4617247762e-01    3.3179334769e-01   -2.5432232004e+00    1.5935576493e-03    1.2000000000e+01    4.4624500333e-05    9.5833333333e-01
        59   -7.4781241702e-01    5.6591600999e-01   -1.9551353830e+00    1.2073229660e+00    4.0796869239e-01    3.3179334769e-01   -2.6959828926e+00    1.0854694663e-03    1.2000000000e+01    4.9244500133e-05    9.5833333333e-01
        60   -7.7918877202e-01    6.1777165025e-01   -2.0086851987e+00    1.2294964267e+00    6.1457787569e-01    3.3179334769e-01   -2.9554350043e+00    3.7858224999e-04    1.2000000000e+01    4.5092499931e-05    9.5833333333e-01
        61   -8.6277906867e-01    8.4151144101e-01   -1.8455065942e+00    9.8272752556e-01    4.1939604361e-01    3.3179334769e-01   -2.6090573729e+00    1.2361387348e-02    1.2000000000e+01    3.8630749714e-05    9.5833333333e-01
        62   -7.6261721660e-01    5.8469530115e-01   -1.3242791528e+00    5.6166193618e-01    3.0035496640e-01    3.3179334769e-01   -1.9791505725e+00    2.2723105613e-02    1.2000000000e+01    4.3150500460e-05    1.0000000000e+00
        63   -7.4931921848e-01    5.6335426540e-01   -1.3244769345e+00    5.7515771601e-01    2.4690545225e-01    3.3179334769e-01   -1.9178720293e+00    1.4696294847e-02    1.2000000000e+01    4.7266250021e-05    1.0000000000e+00
        64   -8.3327617790e-01    7.3597489051e-01   -1.1119400672e+00    2.7866388935e-01    2.5583971215e-01    3.3179334769e-01   -1.7033141697e+00    3.7410426316e-03    1.2000000000e+01    4.6406500132e-05    1.0000000000e+00
        65   -7.8074085072e-01    6.1095341737e-01   -1.0946760694e+00    3.1393521872e-01    2.7428190253e-01    3.3179334769e-01   -1.7178236246e+00    1.7072304935e-02    1.2000000000e+01    5.0985000598e-05    1.0000000000e+00
        66   -7.9043840652e-01    6.3220945478e-01   -1.2400862407e+00    4.4964783418e-01    2.8192620682e-01    3.3179334769e-01   -2.1257310639e+00    2.7192526872e-01    1.2000000000e+01    4.7087250096e-05    9.5833333333e-01
        67   -1.0044798576e+00    1.1391694010e+00   -9.7209976600e-01   -3.2380091630e-02    2.5191333075e-01    3.3179334769e-01   -1.8444551402e+00    2.8864869580e-01    1.2000000000e+01    4.2146999931e-05    1.0000000000e+00
        68   -8.0360996921e-01    6.4826838168e-01   -1.0631647609e+00    2.5955479170e-01    3.1886884110e-01    3.3179334769e-01   -1.8705614201e+00    1.5673447042e-01    1.2000000000e+01    5.0866999572e-05    1.0000000000e+00
        69   -7.5862816433e-01    5.7918240140e-01   -9.1930762788e-01    1.6067946356e-01    4.3337270960e-01    3.3179334769e-01   -1.9167026569e+00    2.3222897171e-01    1.2000000000e+01    4.9939000291e-05    1.0000000000e+00
        70   -7.7317399920e-01    6.0850211167e-01   -7.6928758594e-01   -3.8864132539e-03    6.0462222257e-01    3.3179334769e-01   -1.7382979275e+00    3.2594771254e-02    1.2000000000e+01    5.3986999774e-05    9.5833333333e-01
        71   -7.4511204745e-01    5.5965508851e-01   -9.0783188104e-01    1.6271983359e-01    4.4426289929e-01    3.3179334769e-01   -1.7532404990e+00    6.9352370949e-02    1.2000000000e+01    5.0701249620e-05    9.5833333333e-01
        72   -7.6534786468e-01    5.8848182332e-01   -9.9061566846e-01    2.2526780377e-01    3.8306149205e-01    3.3179334769e-01   -1.7329898485e+00    2.7519340337e-02    1.2000000000e+01    5.1470749895e-05    1.0000000000e+00
        73   -7.4264719083e-01    5.5353863998e-01   -8.5523423554e-01    1.1258704471e-01    2.6096019774e-01    3.3179334769e-01   -1.5874014931e+00    1.3941371218e-01    1.2000000000e+01    4.4993999381e-05    1.0000000000e+00
        74   -7.5759961403e-01    5.7441805057e-01   -1.0444114710e+00    2.8681185698e-01    2.4074072670e-01    3.3179334769e-01   -1.6303141711e+00    1.3368625730e-02    1.2000000000e+01    4.6866749926e-05    1.0000000000e+00
        75   -7.7369339310e-01    5.9968630956e-01   -1.2589487714e+00    4.8525537828e-01    2.8055423091e-01    3.3179334769e-01   -1.8829284552e+00    1.1632105265e-02    1.2000000000e+01    4.9197999942e-05    1.0000000000e+00
        76   -7.5100648155e-01    5.6686899167e-01   -1.4280802630e+00    6.7707378149e-01    2.7786997350e-01    3.3179334769e-01   -2.0417957752e+00    4.0521910161e-03    1.2000000000e+01    4.6621750244e-05    1.0000000000e+00
        77   -7.7831766947e-01    6.1014195414e-01   -1.5206600349e+00    7.4234236544e-01    2.8673351508e-01    3.3179334769e-01   -2.1434757975e+00    4.2888998740e-03    1.2000000000e+01    4.8197749948e-05    1.0000000000e+00
        78   -7.2370624407e-01    5.2875976366e-01   -1.3230547075e+00    5.9934846340e-01    2.7918240990e-01    3.3179334769e-01   -1.9344163619e+00    3.8589682996e-04    1.2000000000e+01    4.1577999127e-05    9.5833333333e-01
        79   -7.2855466864e-01    5.4152640675e-01   -1.3934271163e+00    6.6487244765e-01    3.0748845751e-01    3.3179334769e-01   -2.0327615286e+00    5.2607151200e-05    1.2000000000e+01    4.0044999878e-05    1.0000000000e+00
        80   -7.5442529588e-01    5.7853961567e-01   -1.8122233168e+00    1.0577980209e+00    3.0747286734e-01    3.3179334769e-01   -2.4534207118e+00    1.9311799584e-03    1.2000000000e+01    4.5079000756e-05    1.0000000000e+00
        81   -7.9132189546e-01    6.4411301349e-01   -1.6831517090e+00    8.9182981352e-01    2.9506038965e-01    3.3179334769e-01   -2.3109399421e+00    9.3449576782e-04    1.2000000000e+01    3.7526500364e-05    1.0000000000e+00
        82   -7.0438684163e-01    5.4084064917e-01   -1.1884956891e+00    4.8410884751e-01    3.9310101755e-01    3.3179334769e-01   -1.9138409370e+00    4.5088257661e-04    1.2000000000e+01    4.1035749291e-05    1.0000000000e+00
        83   -8.3386486950e-01    7.3106430942e-01   -1.3231917128e+00    4.8932684331e-01    3.6225881852e-01    3.3179334769e-01   -2.0356989000e+00    1.8455020950e-02    1.2000000000e+01    4.4372750381e-05    9.5833333333e-01
        84   -8.8823435847e-01    8.7842130072e-01   -1.6464180840e+00    7.5818372555e-01    3.3408380250e-01    3.3179334769e-01   -2.3387211120e+00    2.6425877777e-02    1.2000000000e+01    4.7091249598e-05    1.0000000000e+00
        85   -6.9659022916e-01    4.9380459799e-01   -1.3366372550e+00    6.4004702580e-01    2.5186321483e-01    3.3179334769e-01   -1.9343197416e+00    1.4025924162e-02    1.2000000000e+01    4.4129500111e-05    1.0000000000e+00
        86   -8.4627877971e-01    7.7578713026e-01   -1.3894563475e+00    5.4317756776e-01    2.6520315535e-01    3.3179334769e-01   -1.9882099384e+00    1.7570879158e-03    1.2000000000e+01    4.4039499699e-05    1.0000000000e+00
        87   -7.8919323656e-01    6.3356612611e-01   -1.3957392712e+00    6.0654603469e-01    2.6160124968e-01    3.3179334769e-01   -2.1622184376e+00    1.7308456900e-01    1.2000000000e+01    3.5833749735e-05    9.5833333333e-01
        88   -7.7895620191e-01    6.1168313074e-01   -1.3295054798e+00    5.5054927793e-01    2.4816831548e-01    3.3179334769e-01   -2.0008961693e+00    9.1429026282e-02    1.2000000000e+01    3.6819750221e-05    1.0000000000e+00
        89   -7.6681845853e-01    5.8990987581e-01   -1.1630086006e+00    3.9619014205e-01    2.6445488850e-01    3.3179334769e-01   -1.7993395928e+00    4.0082756042e-02    1.2000000000e+01    3.4874999983e-05    9.5833333333e-01
        90   -7.6281398713e-01    5.8349573608e-01   -1.4550753482e+00    6.9226136103e-01    2.7114764208e-01    3.3179334769e-01   -2.1131182452e+00    5.5101907225e-02    1.2000000000e+01    3.6712749989e-05    9.1666666667e-01
        91   -7.3692491993e-01    5.5230079097e-01   -1.3278437955e+00    5.9091887556e-01    2.6981480352e-01    3.3179334769e-01   -2.2715745148e+00    3.4212256812e-01    1.2000000000e+01    4.0122249629e-05    1.0000000000e+00
        92   -7.8242021332e-01    6.1706809602e-01   -1.7070245856e+00    9.2460437228e-01    2.5042790162e-01    3.3179334769e-01   -2.4571416969e+00    1.6789586196e-01    1.2000000000e+01    4.0060499941e-05    1.0000000000e+00
        93   -8.1304445333e-01    6.6435426051e-01   -1.7996870877e+00    9.8664263436e-01    2.3164467332e-01    3.3179334769e-01   -2.3811766090e+00    1.8051500334e-02    1.2000000000e+01    4.4276750032e-05    1.0000000000e+00
        94   -8.3812081924e-01    7.0443463577e-01   -1.4333899765e+00    5.9526915721e-01    2.1886440961e-01    3.3179334769e-01   -2.0385328310e+00    5.4485097282e-02    1.2000000000e+01    3.7958749999e-05    9.5833333333e-01
        95   -8.1434431157e-01    6.6486152120e-01   -1.5366602132e+00    7.2231590166e-01    2.1083688427e-01    3.3179334769e-01   -2.0874689489e+00    8.1785037214e-03    1.2000000000e+01    3.8045999645e-05    1.0000000000e+00
        96   -8.0374085603e-01    6.4932038765e-01   -1.7427121384e+00    9.3897128237e-01    1.9716089423e-01    3.3179334769e-01   -2.2758644463e+00    4.1980660099e-03    1.2000000000e+01    3.1058249533e-05    1.0000000000e+00
        97   -7.9990372405e-01    6.4360736481e-01   -1.0091947333e+00    2.0929100923e-01    1.9899565859e-01    3.3179334769e-01   -1.5423425162e+00    2.3587766112e-03    1.2000000000e+01    3.8531500650e-05    9.5833333333e-01
        98   -7.7282606596e-01    6.0514727346e-01   -9.1265195771e-01    1.3982589175e-01    1.7459885225e-01    3.3179334769e-01   -1.4420758319e+00    2.3031674219e-02    1.2000000000e+01    3.8920499719e-05    1.0000000000e+00
        99   -7.3833636651e-01    5.5523605679e-01   -8.2497409421e-01    8.6637727702e-02    1.6607520021e-01    3.3179334769e-01   -1.3273752613e+00    4.5326192113e-03    1.2000000000e+01    3.7903999328e-05    9.5833333333e-01
       100   -8.5660179274e-01    7.6480035401e-01   -8.0625315313e-01   -5.0348639609e-02    1.9436543910e-01    3.3179334769e-01   -1.3341529105e+00    1.7409705446e-03    1.2000000000e+01    3.7866000639e-05    9.5833333333e-01
       101   -7.5323259043e-01    5.7857996333e-01   -7.7097524154e-01    1.7742651115e-02    1.9771825003e-01    3.3179334769e-01   -1.3051996771e+00    4.7128378825e-03    1.2000000000e+01    3.8442250570e-05    1.0000000000e+00
       102   -7.6537945470e-01    6.0034444569e-01   -9.1832162809e-01    1.5294217339e-01    2.2035335952e-01    3.3179334769e-01   -1.5324289106e+00    6.1960575315e-02    1.2000000000e+01    3.9531250422e-05    1.0000000000e+00
       103   -7.5382877874e-01    5.8045327515e-01   -1.1716120909e+00    4.1778331220e-01    2.2325619191e-01    3.3179334769e-01   -1.7374938068e+00    1.0832176257e-02    1.2000000000e+01    3.4896499983e-05    1.0000000000e+00
       104   -7.4944149507e-01    5.6533454234e-01   -1.1863159627e+00    4.3687446767e-01    2.9321500840e-01    3.3179334769e-01   -1.8121344034e+00    8.1008455184e-04    1.2000000000e+01    3.8986250274e-05    1.0000000000e+00
       105   -7.8044356246e-01    6.1582221346e-01   -1.1854193036e+00    4.0497574111e-01    2.8602152734e-01    3.3179334769e-01   -1.8039573236e+00    7.2314495771e-04    1.2000000000e+01    3.7787749534e-05    1.0000000000e+00
       106   -7.8061389723e-01    6.1606175153e-01   -1.0268052131e+00    2.4619131588e-01    2.2262114256e-01    3.3179334769e-01   -1.6508899943e+00    6.9670290977e-02    1.2000000000e+01    3.9182250475e-05    9.5833333333e-01
       107   -7.7196007976e-01    6.0368606723e-01   -1.1055279679e+00    3.3356788816e-01    2.1761135725e-01    3.3179334769e-01   -1.7575271894e+00    1.0259451655e-01    1.2000000000e+01    4.1958249312e-05    1.0000000000e+00
       108   -7.8609024992e-01    6.2616345090e-01   -1.3496911420e+00    5.6360089212e-01    2.3032317028e-01    3.3179334769e-01   -1.9188822958e+00    7.0746358081e-03    1.2000000000e+01    4.9762250001e-05    9.5833333333e-01
       109   -8.1056279830e-01    6.5891930473e-01   -1.1978919497e+00    3.8732915140e-01    2.7762274585e-01    3.3179334769e-01   -1.8116943493e+00    4.3863061001e-03    1.2000000000e+01    4.2869750359e-05    1.0000000000e+00
       110   -7.8675721160e-01    6.1985716462e-01   -1.2617423427e+00    4.7498513107e-01    3.3654219892e-01    3.3179334769e-01   -1.9378213166e+00    7.7434273387e-03    1.2000000000e+01    3.9704750179e-05    1.0000000000e+00
       111   -7.9622125412e-01    6.3601198417e-01   -1.4075809186e+00    6.1135966445e-01    4.5912834761e-01    3.3179334769e-01   -2.1996993874e+00    1.1967735628e-03    1.2000000000e+01    3.9308750274e-05    1.0000000000e+00
       112   -8.4209979562e-01    7.1246048918e-01   -1.7437153178e+00    9.0161552219e-01    5.9923932341e-01    3.3179334769e-01   -2.6783000738e+00    3.5520849119e-03    1.2000000000e+01    3.8368750666e-05    9.5833333333e-01
       113   -8.0575195746e-01    6.5185621181e-01   -1.1885979655e+00    3.8284600801e-01    7.2709462004e-01    3.3179334769e-01   -2.2490808067e+00    1.5948735301e-03    1.2000000000e+01    3.8869250147e-05    1.0000000000e+00
       114   -8.3674845530e-01    7.0418010355e-01   -1.6168189220e+00    7.8007046672e-01    5.9947758101e-01    3.3179334769e-01   -2.5508218655e+00    2.7320148122e-03    1.2000000000e+01    4.1813999815e-05    1.0000000000e+00
       115   -8.4915530705e-01    7.3026449213e-01   -1.7403937774e+00    8.9123847036e-01    5.2631917164e-01    3.3179334769e-01   -2.5987254962e+00    2.1919942554e-04    1.2000000000e+01    3.4458500522e-05    1.0000000000e+00
       116   -8.1227109240e-01    6.7180984745e-01   -1.7704849150e+00    9.5821382258e-01    6.6437847939e-01    3.3179334769e-01   -2.7666578471e+00    1.1050741686e-06    1.2000000000e+01    2.8863749776e-05    9.5833333333e-01
       117   -7.9523173390e-01    6.3667101790e-01   -1.9870850912e+00    1.1918533573e+00    6.0339294233e-01    3.3179334769e-01   -2.9230808158e+00    8.0943463858e-04    1.2000000000e+01    3.6984499729e-05    1.0000000000e+00
       118   -7.7755081706e-01    6.1351848430e-01   -1.6563620790e+00    8.7881126190e-01    7.5192223127e-01    3.3179334769e-01   -2.7401266871e+00    4.9029210685e-05    1.2000000000e+01    3.4862750454e-05    1.0000000000e+00
       119   -7.6421573215e-01    5.9442603802e-01   -1.7648728770e+00    1.0006571448e+00    6.8383436558e-01    3.3179334769e-01   -2.7805058200e+00    5.2297332863e-06    1.2000000000e+01    3.1057999877e-05    1.0000000000e+00
       120   -7.6348893062e-01    5.9172099423e-01   -1.6588243886e+00    8.9533545802e-01    6.8766193813e-01    3.3179334769e-01   -2.6783605862e+00    8.0911735449e-05    1.2000000000e+01    3.4826749925e-05    1.0000000000e+00
       121   -7.2415590630e-01    5.3316179170e-01   -2.2080719881e+00    1.4839160817e+00    5.7434211449e-01    3.3179334769e-01   -3.1146099514e+00    4.0250115769e-04    1.2000000000e+01    4.4282749968e-05    9.5833333333e-01
       122   -7.7658463679e-01    6.1548408768e-01   -2.5486326479e+00    1.7720480111e+00    6.1013862886e-01    3.3179334769e-01   -3.4922411128e+00    1.6764883476e-03    1.2000000000e+01    5.0243249461e-05    9.1666666667e-01
       123   -7.9888116965e-01    6.3999801414e-01   -2.5470249026e+00    1.7481437329e+00    5.1903814495e-01    3.3179334769e-01   -3.3989415566e+00    1.0851613631e-03    1.2000000000e+01    4.8929499826e-05    9.5833333333e-01
       124   -7.9911376888e-01    6.3943683055e-01   -1.6217143022e+00    8.2260053331e-01    3.9043315046e-01    3.3179334769e-01   -2.3446416687e+00    7.0086838011e-04    1.2000000000e+01    5.1227750191e-05    1.0000000000e+00
       125   -8.2294843831e-01    6.7921558330e-01   -1.3546792358e+00    5.3173079746e-01    3.8651082761e-01    3.3179334769e-01   -2.0739253133e+00    9.4190221334e-04    1.2000000000e+01    4.8689250434e-05    1.0000000000e+00
       126   -7.9927533864e-01    6.3981258718e-01   -1.1520148916e+00    3.5273955296e-01    2.9022480783e-01    3.3179334769e-01   -1.7741238244e+00    9.0777310663e-05    1.2000000000e+01    4.2618750285e-05    1.0000000000e+00
       127   -7.9170496828e-01    6.2880232794e-01   -1.5347249459e+00    7.4301997766e-01    3.1268724013e-01    3.3179334769e-01   -2.1792244867e+00    1.8952903115e-05    1.2000000000e+01    3.7111999973e-05    1.0000000000e+00
       128   -7.8783781401e-01    6.2426069988e-01   -2.1171413639e+00    1.3293035499e+00    3.6523082138e-01    3.3179334769e-01   -2.8142248091e+00    5.9276138038e-05    1.2000000000e+01    3.7443999645e-05    8.7500000000e-01
       129   -8.0411210285e-01    6.5017469017e-01   -2.0352478552e+00    1.2311357523e+00    3.5168763394e-01    3.3179334769e-01   -2.7187406848e+00    1.1847976262e-05    1.2000000000e+01    6.5948500378e-05    1.0000000000e+00
       130   -8.1131136599e-01    6.5912088123e-01   -1.3013446485e+00    4.9003328256e-01    2.8274841662e-01    3.3179334769e-01   -1.9159498478e+00    6.3434923694e-05    1.2000000000e+01    4.0846250613e-05    1.0000000000e+00
       131   -8.0469218913e-01    6.4980141977e-01   -1.6697434916e+00    8.6505130243e-01    3.1727748749e-01    3.3179334769e-01   -2.3189824404e+00    1.6811362868e-04    1.2000000000e+01    4.1502999920e-05    8.7500000000e-01
       132   -8.1556245203e-01    6.6655614122e-01   -1.3339993535e+00    5.1843690149e-01    3.3213947761e-01    3.3179334769e-01   -1.9989331648e+00    1.0009860144e-03    1.2000000000e+01    3.9403749724e-05    1.0000000000e+00
       133   -7.5922640263e-01    5.7928902361e-01   -1.3665744743e+00    6.0734807171e-01    3.6320019684e-01    3.3179334769e-01   -2.0631397500e+00    1.5717311382e-03    1.2000000000e+01    8.5360249614e-05    1.0000000000e+00
       134   -7.3360774258e-01    5.4059996223e-01   -1.2865531392e+00    5.5294539658e-01    3.6637821520e-01    3.3179334769e-01   -1.9940642510e+00    9.3395489678e-03    1.2000000000e+01    5.5240750044e-05    9.5833333333e-01
       135   -7.5498829567e-01    5.7238039237e-01   -1.2636079761e+00    5.0861968043e-01    3.7319524220e-01    3.3179334769e-01   -1.9749329158e+00    6.3363498533e-03    1.2000000000e+01    5.0414000270e-05    1.0000000000e+00
       136   -7.4323153406e-01    5.5414338029e-01   -1.8453394325e+00    1.1021078985e+00    3.9147609421e-01    3.3179334769e-01   -2.5709956387e+00    2.3867642929e-03    1.2000000000e+01    5.2022499858e-05    1.0000000000e+00
       137   -7.9209630450e-01    6.3975008751e-01   -2.9317722539e+00    2.1396759494e+00    6.8353268993e-01    3.3179334769e-01   -3.9488247182e+00    1.7264266528e-03    1.2000000000e+01    5.8506000187e-05    9.1666666667e-01
       138   -8.3443524491e-01    7.0679204100e-01   -2.1496013511e+00    1.3151661062e+00    7.9264663977e-01    3.3179334769e-01   -3.2850760643e+00    1.1034725750e-02    1.2000000000e+01    5.1432499731e-05    8.7500000000e-01
       139   -7.9010549266e-01    6.4605298945e-01   -1.6663686245e+00    8.7626313187e-01    9.0229101035e-01    3.3179334769e-01   -2.9153213813e+00    1.4868398730e-02    1.2000000000e+01    4.8701999731e-05    9.5833333333e-01
       140   -8.1325412494e-01    6.6984577824e-01   -1.6475157869e+00    8.3426166198e-01    4.9638071369e-01    3.3179334769e-01   -2.4793805430e+00    3.6906946893e-03    1.2000000000e+01    4.7504499435e-05    1.0000000000e+00
       141   -7.4174978782e-01    5.5436897646e-01   -1.9206245726e+00    1.1788747848e+00    4.0762205392e-01    3.3179334769e-01   -2.6736678781e+00    1.3627903809e-02    1.2000000000e+01    5.1400999382e-05    9.5833333333e-01
       142   -7.7300721842e-01    6.1322289472e-01   -2.1686511508e+00    1.3956439324e+00    5.9125137435e-01    3.3179334769e-01   -3.1312657394e+00    3.9569866504e-02    1.2000000000e+01    4.2906249746e-05    9.1666666667e-01
       143   -7.0251652392e-01    5.0209692548e-01   -1.7627183338e+00    1.0602018099e+00    5.9107004539e-01    3.3179334769e-01   -2.7488709267e+00    6.3289199862e-02    1.2000000000e+01    4.8742750550e-05    1.0000000000e+00
       144   -7.5122895304e-01    5.6630914933e-01   -1.2902170003e+00    5.3898804724e-01    3.3054873948e-01    3.3179334769e-01   -2.0006482834e+00    4.8089195911e-02    1.2000000000e+01    4.8375250117e-05    1.0000000000e+00
       145   -7.5612932485e-01    5.7346819327e-01   -1.2930676309e+00    5.3693830607e-01    3.3599037138e-01    3.3179334769e-01   -2.0059561305e+00    4.5104780561e-02    1.2000000000e+01    4.5273250635e-05    9.1666666667e-01
       146   -8.1026495990e-01    6.6156313610e-01   -1.4301236842e+00    6.1985872426e-01    4.1981137577e-01    3.3179334769e-01   -2.2520134001e+00    7.0284992499e-02    1.2000000000e+01    4.4974999128e-05    1.0000000000e+00
       147   -7.8239342744e-01    6.1671545480e-01   -1.3434231827e+00    5.6102975528e-01    3.9296880588e-01    3.3179334769e-01   -2.3305703914e+00    2.6238505511e-01    1.2000000000e+01    4.5051000598e-05    9.5833333333e-01
       148   -7.5966852939e-01    5.7934287500e-01   -1.5151622904e+00    7.5549376103e-01    4.4886352699e-01    3.3179334769e-01   -2.4023510550e+00    1.0653188989e-01    1.2000000000e+01    4.9793499784e-05    1.0000000000e+00
       149   -7.8388437821e-01    6.1565753627e-01   -1.3135512004e+00    5.2966682218e-01    4.3128636301e-01    3.3179334769e-01   -2.1150543313e+00    3.8423420199e-02    1.2000000000e+01    5.4218250170e-05    1.0000000000e+00
       150   -7.7589950126e-01    6.0333374365e-01   -1.2237553167e+00    4.4785581542e-01    4.9936339621e-01    3.3179334769e-01   -2.0745285993e+00    1.9616538705e-02    1.2000000000e+01    4.7323499984e-05    1.0000000000e+00
       151   -7.6516176113e-01    5.8881486208e-01   -1.6122299767e+00    8.4706821552e-01    4.5613987548e-01    3.3179334769e-01   -2.4191420227e+00    1.8978822906e-02    1.2000000000e+01    4.4669499857e-05    1.0000000000e+00
       152   -7.5167076751e-01    5.6813195280e-01   -1.7524732715e+00    1.0008025040e+00    4.1500529059e-01    3.3179334769e-01   -2.5168100304e+00    1.7538120664e-02    1.2000000000e+01    4.8454750868e-05    9.5833333333e-01
       153   -7.6911678467e-01    5.9426269623e-01   -1.7558797548e+00    9.8676297013e-01    4.2803128052e-01    3.3179334769e-01   -2.5171306731e+00    1.4262901086e-03    1.2000000000e+01    4.6499499604e-05    9.5833333333e-01
       154   -7.6733887162e-01    5.9160629683e-01   -1.7373187030e+00    9.6997983134e-01    4.7701178888e-01    3.3179334769e-01   -2.6931326275e+00    1.4700878801e-01    1.2000000000e+01    5.0890250350e-05    1.0000000000e+00
       155   -8.3059016536e-01    6.9717175878e-01   -1.5172727112e+00    6.8668254580e-01    4.5341791575e-01    3.3179334769e-01   -2.3411949000e+00    3.8710925423e-02    1.2000000000e+01    5.6930500705e-05    9.1666666667e-01
       156   -7.9516221152e-01    6.3503403920e-01   -1.4743386006e+00    6.7917638910e-01    5.0111597983e-01    3.3179334769e-01   -2.3580397541e+00    5.0791825917e-02    1.2000000000e+01    5.1271999837e-05    1.0000000000e+00
       157   -8.0216915728e-01    6.4586608046e-01   -1.5175204375e+00    7.1535128018e-01    6.8499077943e-01    3.3179334769e-01   -2.5507309935e+00    1.6426428948e-02    1.2000000000e+01    5.1684499795e-05    1.0000000000e+00
       158   -7.9947413527e-01    6.4157455770e-01   -1.8857452765e+00    1.0862711412e+00    5.6837533982e-01    3.3179334769e-01   -2.7976595833e+00    1.1745619331e-02    1.2000000000e+01    5.5276500007e-05    1.0000000000e+00
       159   -7.9411335375e-01    6.3356610365e-01   -1.5609847462e+00    7.6687139240e-01    6.3427596470e-01    3.3179334769e-01   -2.5273502267e+00    2.9616814387e-04    1.2000000000e+01    4.5023749863e-05    1.0000000000e+00
       160   -8.2352598572e-01    6.7901750707e-01   -1.3694490371e+00    5.4592305136e-01    5.6953559942e-01    3.3179334769e-01   -2.2711571052e+00    3.7912096394e-04    1.2000000000e+01    3.0639499528e-05    9.5833333333e-01
       161   -8.0955546722e-01    6.6006611659e-01   -1.5374303395e+00    7.2787487224e-01    6.4895934799e-01    3.3179334769e-01   -2.5449221837e+00    2.6739148559e-02    1.2000000000e+01    3.5298249713e-05    9.5833333333e-01
       162   -8.3462338488e-01    7.0863768069e-01   -2.1485269167e+00    1.3139035319e+00    6.0014133319e-01    3.3179334769e-01   -3.0948571776e+00    1.4395579964e-02    1.2000000000e+01    3.0644500384e-05    9.1666666667e-01
       163   -8.1503321946e-01    6.8062008197e-01   -2.0852348908e+00    1.2702016714e+00    6.9165616052e-01    3.3179334769e-01   -3.1095337037e+00    8.4930462223e-04    1.2000000000e+01    4.1919000068e-05    1.0000000000e+00
       164   -8.2351121331e-01    6.8152245014e-01   -1.1866671190e+00    3.6315590566e-01    7.7214229839e-01    3.3179334769e-01   -2.2958086441e+00    5.2058790590e-03    1.2000000000e+01    4.7031750000e-05    1.0000000000e+00
       165   -8.0841413185e-01    6.5409192316e-01   -1.0803455638e+00    2.7193143191e-01    5.8549889375e-01    3.3179334769e-01   -2.0056219551e+00    7.9841498924e-03    1.2000000000e+01    4.4831999730e-05    1.0000000000e+00
       166   -7.7878959416e-01    6.0875676988e-01   -1.0079561870e+00    2.2916659286e-01    6.1664462411e-01    3.3179334769e-01   -1.9728792537e+00    1.6485094888e-02    1.2000000000e+01    4.3293249746e-05    1.0000000000e+00
       167   -7.5197441707e-01    5.6807733778e-01   -1.7641476815e+00    1.0121732644e+00    4.9169227500e-01    3.3179334769e-01   -2.6706081055e+00    8.2974801372e-02    1.2000000000e+01    4.3409249884e-05    1.0000000000e+00
       168   -7.2490459944e-01    5.3503417055e-01   -2.2548404354e+00    1.5299358360e+00    5.4115294452e-01    3.3179334769e-01   -3.1405822311e+00    1.2795503501e-02    1.2000000000e+01    3.8647749989e-05    1.0000000000e+00
       169   -7.8524919811e-01    6.1805266562e-01   -1.9634529028e+00    1.1782037047e+00    5.0474390316e-01    3.3179334769e-01   -2.8803222927e+00    8.0332138966e-02    1.2000000000e+01    5.0311500218e-05    9.1666666667e-01
       170   -7.6527339935e-01    5.8820334095e-01   -1.7149056056e+00    9.4963220626e-01    4.8502380046e-01    3.3179334769e-01   -2.6201514412e+00    8.8428687431e-02    1.2000000000e+01    5.2708500789e-05    9.1666666667e-01
       171   -7.9788727143e-01    6.3803643294e-01   -1.7245843675e+00    9.2669709603e-01    3.5399155562e-01    3.3179334769e-01   -2.4272101704e+00    1.6840899618e-02    1.2000000000e+01    6.9191999046e-05    1.0000000000e+00
       172   -8.0542118918e-01    6.5263553429e-01   -2.1262067489e+00    1.3207855597e+00    4.2543133725e-01    3.3179334769e-01   -2.8918439858e+00    8.4125520231e-03    1.2000000000e+01    6.2232749769e-05    9.5833333333e-01
       173   -7.7241515441e-01    6.0079691693e-01   -1.3455581716e+00    5.7314301721e-01    3.8763582129e-01    3.3179334769e-01   -2.0661929718e+00    1.2056311965e-03    1.2000000000e+01    5.8449750213e-05    1.0000000000e+00
       174   -7.7922250050e-01    6.0950324678e-01   -1.6442724004e+00    8.6504989991e-01    4.4271270218e-01    3.3179334769e-01   -2.4263593066e+00    7.5808563116e-03    1.2000000000e+01    5.4250000176e-05    1.0000000000e+00
       175   -7.7037492073e-01    5.9928563376e-01   -1.3613001851e+00    5.9092526433e-01    4.2077098807e-01    3.3179334769e-01   -2.1143148202e+00    4.5029938286e-04    1.2000000000e+01    5.4557499880e-05    9.5833333333e-01
       176   -7.8286520837e-01    6.2079561763e-01   -1.6415290203e+00    8.5866381189e-01    4.5704273114e-01    3.3179334769e-01   -2.4320973481e+00    1.7322490268e-03    1.2000000000e+01    5.2838000556e-05    1.0000000000e+00
       177   -8.1248482499e-01    6.6481397134e-01   -2.3787577275e+00    1.5662729025e+00    3.1478579846e-01    3.3179334769e-01   -3.0797548647e+00    5.4417991068e-02    1.2000000000e+01    7.0723749559e-05    1.0000000000e+00
       178   -7.6174879024e-01    5.8218185027e-01   -1.4959836341e+00    7.3423484385e-01    3.3598992210e-01    3.3179334769e-01   -2.4461130370e+00    2.8234613312e-01    1.2000000000e+01    4.6376750106e-05    1.0000000000e+00
       179   -7.5341004623e-01    5.7295371473e-01   -1.8493445971e+00    1.0959345509e+00    3.6673184188e-01    3.3179334769e-01   -2.8417603463e+00    2.9389055962e-01    1.2000000000e+01    4.7776749852e-05    9.5833333333e-01
       180   -7.7728780496e-01    6.0939662213e-01   -1.8039956368e+00    1.0267078319e+00    3.8040083476e-01    3.3179334769e-01   -2.6265653130e+00    1.1037549371e-01    1.2000000000e+01    4.3488749725e-05    1.0000000000e+00
       181   -8.0571445359e-01    6.5108324974e-01   -1.2390957066e+00    4.3338125297e-01    4.3632772024e-01    3.3179334769e-01   -2.1548473683e+00    1.4763059376e-01    1.2000000000e+01    4.6785999530e-05    1.0000000000e+00
       182   -8.2640728845e-01    6.8604130983e-01   -1.4706949365e+00    6.4428764809e-01    4.7105996966e-01    3.3179334769e-01   -2.3100129820e+00    3.6464728148e-02    1.2000000000e+01    5.1685500694e-05    1.0000000000e+00
       183   -7.7401593122e-01    6.0102933952e-01   -1.2739494764e+00    4.9993354518e-01    4.2830492282e-01    3.3179334769e-01   -2.0374158473e+00    3.3681004417e-03    1.2000000000e+01    5.0267999541e-05    1.0000000000e+00
       184   -7.8914130502e-01    6.2385392607e-01   -1.2362502785e+00    4.4710897353e-01    3.0417704859e-01    3.3179334769e-01   -1.8812569271e+00    9.0362522785e-03    1.2000000000e+01    5.5297250128e-05    1.0000000000e+00
       185   -7.9947233710e-01    6.4060979013e-01   -1.2172710925e+00    4.1779875540e-01    2.8814176519e-01    3.3179334769e-01   -1.8390548042e+00    1.8485988225e-03    1.2000000000e+01    5.2889750350e-05    1.0000000000e+00
       186   -8.1996820964e-01    6.7478121677e-01   -1.0929293133e+00    2.7296110365e-01    2.9601744863e-01    3.3179334769e-01   -1.7223366117e+00    1.5965020900e-03    1.2000000000e+01    1.8763650041e-04    9.5833333333e-01
       187   -8.3011704206e-01    6.9020610330e-01   -1.1588614154e+00    3.2874437338e-01    3.4501180890e-01    3.3179334769e-01   -1.8367639901e+00    1.0974180970e-03    1.2000000000e+01    4.3977249334e-05    1.0000000000e+00
       188   -8.3097256667e-01    6.9257868101e-01   -1.4475315601e+00    6.1655899339e-01    4.0437382527e-01    3.3179334769e-01   -2.1957199355e+00    1.2021202434e-02    1.2000000000e+01    5.6465749367e-05    1.0000000000e+00
       189   -8.1661862541e-01    6.6913753516e-01   -1.6125166513e+00    7.9589802589e-01    3.8056186865e-01    3.3179334769e-01   -2.3547415792e+00    2.9869711547e-02    1.2000000000e+01    5.6445749578e-05    9.1666666667e-01
       190   -8.3166308850e-01    6.9430002212e-01   -1.3583153545e+00    5.2665226598e-01    3.4170539747e-01    3.3179334769e-01   -2.1427614946e+00    1.1094739493e-01    1.2000000000e+01    4.5404499815e-05    1.0000000000e+00
       191   -8.2242496123e-01    6.8040997678e-01   -1.1376700436e+00    3.1524508237e-01    4.2527255426e-01    3.3179334769e-01   -1.9525697890e+00    5.7833843421e-02    1.2000000000e+01    4.9303000196e-05    1.0000000000e+00
       192   -7.8924690062e-01    6.3627389706e-01   -6.5049420596e-01   -1.3875269466e-01    5.1075621591e-01    3.3179334769e-01   -2.1502254559e+00    6.5718168633e-01    1.2000000000e+01    4.9604250307e-05    9.5833333333e-01
       193   -7.6632824632e-01    5.9569169321e-01   -9.2350042238e-01    1.5717217606e-01    4.6967980766e-01    3.3179334769e-01   -2.1929938837e+00    4.6802030598e-01    1.2000000000e+01    4.9193250561e-05    9.5833333333e-01
       194   -8.1323793749e-01    6.6824633216e-01   -1.2734833196e+00    4.6024538212e-01    5.9190510250e-01    3.3179334769e-01   -2.4473784868e+00    2.5019671697e-01    1.2000000000e+01    5.3408749864e-05    9.5833333333e-01
       195   -7.8185588706e-01    6.3790040006e-01   -1.2231950197e+00    4.4133913264e-01    5.1506205353e-01    3.3179334769e-01   -2.6182219773e+00    5.4817155644e-01    1.2000000000e+01    5.6535249769e-05    9.5833333333e-01
       196   -7.9011064947e-01    6.2789108420e-01   -1.6797341269e+00    8.8962347739e-01    4.5802440617e-01    3.3179334769e-01   -2.8037943810e+00    3.3424250033e-01    1.2000000000e+01    6.0204500187e-05    9.5833333333e-01
       197   -7.8581098242e-01    6.1982381047e-01   -1.3421382240e+00    5.5632724160e-01    3.9902244846e-01    3.3179334769e-01   -2.4681751050e+00    3.9522108480e-01    1.2000000000e+01    5.5399500070e-05    1.0000000000e+00
       198   -7.9367082582e-01    6.3183815369e-01   -1.1145114064e+00    3.2084058057e-01    4.0321568253e-01    3.3179334769e-01   -2.1731242719e+00    3.2360383526e-01    1.2000000000e+01    4.9700749514e-05    9.5833333333e-01
       199   -8.2695944548e-01    6.8695018960e-01   -1.0820866283e+00    2.5512718287e-01    4.8749244881e-01    3.3179334769e-01   -2.1285691659e+00    2.2719674109e-01    1.2000000000e+01    4.5128750571e-05    1.0000000000e+00
