#   index    LocalEnergy         LocalEnergy_sq      LocalPotential      Kinetic             ElecElec            IonIon              LocalECP            NonLocalECP         BlockWeight         BlockCPU            AcceptRatio         
         0   -1.3657641060e+00    2.9527321544e+00   -3.4051855428e+00    2.0394214368e+00    3.1680654189e-01    3.3179334769e-01   -2.1036846030e+00   -1.9501008294e+00    1.2000000000e+01    5.1831999372e-05    9.5833333333e-01
         1   -1.1617694271e+00    1.7547169917e+00   -2.4845887023e+00    1.3228192752e+00    3.5338190833e-01    3.3179334769e-01   -1.8644472765e+00   -1.3053166818e+00    1.2000000000e+01    5.5611499647e-05    9.1666666667e-01
         2   -1.2045060280e+00    1.9244819174e+00   -3.4213994819e+00    2.2168934539e+00    3.3913861045e-01    3.3179334769e-01   -2.5615602974e+00   -1.5307711426e+00    1.2000000000e+01    5.4978750541e-05    8.7500000000e-01
         3   -1.5870199187e+00    4.3363786521e+00   -4.6496070352e+00    3.0625871165e+00    3.3481714882e-01    3.3179334769e-01   -2.4973192172e+00   -2.8188983145e+00    1.2000000000e+01    5.3753749853e-05    9.1666666667e-01
         4   -1.3243127860e+00    2.7780376020e+00   -3.9092636925e+00    2.5849509065e+00    2.9811620672e-01    3.3179334769e-01   -2.4888610699e+00   -2.0503121770e+00    1.2000000000e+01    4.8792250254e-05    9.5833333333e-01
         5   -1.3175843791e+00    2.8473925283e+00   -3.7834198718e+00    2.4658354927e+00    2.6972174479e-01    3.3179334769e-01   -2.0441226947e+00   -2.3408122696e+00    1.2000000000e+01    4.7414750497e-05    9.5833333333e-01
         6   -1.3191215050e+00    2.8438875702e+00   -3.1045801706e+00    1.7854586656e+00    2.6237047731e-01    3.3179334769e-01   -2.0934980710e+00   -1.6052459247e+00    1.2000000000e+01    4.6843749715e-05    1.0000000000e+00
         7   -7.8212200547e-01    6.1559644040e-01   -1.0819172499e+00    2.9979524439e-01    2.9928592543e-01    3.3179334769e-01   -1.9077741551e+00    1.9477763215e-01    1.2000000000e+01    4.8948500080e-05    1.0000000000e+00
         8   -7.8994193581e-01    6.2748737541e-01   -1.2461567842e+00    4.5621484842e-01    3.4454539922e-01    3.3179334769e-01   -1.9608705302e+00    3.8374999012e-02    1.2000000000e+01    6.0402750023e-05    9.5833333333e-01
         9   -7.6453055235e-01    5.8603970187e-01   -1.1474067061e+00    3.8287615375e-01    2.9842119071e-01    3.3179334769e-01   -1.8414353903e+00    6.3814145749e-02    1.2000000000e+01    5.1294000059e-05    1.0000000000e+00
        10   -7.8240152733e-01    6.1347196115e-01   -1.2444561677e+00    4.6205464036e-01    3.2277504786e-01    3.3179334769e-01   -2.0232294056e+00    1.2420484237e-01    1.2000000000e+01    4.8833999699e-05    1.0000000000e+00
        11   -7.9811583702e-01    6.3800943349e-01   -1.2967764413e+00    4.9866060424e-01    3.5077945841e-01    3.3179334769e-01   -2.0142437741e+00    3.4894526784e-02    1.2000000000e+01    6.7487249908e-05    1.0000000000e+00
        12   -8.2138611563e-01    6.8272932604e-01   -1.4084914021e+00    5.8710528650e-01    3.8398845257e-01    3.3179334769e-01   -2.1733288998e+00    4.9055697420e-02    1.2000000000e+01    8.3884500327e-05    9.5833333333e-01
        13   -7.9812832224e-01    6.4401520318e-01   -1.7602134572e+00    9.6208513493e-01    4.2914973129e-01    3.3179334769e-01   -2.5320695372e+00    1.0913001008e-02    1.2000000000e+01    8.5197500084e-05    9.5833333333e-01
        14   -7.3530129280e-01    5.4492352614e-01   -1.7193873752e+00    9.8408608236e-01    4.3169309454e-01    3.3179334769e-01   -2.4903133753e+00    7.4395578674e-03    1.2000000000e+01    5.6593750287e-05    1.0000000000e+00
        15   -7.3349594788e-01    5.5794948739e-01   -2.0969224402e+00    1.3634264924e+00    6.3985960243e-01    3.3179334769e-01   -3.0687165239e+00    1.4113358789e-04    1.2000000000e+01    5.2904000313e-05    9.5833333333e-01
        16   -6.6052860864e-01    4.5738093549e-01   -1.9084396827e+00    1.2479110741e+00    8.8844884354e-01    3.3179334769e-01   -3.1287261140e+00    4.4240052886e-05    1.2000000000e+01    4.3318749704e-05    9.5833333333e-01
        17   -7.0000007351e-01    4.9952768983e-01   -1.8145571520e+00    1.1145570785e+00    6.6463886445e-01    3.3179334769e-01   -2.8110502868e+00    6.0922667637e-05    1.2000000000e+01    4.7399750201e-05    9.5833333333e-01
        18   -7.9220615519e-01    6.2992419058e-01   -1.3313101302e+00    5.3910397506e-01    5.3811019393e-01    3.3179334769e-01   -2.2018699972e+00    6.5632528494e-04    1.2000000000e+01    3.6859500142e-05    9.5833333333e-01
        19   -7.9168782822e-01    6.3344271267e-01   -1.2931070994e+00    5.0141927119e-01    5.7945796821e-01    3.3179334769e-01   -2.2059172547e+00    1.5588393851e-03    1.2000000000e+01    4.2988750465e-05    1.0000000000e+00
        20   -8.4018938308e-01    7.1381555738e-01   -1.8692148438e+00    1.0290254607e+00    5.8973937095e-01    3.3179334769e-01   -2.7919823549e+00    1.2347925276e-03    1.2000000000e+01    5.5153000176e-05    9.5833333333e-01
        21   -8.1409132657e-01    6.6824683720e-01   -1.8736490984e+00    1.0595577718e+00    4.7633728970e-01    3.3179334769e-01   -2.6827406862e+00    9.6095041430e-04    1.2000000000e+01    4.0251249629e-05    9.5833333333e-01
        22   -8.1851412669e-01    6.7182194908e-01   -1.5134742874e+00    6.9496016075e-01    3.8047065409e-01    3.3179334769e-01   -2.2281257636e+00    2.3874744154e-03    1.2000000000e+01    5.7421500514e-05    9.5833333333e-01
        23   -8.1671203979e-01    6.7194822283e-01   -1.6723091816e+00    8.5559714177e-01    3.8942423673e-01    3.3179334769e-01   -2.3935716688e+00    4.4902780811e-05    1.2000000000e+01    4.2125000618e-05    1.0000000000e+00
        24   -7.8502182173e-01    6.1807912668e-01   -1.2789836749e+00    4.9396185314e-01    4.7115499291e-01    3.3179334769e-01   -2.0819727614e+00    4.0745898235e-05    1.2000000000e+01    3.8406500153e-05    1.0000000000e+00
        25   -8.2430801079e-01    6.8582325677e-01   -1.2465772005e+00    4.2226918971e-01    5.5684371456e-01    3.3179334769e-01   -2.1354215089e+00    2.0724619724e-04    1.2000000000e+01    3.5389249661e-05    1.0000000000e+00
        26   -7.7521509353e-01    6.0244220272e-01   -1.3824131123e+00    6.0719801872e-01    3.9094745304e-01    3.3179334769e-01   -2.1053028747e+00    1.4896170252e-04    1.2000000000e+01    4.3602999995e-05    9.5833333333e-01
        27   -7.6482714360e-01    5.8734661934e-01   -1.4628267417e+00    6.9799959812e-01    3.4702757672e-01    3.3179334769e-01   -2.1417510842e+00    1.0341809805e-04    1.2000000000e+01    4.8195749514e-05    1.0000000000e+00
        28   -7.8824812393e-01    6.2190198228e-01   -1.1372498831e+00    3.4900175919e-01    3.1355844991e-01    3.3179334769e-01   -1.7835448993e+00    9.4321859741e-04    1.2000000000e+01    4.5205000333e-05    1.0000000000e+00
        29   -7.9067443976e-01    6.2556926028e-01   -1.1354375130e+00    3.4476307329e-01    3.5064962807e-01    3.3179334769e-01   -1.8191599248e+00    1.2794359584e-03    1.2000000000e+01    4.0458000058e-05    1.0000000000e+00
        30   -8.0053338789e-01    6.4132317879e-01   -1.1362667318e+00    3.3573334394e-01    3.1803516079e-01    3.3179334769e-01   -1.7893687595e+00    3.2735191687e-03    1.2000000000e+01    6.7277250764e-05    1.0000000000e+00
        31   -8.1135691060e-01    6.5894017249e-01   -1.0516101131e+00    2.4025320254e-01    3.4265126335e-01    3.3179334769e-01   -1.7292642941e+00    3.2095699500e-03    1.2000000000e+01    3.6572499994e-05    1.0000000000e+00
        32   -7.9556590106e-01    6.3399736622e-01   -1.2801654395e+00    4.8459953844e-01    3.9930904940e-01    3.3179334769e-01   -2.0115840070e+00    3.1617042299e-04    1.2000000000e+01    3.8205500459e-05    1.0000000000e+00
        33   -7.5653409857e-01    5.7315699892e-01   -1.9083839086e+00    1.1518498100e+00    4.6079049112e-01    3.3179334769e-01   -2.7013465785e+00    3.7883113560e-04    1.2000000000e+01    4.7217250085e-05    9.5833333333e-01
        34   -8.4608796000e-01    7.2450081316e-01   -2.3731838638e+00    1.5270959038e+00    8.1792870990e-01    3.3179334769e-01   -3.5229674306e+00    6.1509241531e-05    1.2000000000e+01    4.9052250233e-05    1.0000000000e+00
        35   -8.0181641767e-01    6.5129675671e-01   -1.7749239570e+00    9.7310753934e-01    5.6832970666e-01    3.3179334769e-01   -2.6801318268e+00    5.0848154233e-03    1.2000000000e+01    4.6898250275e-05    1.0000000000e+00
        36   -8.4235753475e-01    7.1697534657e-01   -1.9516407680e+00    1.1092832332e+00    4.7011275119e-01    3.3179334769e-01   -2.7541885578e+00    6.4169097066e-04    1.2000000000e+01    3.6231250306e-05    9.5833333333e-01
        37   -8.3408875412e-01    7.0097326134e-01   -1.4650271115e+00    6.3093835742e-01    4.5545513907e-01    3.3179334769e-01   -2.2523424601e+00    6.6861825353e-05    1.2000000000e+01    2.9895500575e-05    1.0000000000e+00
        38   -8.3588046270e-01    7.0056750509e-01   -1.7575493289e+00    9.2166886622e-01    4.3280377694e-01    3.3179334769e-01   -2.5223495879e+00    2.0313430955e-04    1.2000000000e+01    3.1389000014e-05    9.1666666667e-01
        39   -7.9189406292e-01    6.3538340414e-01   -2.4689028034e+00    1.6770087404e+00    5.8368520220e-01    3.3179334769e-01   -3.3849266325e+00    5.4527928160e-04    1.2000000000e+01    4.3390250084e-05    1.0000000000e+00
        40   -7.8068636615e-01    6.1303937930e-01   -1.5899278133e+00    8.0924144713e-01    7.1822902815e-01    3.3179334769e-01   -2.6407844626e+00    8.3427346276e-04    1.2000000000e+01    4.8412750402e-05    1.0000000000e+00
        41   -7.4921578716e-01    5.6662401032e-01   -1.5216785512e+00    7.7246276401e-01    6.3384027949e-01    3.3179334769e-01   -2.4879543590e+00    6.4218070267e-04    1.2000000000e+01    8.1477749973e-05    9.5833333333e-01
        42   -7.9723424790e-01    6.3583000494e-01   -1.2042602423e+00    4.0702599439e-01    4.4481151150e-01    3.3179334769e-01   -1.9819985862e+00    1.1334847546e-03    1.2000000000e+01    5.4929750149e-05    1.0000000000e+00
        43   -7.9695955184e-01    6.3649018165e-01   -1.2556405674e+00    4.5868101553e-01    3.5266953537e-01    3.3179334769e-01   -1.9414423233e+00    1.3388729184e-03    1.2000000000e+01    5.2917499943e-05    1.0000000000e+00
        44   -7.7596953087e-01    6.0769815801e-01   -1.3703866814e+00    5.9441715055e-01    3.4316948245e-01    3.3179334769e-01   -2.0463237736e+00    9.7426204943e-04    1.2000000000e+01    8.9954749910e-05    1.0000000000e+00
        45   -7.9222614917e-01    6.3275389929e-01   -1.3056819449e+00    5.1345579570e-01    3.6302225696e-01    3.3179334769e-01   -2.0005929601e+00    9.5410562847e-05    1.2000000000e+01    6.3760000558e-05    9.5833333333e-01
        46   -8.0723895098e-01    6.6124684912e-01   -1.8048427607e+00    9.9760380973e-01    5.0860451746e-01    3.3179334769e-01   -2.6474855435e+00    2.2449176614e-03    1.2000000000e+01    7.1905999903e-05    1.0000000000e+00
        47   -7.9133828176e-01    6.2993194171e-01   -1.2647843327e+00    4.7344605093e-01    3.4097552746e-01    3.3179334769e-01   -1.9553320119e+00    1.7778804027e-02    1.2000000000e+01    1.0699049972e-04    1.0000000000e+00
        48   -8.0322105943e-01    6.4594282974e-01   -1.2305996402e+00    4.2737858076e-01    4.0882029553e-01    3.3179334769e-01   -1.9776331895e+00    6.4199060916e-03    1.2000000000e+01    6.1450750309e-05    1.0000000000e+00
        49   -7.8801635438e-01    6.2186088153e-01   -1.3058235659e+00    5.1780721150e-01    4.2988929738e-01    3.3179334769e-01   -2.0702691859e+00    2.7629749320e-03    1.2000000000e+01    5.4047500271e-05    9.1666666667e-01
        50   -7.7674008415e-01    6.0453892481e-01   -1.3534236411e+00    5.7668355694e-01    3.5587738722e-01    3.3179334769e-01   -2.0412774739e+00    1.8309790381e-04    1.2000000000e+01    5.4538250424e-05    9.1666666667e-01
        51   -7.5866244638e-01    5.7749845056e-01   -1.2460864940e+00    4.8742404767e-01    3.6952013735e-01    3.3179334769e-01   -1.9502444049e+00    2.8444257734e-03    1.2000000000e+01    5.8068249928e-05    9.5833333333e-01
        52   -7.7749739573e-01    6.1387653281e-01   -1.6435224308e+00    8.6602503502e-01    3.2206312952e-01    3.3179334769e-01   -2.2975680014e+00    1.8909344543e-04    1.2000000000e+01    5.8098999943e-05    1.0000000000e+00
        53   -7.8081503031e-01    6.1291095812e-01   -1.5749211766e+00    7.9410614634e-01    2.7084055243e-01    3.3179334769e-01   -2.1986016294e+00    2.1046552645e-02    1.2000000000e+01    4.3997499688e-05    1.0000000000e+00
        54   -7.8303458938e-01    6.1500972036e-01   -9.8623608365e-01    2.0320149427e-01    2.7833130478e-01    3.3179334769e-01   -1.5980391281e+00    1.6783919966e-03    1.2000000000e+01    4.9942750138e-05    1.0000000000e+00
        55   -7.9523535359e-01    6.3449911516e-01   -9.6755632586e-01    1.7232097226e-01    2.9330027014e-01    3.3179334769e-01   -1.5983233634e+00    5.6734197557e-03    1.2000000000e+01    6.9411750246e-05    1.0000000000e+00
        56   -7.7595004354e-01    6.0504699150e-01   -9.7551670899e-01    1.9956666546e-01    3.2935867147e-01    3.3179334769e-01   -1.6427678483e+00    6.0991201438e-03    1.2000000000e+01    4.7921249916e-05    9.5833333333e-01
        57   -7.7733594649e-01    6.0643867350e-01   -1.0940881887e+00    3.1675224222e-01    3.5475706588e-01    3.3179334769e-01   -1.8640991682e+00    8.3460565947e-02    1.2000000000e+01    5.1451250329e-05    1.0000000000e+00
        58   -7.9618060730e-01    6.3595748173e-01   -1.1469432518e+00    3.5076264454e-01    3.0874309074e-01    3.3179334769e-01   -1.8871056052e+00    9.9625914915e-02    1.2000000000e+01    5.1829250424e-05    1.0000000000e+00
        59   -7.7126793473e-01    5.9576753733e-01   -1.1103445095e+00    3.3907657480e-01    2.9170029505e-01    3.3179334769e-01   -1.7862905925e+00    5.2452440226e-02    1.2000000000e+01    5.4236750202e-05    9.1666666667e-01
        60   -7.5525863900e-01    5.7099938742e-01   -1.2021587456e+00    4.4690010659e-01    3.1577098355e-01    3.3179334769e-01   -1.8536788608e+00    3.9557839995e-03    1.2000000000e+01    5.6696500451e-05    1.0000000000e+00
        61   -7.7201352545e-01    5.9697593627e-01   -1.2524952205e+00    4.8048169507e-01    3.0408309733e-01    3.3179334769e-01   -1.9028905124e+00    1.4518846874e-02    1.2000000000e+01    5.6648000282e-05    1.0000000000e+00
        62   -7.6980329395e-01    5.9592315533e-01   -1.3094151425e+00    5.3961184854e-01    3.3688503201e-01    3.3179334769e-01   -2.1237691645e+00    1.4567564227e-01    1.2000000000e+01    5.1622999763e-05    1.0000000000e+00
        63   -7.7042279283e-01    5.9398743285e-01   -1.2329192590e+00    4.6249646613e-01    2.9175935739e-01    3.3179334769e-01   -1.8733070071e+00    1.6835043013e-02    1.2000000000e+01    5.9120000969e-05    1.0000000000e+00
        64   -7.6765022150e-01    5.8963716125e-01   -1.3655095495e+00    5.9785932797e-01    2.8884543710e-01    3.3179334769e-01   -2.0167791329e+00    3.0630798672e-02    1.2000000000e+01    6.0146250235e-05    9.5833333333e-01
        65   -7.7591767912e-01    6.0268780714e-01   -1.7721822185e+00    9.9626453939e-01    3.5085128400e-01    3.3179334769e-01   -2.4658642990e+00    1.1037448814e-02    1.2000000000e+01    5.5877750583e-05    1.0000000000e+00
        66   -7.8490283537e-01    6.1722955995e-01   -1.9520636171e+00    1.1671607817e+00    3.6922925382e-01    3.3179334769e-01   -2.6551599731e+00    2.0737544443e-03    1.2000000000e+01    5.9111750033e-05    9.5833333333e-01
        67   -7.8484889679e-01    6.2029304629e-01   -2.1516688466e+00    1.3668199499e+00    3.5258799523e-01    3.3179334769e-01   -2.8390792215e+00    3.0290318809e-03    1.2000000000e+01    6.0702750488e-05    1.0000000000e+00
        68   -7.8761297063e-01    6.2434576736e-01   -1.7053692087e+00    9.1775623804e-01    4.0709489116e-01    3.3179334769e-01   -2.4710398502e+00    2.6782402668e-02    1.2000000000e+01    7.8880250385e-05    9.5833333333e-01
        69   -7.6646845841e-01    5.8912851195e-01   -1.2959303761e+00    5.2946191772e-01    3.7973980396e-01    3.3179334769e-01   -2.0566248323e+00    4.9161304507e-02    1.2000000000e+01    7.0112999310e-05    1.0000000000e+00
        70   -7.9142966683e-01    6.2736423383e-01   -1.5881094788e+00    7.9667981198e-01    3.7720381088e-01    3.3179334769e-01   -2.3537211821e+00    5.6614544719e-02    1.2000000000e+01    6.6575999426e-05    1.0000000000e+00
        71   -7.5315245747e-01    5.6804087616e-01   -1.5249250177e+00    7.7177256022e-01    3.9053370041e-01    3.3179334769e-01   -2.2538754614e+00    6.6233955795e-03    1.2000000000e+01    5.3567499890e-05    1.0000000000e+00
        72   -7.7027660448e-01    5.9424151075e-01   -1.5872026225e+00    8.1692601804e-01    4.0710855449e-01    3.3179334769e-01   -2.3286939332e+00    2.5894085071e-03    1.2000000000e+01    5.9508749473e-05    9.1666666667e-01
        73   -8.1090294716e-01    6.6393615150e-01   -2.2868555690e+00    1.4759526218e+00    3.8278505954e-01    3.3179334769e-01   -3.0351893267e+00    3.3755350500e-02    1.2000000000e+01    5.9955749748e-05    9.5833333333e-01
        74   -8.0515068765e-01    6.4908230709e-01   -1.3574268453e+00    5.5227615762e-01    3.1966506011e-01    3.3179334769e-01   -2.1284076550e+00    1.1952240192e-01    1.2000000000e+01    5.8939248902e-05    1.0000000000e+00
        75   -7.6903372642e-01    5.9195738215e-01   -1.2113065774e+00    4.4227285100e-01    3.3411695888e-01    3.3179334769e-01   -1.9766772833e+00    9.9460399284e-02    1.2000000000e+01    8.8495000000e-05    1.0000000000e+00
        76   -7.7580802923e-01    6.0248283994e-01   -1.2383069857e+00    4.6249895649e-01    3.4452053725e-01    3.3179334769e-01   -1.9652487976e+00    5.0627926931e-02    1.2000000000e+01    5.3952000144e-05    1.0000000000e+00
        77   -7.8006307462e-01    6.0948379861e-01   -1.3189630244e+00    5.3889994981e-01    3.5897166419e-01    3.3179334769e-01   -2.0276451660e+00    1.7917129666e-02    1.2000000000e+01    5.0143499720e-05    9.5833333333e-01
        78   -7.8172102133e-01    6.1459352911e-01   -1.8341112547e+00    1.0523902334e+00    3.6683050424e-01    3.3179334769e-01   -2.5355840160e+00    2.8489093479e-03    1.2000000000e+01    4.8194499414e-05    1.0000000000e+00
        79   -7.5582207684e-01    5.7494375531e-01   -1.4891267620e+00    7.3330468512e-01    4.1412638954e-01    3.3179334769e-01   -2.2351400511e+00    9.3551893411e-05    1.2000000000e+01    4.7541000185e-05    1.0000000000e+00
        80   -7.6626204654e-01    5.8937591746e-01   -1.6883289002e+00    9.2206685369e-01    4.8743485174e-01    3.3179334769e-01   -2.5084901101e+00    9.3301042698e-04    1.2000000000e+01    5.0334499974e-05    1.0000000000e+00
        81   -7.4369068348e-01    5.6270929424e-01   -2.0948166733e+00    1.3511259898e+00    6.4766015453e-01    3.3179334769e-01   -3.1272126061e+00    5.2942430645e-02    1.2000000000e+01    6.4119249600e-05    1.0000000000e+00
        82   -7.4201668712e-01    5.5720187828e-01   -1.4365905039e+00    6.9457381682e-01    4.0928350739e-01    3.3179334769e-01   -2.4799607859e+00    3.0229342683e-01    1.2000000000e+01    5.3810999816e-05    9.1666666667e-01
        83   -7.6419591832e-01    5.8808352173e-01   -1.5390505876e+00    7.7485466928e-01    5.1296453981e-01    3.3179334769e-01   -2.4492157352e+00    6.5407260068e-02    1.2000000000e+01    4.5420749757e-05    9.5833333333e-01
        84   -7.5880546350e-01    5.8190533380e-01   -1.5456520208e+00    7.8684655725e-01    5.4635786414e-01    3.3179334769e-01   -2.4313297357e+00    7.5265031430e-03    1.2000000000e+01    5.0515249768e-05    9.5833333333e-01
        85   -7.5820017564e-01    5.7733971781e-01   -1.5844517431e+00    8.2625156744e-01    5.0006711682e-01    3.3179334769e-01   -2.4259137077e+00    9.6015001183e-03    1.2000000000e+01    5.0322250900e-05    1.0000000000e+00
        86   -7.5989388318e-01    5.7923047473e-01   -1.2158344447e+00    4.5594056155e-01    4.1171381139e-01    3.3179334769e-01   -2.0410804419e+00    8.1738838049e-02    1.2000000000e+01    5.4192249991e-05    1.0000000000e+00
        87   -7.7163182381e-01    5.9605322501e-01   -1.0834481598e+00    3.1181633596e-01    4.3411966662e-01    3.3179334769e-01   -1.8679618686e+00    1.8600694539e-02    1.2000000000e+01    5.4035499943e-05    1.0000000000e+00
        88   -7.7530857007e-01    6.0267328121e-01   -1.2475359740e+00    4.7222740397e-01    5.4012967599e-01    3.3179334769e-01   -2.1225104136e+00    3.0514158515e-03    1.2000000000e+01    6.0084500092e-05    9.5833333333e-01
        89   -7.9503404482e-01    6.3378737280e-01   -1.3502532115e+00    5.5521916667e-01    3.8406622127e-01    3.3179334769e-01   -2.0739083725e+00    7.7955920515e-03    1.2000000000e+01    6.8101250235e-05    1.0000000000e+00
        90   -7.7714667013e-01    6.0520481905e-01   -1.3630534784e+00    5.8590680830e-01    4.1053228076e-01    3.3179334769e-01   -2.1250854248e+00    1.9706317918e-02    1.2000000000e+01    7.2148000072e-05    1.0000000000e+00
        91   -7.9822203378e-01    6.4204103029e-01   -1.4897406825e+00    6.9151864877e-01    4.7780371348e-01    3.3179334769e-01   -2.3116421834e+00    1.2304439737e-02    1.2000000000e+01    6.1159999859e-05    9.5833333333e-01
        92   -7.8212723668e-01    6.1741286765e-01   -2.1798334528e+00    1.3977062161e+00    5.2054573175e-01    3.3179334769e-01   -3.0421826411e+00    1.0010108811e-02    1.2000000000e+01    6.0191749526e-05    1.0000000000e+00
        93   -7.8704922276e-01    6.2261110177e-01   -1.6083680404e+00    8.2131881763e-01    4.2191993585e-01    3.3179334769e-01   -2.4376390971e+00    7.5557773128e-02    1.2000000000e+01    7.7116749708e-05    9.5833333333e-01
        94   -7.9378457837e-01    6.3260530263e-01   -1.8839906709e+00    1.0902060926e+00    5.4246820348e-01    3.3179334769e-01   -2.8769791981e+00    1.1872697604e-01    1.2000000000e+01    5.4903250657e-05    9.5833333333e-01
        95   -7.8960375008e-01    6.2697687382e-01   -1.5159264192e+00    7.2632266915e-01    7.4045358850e-01    3.3179334769e-01   -2.6664117927e+00    7.8238437309e-02    1.2000000000e+01    5.5217749832e-05    1.0000000000e+00
        96   -7.9907323760e-01    6.3934723558e-01   -1.3772349691e+00    5.7816173146e-01    4.3923221375e-01    3.3179334769e-01   -2.2018509471e+00    5.3590416578e-02    1.2000000000e+01    4.3783750243e-05    1.0000000000e+00
        97   -7.6889800268e-01    5.9199795705e-01   -1.6904266743e+00    9.2152867165e-01    4.3644470390e-01    3.3179334769e-01   -2.4941503702e+00    3.5485644308e-02    1.2000000000e+01    5.1632499435e-05    9.5833333333e-01
        98   -7.7136039481e-01    5.9958013509e-01   -1.7577411457e+00    9.8638075090e-01    3.6098772829e-01    3.3179334769e-01   -2.5242177282e+00    7.3695506512e-02    1.2000000000e+01    4.5745750413e-05    1.0000000000e+00
        99   -7.7443885238e-01    6.0603102690e-01   -1.5861863875e+00    8.1174753508e-01    4.2651411209e-01    3.3179334769e-01   -2.3543387840e+00    9.8449367192e-03    1.2000000000e+01    4.7029250254e-05    1.0000000000e+00
       100   -7.8422321836e-01    6.1571262890e-01   -1.4572452003e+00    6.7302198189e-01    3.0703006501e-01    3.3179334769e-01   -2.0961761678e+00    1.0755479750e-04    1.2000000000e+01    4.0459249703e-05    1.0000000000e+00
       101   -8.0334881658e-01    6.4609350893e-01   -1.4115959039e+00    6.0824708731e-01    3.0088770087e-01    3.3179334769e-01   -2.0451688352e+00    8.9188276908e-04    1.2000000000e+01    6.9079500008e-05    1.0000000000e+00
       102   -8.1708167202e-01    6.6987602474e-01   -1.4164203751e+00    5.9933870313e-01    3.4031733717e-01    3.3179334769e-01   -2.0904625052e+00    1.9314451711e-03    1.2000000000e+01    4.5538250561e-05    1.0000000000e+00
       103   -7.8593971522e-01    6.1927226710e-01   -1.3901365268e+00    6.0419681158e-01    3.7339639072e-01    3.3179334769e-01   -2.0964168951e+00    1.0906298783e-03    1.2000000000e+01    5.8682249346e-05    9.5833333333e-01
       104   -7.7043495920e-01    5.9607223174e-01   -1.4472247224e+00    6.7678976317e-01    4.3544521360e-01    3.3179334769e-01   -2.2166916552e+00    2.2283715318e-03    1.2000000000e+01    6.1730750076e-05    9.5833333333e-01
       105   -7.3065802928e-01    5.3953203907e-01   -1.6299876622e+00    8.9932963293e-01    5.5836243487e-01    3.3179334769e-01   -2.5208610381e+00    7.1759336599e-04    1.2000000000e+01    4.3955000365e-05    9.5833333333e-01
       106   -7.8604955816e-01    6.1818860542e-01   -1.2396902347e+00    4.5364067652e-01    4.3616074646e-01    3.3179334769e-01   -2.0144002279e+00    6.7558991198e-03    1.2000000000e+01    5.1796749631e-05    1.0000000000e+00
       107   -8.1845754877e-01    6.7243302888e-01   -1.1984400283e+00    3.7998247953e-01    3.8542595231e-01    3.3179334769e-01   -2.0006011805e+00    8.4941852238e-02    1.2000000000e+01    4.7992500186e-05    1.0000000000e+00
       108   -7.7528396541e-01    6.0193261048e-01   -1.4046534087e+00    6.2936944325e-01    4.4002997421e-01    3.3179334769e-01   -2.1969781756e+00    2.0501444993e-02    1.2000000000e+01    7.6459000411e-05    1.0000000000e+00
       109   -8.0398452357e-01    6.5503598090e-01   -1.8234126132e+00    1.0194280896e+00    5.7634005157e-01    3.3179334769e-01   -2.7467160951e+00    1.5170082617e-02    1.2000000000e+01    4.7041249672e-05    1.0000000000e+00
       110   -7.4612324246e-01    5.6201299259e-01   -1.6517254619e+00    9.0560221942e-01    4.3561132253e-01    3.3179334769e-01   -2.4214748065e+00    2.3446743616e-03    1.2000000000e+01    4.9941250381e-05    9.5833333333e-01
       111   -7.6725080740e-01    5.9290578161e-01   -1.4158328671e+00    6.4858205970e-01    3.9655138557e-01    3.3179334769e-01   -2.1453907002e+00    1.2130998034e-03    1.2000000000e+01    3.9741750697e-05    9.5833333333e-01
       112   -7.7710378146e-01    6.0897608093e-01   -1.7940868489e+00    1.0169830675e+00    4.1726057039e-01    3.3179334769e-01   -2.5443605609e+00    1.2197938583e-03    1.2000000000e+01    5.0308250593e-05    1.0000000000e+00
       113   -7.7172979950e-01    5.9610224333e-01   -1.9243631894e+00    1.1526333899e+00    3.5876554581e-01    3.3179334769e-01   -2.6160416533e+00    1.1195704015e-03    1.2000000000e+01    4.7008750244e-05    9.5833333333e-01
       114   -8.0537503349e-01    6.5097992567e-01   -1.5366419826e+00    7.3126694914e-01    3.2796847702e-01    3.3179334769e-01   -2.2049876800e+00    8.5838726687e-03    1.2000000000e+01    4.7039250148e-05    1.0000000000e+00
       115   -8.5908133690e-01    7.4356410808e-01   -1.4950433432e+00    6.3596200630e-01    3.3487123733e-01    3.3179334769e-01   -2.1981730364e+00    3.6465108190e-02    1.2000000000e+01    4.8592250096e-05    1.0000000000e+00
       116   -8.2960969985e-01    6.9153858067e-01   -1.4485229314e+00    6.1891323154e-01    2.9438663772e-01    3.3179334769e-01   -2.0985347323e+00    2.3831815552e-02    1.2000000000e+01    4.3768500291e-05    1.0000000000e+00
       117   -8.2629422032e-01    6.8576337519e-01   -1.3912805454e+00    5.6498632513e-01    2.7228218177e-01    3.3179334769e-01   -2.0133876846e+00    1.8031609665e-02    1.2000000000e+01    4.6840750201e-05    9.5833333333e-01
       118   -8.1577918976e-01    6.6879250640e-01   -1.2119950392e+00    3.9621584947e-01    3.3690526932e-01    3.3179334769e-01   -1.9641483999e+00    8.3454743656e-02    1.2000000000e+01    3.8326750200e-05    1.0000000000e+00
       119   -7.9693386955e-01    6.3803988272e-01   -1.5072049216e+00    7.1027105201e-01    4.6241056794e-01    3.3179334769e-01   -2.3241461869e+00    2.2737349727e-02    1.2000000000e+01    9.3577250482e-05    9.1666666667e-01
       120   -7.9724307076e-01    6.3775499401e-01   -1.0634749922e+00    2.6623192148e-01    3.4745521953e-01    3.3179334769e-01   -1.7619831741e+00    1.9259614617e-02    1.2000000000e+01    7.8884000686e-05    1.0000000000e+00
       121   -7.9081111398e-01    6.2576321884e-01   -1.0014658778e+00    2.1065476380e-01    3.3065949576e-01    3.3179334769e-01   -1.6695714277e+00    5.6527064731e-03    1.2000000000e+01    5.5501249790e-05    1.0000000000e+00
       122   -8.1945080135e-01    6.7545830484e-01   -1.0739997696e+00    2.5454896822e-01    3.6628711670e-01    3.3179334769e-01   -1.7746440714e+00    2.5638374851e-03    1.2000000000e+01    7.4913750268e-05    1.0000000000e+00
       123   -8.3125076118e-01    6.9464739628e-01   -1.0969053331e+00    2.6565457195e-01    4.8208154397e-01    3.3179334769e-01   -1.9109736933e+00    1.9346852726e-04    1.2000000000e+01    4.6207999731e-05    1.0000000000e+00
       124   -8.1570885731e-01    6.6956083696e-01   -1.9261170861e+00    1.1104082287e+00    4.6950885751e-01    3.3179334769e-01   -2.7274504147e+00    3.1123427506e-05    1.2000000000e+01    5.4220749917e-05    9.1666666667e-01
       125   -8.2552971431e-01    6.8584804332e-01   -1.4604697204e+00    6.3494000614e-01    4.1684904400e-01    3.3179334769e-01   -2.2091877412e+00    7.5629052467e-05    1.2000000000e+01    4.1947249883e-05    9.5833333333e-01
       126   -8.1201454123e-01    6.6329179563e-01   -1.5324580364e+00    7.2044349521e-01    4.5540444739e-01    3.3179334769e-01   -2.3196789403e+00    2.3108789587e-05    1.2000000000e+01    3.5354499687e-05    1.0000000000e+00
       127   -8.0933705391e-01    6.6023777079e-01   -1.7658682508e+00    9.5653119688e-01    7.6063969494e-01    3.3179334769e-01   -2.8593166944e+00    1.0154010212e-03    1.2000000000e+01    7.4537249930e-05    9.5833333333e-01
       128   -6.9880821538e-01    4.9604618756e-01   -1.6129396185e+00    9.1413140316e-01    5.6783080841e-01    3.3179334769e-01   -2.5361932713e+00    2.3629496695e-02    1.2000000000e+01    4.1004999275e-05    1.0000000000e+00
       129   -7.3069870268e-01    5.3643873152e-01   -1.1041885481e+00    3.7348984539e-01    4.8853443487e-01    3.3179334769e-01   -1.9282156044e+00    3.6992737383e-03    1.2000000000e+01    4.4057750074e-05    9.5833333333e-01
       130   -7.6162674279e-01    5.8628526853e-01   -1.1959255079e+00    4.3429876507e-01    3.8591612707e-01    3.3179334769e-01   -1.9148162040e+00    1.1812213456e-03    1.2000000000e+01    3.8846000280e-05    1.0000000000e+00
       131   -8.0717938526e-01    6.6655018825e-01   -2.9990929406e+00    2.1919135553e+00    3.3523900221e-01    3.3179334769e-01   -3.6662753789e+00    1.5008835342e-04    1.2000000000e+01    4.7310500577e-05    9.5833333333e-01
       132   -7.8904259565e-01    6.3093436470e-01   -1.1878947219e+00    3.9885212628e-01    3.3310119944e-01    3.3179334769e-01   -1.8560751184e+00    3.2858493782e-03    1.2000000000e+01    3.8750999920e-05    1.0000000000e+00
       133   -7.5147274516e-01    5.6642264792e-01   -1.0143405688e+00    2.6286782367e-01    3.4505905059e-01    3.3179334769e-01   -1.7072103033e+00    1.6017336161e-02    1.2000000000e+01    4.3809750423e-05    1.0000000000e+00
       134   -7.8117685802e-01    6.1364292424e-01   -1.2427272268e+00    4.6155036875e-01    3.2321591633e-01    3.3179334769e-01   -1.9223668097e+00    2.4630318878e-02    1.2000000000e+01    3.8740749915e-05    9.5833333333e-01
       135   -8.0839486558e-01    6.5428901754e-01   -1.3159939990e+00    5.0759913341e-01    2.8393819098e-01    3.3179334769e-01   -1.9795355805e+00    4.7810042878e-02    1.2000000000e+01    3.5596999624e-05    1.0000000000e+00
       136   -8.1061143064e-01    6.6209136468e-01   -1.3081605014e+00    4.9754907077e-01    3.3550812491e-01    3.3179334769e-01   -2.0190466072e+00    4.3584633199e-02    1.2000000000e+01    3.6992749756e-05    9.5833333333e-01
       137   -7.8264803375e-01    6.1450280976e-01   -1.1879023845e+00    4.0525435073e-01    3.1605757797e-01    3.3179334769e-01   -1.8805970799e+00    4.4843769731e-02    1.2000000000e+01    3.5056999877e-05    1.0000000000e+00
       138   -7.9178184974e-01    6.3145864448e-01   -1.5768014060e+00    7.8501955622e-01    3.3306947974e-01    3.3179334769e-01   -2.2692295547e+00    2.7565321294e-02    1.2000000000e+01    4.5803999456e-05    1.0000000000e+00
       139   -7.6473657881e-01    5.8761315638e-01   -1.1368762721e+00    3.7213969332e-01    4.5391677892e-01    3.3179334769e-01   -1.9323437721e+00    9.7573733742e-03    1.2000000000e+01    5.3715250033e-05    1.0000000000e+00
       140   -7.7216980523e-01    5.9892349803e-01   -1.0241148201e+00    2.5194501491e-01    4.7084676323e-01    3.3179334769e-01   -1.8353109819e+00    8.5560508845e-03    1.2000000000e+01    5.3811750149e-05    1.0000000000e+00
       141   -7.6862715730e-01    5.9510166175e-01   -1.2306708374e+00    4.6204368010e-01    5.5888091014e-01    3.3179334769e-01   -2.1237154116e+00    2.3703163908e-03    1.2000000000e+01    5.7900250795e-05    1.0000000000e+00
       142   -7.7322279836e-01    5.9846874901e-01   -1.2761427694e+00    5.0291997105e-01    5.2554524619e-01    3.3179334769e-01   -2.1414814872e+00    8.0001239055e-03    1.2000000000e+01    9.5720749869e-05    1.0000000000e+00
       143   -7.8607818660e-01    6.2350131659e-01   -1.3925235091e+00    6.0644532249e-01    5.1108057228e-01    3.3179334769e-01   -2.2454220279e+00    1.0024598855e-02    1.2000000000e+01    8.4406750830e-05    1.0000000000e+00
       144   -7.8732878633e-01    6.2261353724e-01   -1.6008614231e+00    8.1353263676e-01    4.4207089902e-01    3.3179334769e-01   -2.3771439811e+00    2.4183113369e-03    1.2000000000e+01    5.1574500048e-05    1.0000000000e+00
       145   -7.8374816628e-01    6.1611738813e-01   -1.3585256430e+00    5.7477747668e-01    5.2332027226e-01    3.3179334769e-01   -2.2138112816e+00    1.7201871391e-04    1.2000000000e+01    5.7474499954e-05    1.0000000000e+00
       146   -7.9772119426e-01    6.3803419262e-01   -1.3016126302e+00    5.0389143594e-01    5.0494762729e-01    3.3179334769e-01   -2.1498024437e+00    1.1448838462e-02    1.2000000000e+01    4.7018249916e-05    9.5833333333e-01
       147   -8.2212011350e-01    6.8090652686e-01   -1.4328461332e+00    6.1072601972e-01    4.0417622457e-01    3.3179334769e-01   -2.1797480870e+00    1.0932381501e-02    1.2000000000e+01    7.0675249844e-05    1.0000000000e+00
       148   -8.2877979463e-01    6.9033565393e-01   -1.4063952520e+00    5.7761545734e-01    3.5936687222e-01    3.3179334769e-01   -2.0987370722e+00    1.1816003070e-03    1.2000000000e+01    5.5723750393e-05    1.0000000000e+00
       149   -7.9667808171e-01    6.3498138716e-01   -1.3073753371e+00    5.1069725534e-01    4.5303924848e-01    3.3179334769e-01   -2.0932461549e+00    1.0382216588e-03    1.2000000000e+01    8.6340000053e-05    1.0000000000e+00
       150   -7.7236151736e-01    5.9733411024e-01   -1.2039797713e+00    4.3161825392e-01    3.5636004473e-01    3.3179334769e-01   -1.8990992945e+00    6.9661308121e-03    1.2000000000e+01    4.7571500090e-05    1.0000000000e+00
       151   -7.4813716799e-01    5.6442092096e-01   -1.1918776776e+00    4.4374050961e-01    3.7728352268e-01    3.3179334769e-01   -1.9539042945e+00    5.2949746570e-02    1.2000000000e+01    4.7501499921e-05    1.0000000000e+00
       152   -7.9414759632e-01    6.3148881953e-01   -1.2416527834e+00    4.4750518709e-01    4.7227582579e-01    3.3179334769e-01   -2.0506862492e+00    4.9642922751e-03    1.2000000000e+01    4.7346999509e-05    1.0000000000e+00
       153   -7.3085090181e-01    5.5023063607e-01   -1.4539986013e+00    7.2314769949e-01    8.7776914889e-01    3.3179334769e-01   -2.6669112794e+00    3.3501815331e-03    1.2000000000e+01    4.9175500408e-05    1.0000000000e+00
       154   -7.7294400260e-01    6.0976375742e-01   -1.5008682325e+00    7.2792422994e-01    4.5832808105e-01    3.3179334769e-01   -2.2960381833e+00    5.0485220291e-03    1.2000000000e+01    5.2130750191e-05    1.0000000000e+00
       155   -8.2826034107e-01    6.9132281729e-01   -1.6076723018e+00    7.7941196069e-01    4.3298716246e-01    3.3179334769e-01   -2.3768814595e+00    4.4286476249e-03    1.2000000000e+01    4.5955999667e-05    1.0000000000e+00
       156   -8.0500204538e-01    6.5162609233e-01   -1.5557741437e+00    7.5077209829e-01    3.4574314018e-01    3.3179334769e-01   -2.2373909953e+00    4.0803638030e-03    1.2000000000e+01    4.6061750254e-05    9.5833333333e-01
       157   -7.8971875284e-01    6.2503203466e-01   -1.1512370765e+00    3.6151832368e-01    2.8870848835e-01    3.3179334769e-01   -1.7811235308e+00    9.3846182847e-03    1.2000000000e+01    4.7303000429e-05    1.0000000000e+00
       158   -7.8762428613e-01    6.2290954180e-01   -9.2526161550e-01    1.3763732937e-01    2.6018682446e-01    3.3179334769e-01   -1.5175482641e+00    3.0647641241e-04    1.2000000000e+01    3.9038499381e-05    1.0000000000e+00
       159   -7.7292987778e-01    6.0546400382e-01   -8.8544466350e-01    1.1251478572e-01    2.4048453515e-01    3.3179334769e-01   -1.4619917780e+00    4.2692316164e-03    1.2000000000e+01    4.2756249968e-05    1.0000000000e+00
       160   -7.7347536285e-01    6.0482755836e-01   -8.6475836979e-01    9.1283006939e-02    2.5601685591e-01    3.3179334769e-01   -1.4808104133e+00    2.8241839929e-02    1.2000000000e+01    4.2514000143e-05    1.0000000000e+00
       161   -7.4787478339e-01    5.6352575150e-01   -8.7804292234e-01    1.3016813895e-01    2.3504133490e-01    3.3179334769e-01   -1.4950623285e+00    5.0184723549e-02    1.2000000000e+01    3.8463500459e-05    9.5833333333e-01
       162   -7.5101985322e-01    5.6610075780e-01   -8.3990552337e-01    8.8885670152e-02    2.4408671789e-01    3.3179334769e-01   -1.4243774068e+00    8.5918178599e-03    1.2000000000e+01    3.8883750221e-05    9.5833333333e-01
       163   -7.4189748008e-01    5.5583348475e-01   -8.6390524800e-01    1.2200776793e-01    2.3908542586e-01    3.3179334769e-01   -1.4375219031e+00    2.7378815736e-03    1.2000000000e+01    3.6848999571e-05    1.0000000000e+00
       164   -7.5666153314e-01    5.7524837872e-01   -8.5400785118e-01    9.7346318045e-02    2.3462591764e-01    3.3179334769e-01   -1.4226518981e+00    2.2247815817e-03    1.2000000000e+01    4.0945499222e-05    1.0000000000e+00
       165   -7.4230637644e-01    5.5875913960e-01   -9.8064690838e-01    2.3834053195e-01    2.3542309591e-01    3.3179334769e-01   -1.5666011933e+00    1.8737841364e-02    1.2000000000e+01    4.1354499899e-05    1.0000000000e+00
       166   -7.5899674837e-01    5.7921406370e-01   -9.8682958617e-01    2.2783283780e-01    2.2580100715e-01    3.3179334769e-01   -1.5595170621e+00    1.5093121117e-02    1.2000000000e+01    3.7981250443e-05    1.0000000000e+00
       167   -7.8095449864e-01    6.1035318688e-01   -1.0906909743e+00    3.0973647571e-01    2.2536246401e-01    3.3179334769e-01   -1.6982246496e+00    5.0377863525e-02    1.2000000000e+01    3.3776749660e-05    1.0000000000e+00
       168   -7.9729594990e-01    6.3720337002e-01   -9.4403104148e-01    1.4673509158e-01    2.3761710419e-01    3.3179334769e-01   -1.5631657807e+00    4.9724287319e-02    1.2000000000e+01    3.5398999898e-05    9.5833333333e-01
       169   -7.9222334843e-01    6.3065480172e-01   -1.0040243649e+00    2.1180101646e-01    2.5047805888e-01    3.3179334769e-01   -1.5901407787e+00    3.8450072579e-03    1.2000000000e+01    3.3995249851e-05    1.0000000000e+00
       170   -8.4055611771e-01    7.1173968385e-01   -1.1330832436e+00    2.9252712584e-01    2.6268313936e-01    3.3179334769e-01   -1.7312943783e+00    3.7346476939e-03    1.2000000000e+01    4.1925250116e-05    9.1666666667e-01
       171   -8.8001175662e-01    7.8038132822e-01   -1.2827302514e+00    4.0271849481e-01    3.2730778694e-01    3.3179334769e-01   -1.9424834334e+00    6.5204734840e-04    1.2000000000e+01    4.6600250698e-05    9.5833333333e-01
       172   -8.2650350099e-01    6.8873572698e-01   -2.0828108285e+00    1.2563073275e+00    3.7756878068e-01    3.3179334769e-01   -2.7921762567e+00    3.2998724324e-06    1.2000000000e+01    3.0926499676e-05    1.0000000000e+00
       173   -8.0916664700e-01    6.5770315523e-01   -1.0853152054e+00    2.7614855845e-01    3.6167083428e-01    3.3179334769e-01   -1.7787793874e+00    0.0000000000e+00    1.2000000000e+01    2.3396749839e-05    1.0000000000e+00
       174   -8.0537199294e-01    6.4943709603e-01   -1.0568654829e+00    2.5149348991e-01    3.3074579701e-01    3.3179334769e-01   -1.7194046276e+00    0.0000000000e+00    1.2000000000e+01    2.3164500362e-05    1.0000000000e+00
       175   -7.8352053542e-01    6.1454289629e-01   -1.0761547975e+00    2.9263426210e-01    3.6103940397e-01    3.3179334769e-01   -1.7689875492e+00    0.0000000000e+00    1.2000000000e+01    2.6383499062e-05    1.0000000000e+00
       176   -8.1516824272e-01    6.6578763983e-01   -1.0606649965e+00    2.4549675381e-01    4.2369160842e-01    3.3179334769e-01   -1.8161531759e+00    3.2232683016e-06    1.2000000000e+01    2.9286725021e-04    1.0000000000e+00
       177   -8.2644216199e-01    6.8545793225e-01   -1.2903632798e+00    4.6392111777e-01    4.0666529956e-01    3.3179334769e-01   -2.0288356660e+00    1.3738939615e-05    1.2000000000e+01    3.3911750052e-05    1.0000000000e+00
       178   -7.8188029255e-01    6.1226970052e-01   -1.3775549296e+00    5.9567463705e-01    4.9155297125e-01    3.3179334769e-01   -2.2009477953e+00    4.6546806199e-05    1.2000000000e+01    3.1758750538e-05    1.0000000000e+00
       179   -8.1034687507e-01    6.5856630059e-01   -1.5247957146e+00    7.1444883955e-01    4.0895857053e-01    3.3179334769e-01   -2.2659105462e+00    3.6291339074e-04    1.2000000000e+01    2.8602000384e-05    1.0000000000e+00
       180   -8.0942694859e-01    6.5910989552e-01   -1.4087879107e+00    5.9936096214e-01    3.5833883390e-01    3.3179334769e-01   -2.0989365817e+00    1.6489413016e-05    1.2000000000e+01    3.5845000184e-05    1.0000000000e+00
       181   -7.8151257884e-01    6.1265079789e-01   -2.0295971109e+00    1.2480845321e+00    3.8062134984e-01    3.3179334769e-01   -2.7420522477e+00    4.0439264961e-05    1.2000000000e+01    3.5152250348e-05    1.0000000000e+00
       182   -7.7942201817e-01    6.1087133362e-01   -1.9335497422e+00    1.1541277241e+00    3.7167706890e-01    3.3179334769e-01   -2.6370529602e+00    3.2801351701e-05    1.2000000000e+01    4.8311750106e-05    1.0000000000e+00
       183   -7.4312408139e-01    5.5438932707e-01   -1.8943177632e+00    1.1511936818e+00    4.0685457930e-01    3.3179334769e-01   -2.6330286066e+00    6.2916421455e-05    1.2000000000e+01    3.9186999857e-05    1.0000000000e+00
       184   -7.4888667270e-01    5.6257023001e-01   -1.5552626084e+00    8.0637593574e-01    4.0341317659e-01    3.3179334769e-01   -2.2907770103e+00    3.0787753138e-04    1.2000000000e+01    4.8757749937e-05    1.0000000000e+00
       185   -7.7562724000e-01    6.0209301703e-01   -1.4194024004e+00    6.4377516036e-01    3.5726187806e-01    3.3179334769e-01   -2.1130657061e+00    4.6080799628e-03    1.2000000000e+01    5.1498000175e-05    9.5833333333e-01
       186   -7.7983735032e-01    6.1036154743e-01   -1.5106765571e+00    7.3083920683e-01    3.0446559408e-01    3.3179334769e-01   -2.1506292326e+00    3.6937336592e-03    1.2000000000e+01    4.7503249789e-05    1.0000000000e+00
       187   -7.7045861110e-01    5.9491527499e-01   -1.5653197412e+00    7.9486113006e-01    3.1920954483e-01    3.3179334769e-01   -2.2553306293e+00    3.9007995595e-02    1.2000000000e+01    4.4217749746e-05    1.0000000000e+00
       188   -7.5891921330e-01    5.7986975884e-01   -2.0809508957e+00    1.3220316824e+00    3.4076418093e-01    3.3179334769e-01   -2.7729688487e+00    1.9460424310e-02    1.2000000000e+01    4.3836499572e-05    9.5833333333e-01
       189   -7.9817132608e-01    6.4116064361e-01   -1.3385127227e+00    5.4034139666e-01    3.1749858585e-01    3.3179334769e-01   -1.9940198980e+00    6.2152417068e-03    1.2000000000e+01    4.4286500270e-05    1.0000000000e+00
       190   -7.8786629506e-01    6.2291296207e-01   -1.2425835196e+00    4.5471722455e-01    3.0620547626e-01    3.3179334769e-01   -1.8897503688e+00    9.1680252030e-03    1.2000000000e+01    4.7206750423e-05    9.5833333333e-01
       191   -7.8186049279e-01    6.1451954488e-01   -1.1379594357e+00    3.5609894290e-01    3.0873023993e-01    3.3179334769e-01   -1.7907844127e+00    1.2301389360e-02    1.2000000000e+01    4.3841249862e-05    1.0000000000e+00
       192   -7.4517374658e-01    5.5662806814e-01   -8.7602415731e-01    1.3085041073e-01    2.8575348139e-01    3.3179334769e-01   -1.6138384122e+00    1.2026742580e-01    1.2000000000e+01    3.8673250401e-05    1.0000000000e+00
       193   -7.1851979475e-01    5.1961697507e-01   -7.3792196435e-01    1.9402169595e-02    2.7662953055e-01    3.3179334769e-01   -1.3648983688e+00    1.8553526183e-02    1.2000000000e+01    3.6593500226e-05    1.0000000000e+00
       194   -7.1283064823e-01    5.1531086539e-01   -7.4941907624e-01    3.6588428008e-02    2.8491212109e-01    3.3179334769e-01   -1.4544840810e+00    8.8359535989e-02    1.2000000000e+01    3.0006249744e-05    1.0000000000e+00
       195   -7.6210095910e-01    5.8589441067e-01   -8.9310873105e-01    1.3100777195e-01    3.0968141956e-01    3.3179334769e-01   -1.6330116516e+00    9.8428153292e-02    1.2000000000e+01    3.3867499496e-05    1.0000000000e+00
       196   -7.8500428309e-01    6.2307161914e-01   -9.3222675704e-01    1.4722247396e-01    2.8967753667e-01    3.3179334769e-01   -1.6142842295e+00    6.0586588120e-02    1.2000000000e+01    6.3821999902e-05    1.0000000000e+00
       197   -7.6616242497e-01    5.9140720440e-01   -8.6555461011e-01    9.9392185138e-02    2.6053434457e-01    3.3179334769e-01   -1.4787868166e+00    2.0904514207e-02    1.2000000000e+01    7.3331250405e-05    1.0000000000e+00
       198   -7.6875435814e-01    6.0155450627e-01   -7.2540311618e-01   -4.3351241961e-02    2.5385780985e-01    3.3179334769e-01   -1.5775233603e+00    2.6646908659e-01    1.2000000000e+01    4.7276000259e-05    1.0000000000e+00
       199   -7.6568510726e-01    5.9068999187e-01   -9.6374150773e-01    1.9805640046e-01    2.4862047947e-01    3.3179334769e-01   -1.5590036112e+00    1.4848276295e-02    1.2000000000e+01    6.7628500346e-05    1.0000000000e+00
