                     0              0.835968                  -0.5
                 0.008              0.831983             -0.496157
                 0.016              0.828029             -0.492371
                 0.024              0.824105             -0.488643
                 0.032              0.820211             -0.484973
                  0.04              0.816345              -0.48136
                 0.048              0.812509             -0.477805
                 0.056                0.8087             -0.474308
                 0.064               0.80492             -0.470868
                 0.072              0.801166             -0.467486
                  0.08               0.79744             -0.464161
                 0.088               0.79374             -0.460895
                 0.096              0.790065             -0.457686
                 0.104              0.786416             -0.454534
                 0.112              0.782793              -0.45144
                  0.12              0.779193             -0.448404
                 0.128              0.775618             -0.445426
                 0.136              0.772066             -0.442505
                 0.144              0.768538             -0.439642
                 0.152              0.765032             -0.436836
                  0.16              0.761548             -0.434089
                 0.168              0.758086             -0.431398
                 0.176              0.754646             -0.428766
                 0.184              0.751226             -0.426191
                 0.192              0.747826             -0.423674
                   0.2              0.744447             -0.421214
                 0.208              0.741087             -0.418812
                 0.216              0.737746             -0.416468
                 0.224              0.734423             -0.414181
                 0.232              0.731119             -0.411952
                  0.24              0.727832             -0.409781
                 0.248              0.724562             -0.407667
                 0.256              0.721309             -0.405612
                 0.264              0.718072             -0.403613
                 0.272              0.714851             -0.401673
                  0.28              0.711645              -0.39979
                 0.288              0.708454             -0.397964
                 0.296              0.705278             -0.396196
                 0.304              0.702115             -0.394486
                 0.312              0.698966             -0.392834
                  0.32              0.695829             -0.391239
                 0.328              0.692706             -0.389702
                 0.336              0.689594             -0.388223
                 0.344              0.686494             -0.386801
                 0.352              0.683405             -0.385437
                  0.36              0.680327              -0.38413
                 0.368              0.677259             -0.382882
                 0.376              0.674201             -0.381691
                 0.384              0.671152             -0.380557
                 0.392              0.668111             -0.379481
                   0.4               0.66508             -0.378463
                 0.408              0.662056             -0.377503
                 0.416               0.65904               -0.3766
                 0.424               0.65603             -0.375754
                 0.432              0.653027             -0.374967
                  0.44              0.650031             -0.374237
                 0.448              0.647039             -0.373565
                 0.456              0.644053              -0.37295
                 0.464              0.641072             -0.372393
                 0.472              0.638095             -0.371893
                  0.48              0.635122             -0.371407
                 0.488              0.632152             -0.370915
                 0.496              0.629187             -0.370415
                 0.504              0.626226             -0.369908
                 0.512              0.623269             -0.369394
                  0.52              0.620316             -0.368873
                 0.528              0.617367             -0.368344
                 0.536              0.614422             -0.367809
                 0.544              0.611482             -0.367266
                 0.552              0.608546             -0.366716
                  0.56              0.605614             -0.366159
                 0.568              0.602687             -0.365595
                 0.576              0.599765             -0.365023
                 0.584              0.596847             -0.364445
                 0.592              0.593934             -0.363859
                   0.6              0.591025             -0.363266
                 0.608              0.588121             -0.362666
                 0.616              0.585223             -0.362059
                 0.624              0.582329             -0.361444
                 0.632              0.579439             -0.360823
                  0.64              0.576555             -0.360194
                 0.648              0.573676             -0.359558
                 0.656              0.570802             -0.358915
                 0.664              0.567934             -0.358265
                 0.672               0.56507             -0.357608
                  0.68              0.562212             -0.356943
                 0.688              0.559359             -0.356272
                 0.696              0.556512             -0.355593
                 0.704               0.55367             -0.354907
                 0.712              0.550833             -0.354214
                  0.72              0.548002             -0.353513
                 0.728              0.545177             -0.352806
                 0.736              0.542357             -0.352091
                 0.744              0.539544             -0.351369
                 0.752              0.536736              -0.35064
                  0.76              0.533933             -0.349904
                 0.768              0.531137             -0.349161
                 0.776              0.528347              -0.34841
                 0.784              0.525563             -0.347653
                 0.792              0.522784             -0.346888
                   0.8              0.520012             -0.346116
                 0.808              0.517247             -0.345337
                 0.816              0.514487             -0.344551
                 0.824              0.511734             -0.343757
                 0.832              0.508987             -0.342957
                  0.84              0.506246             -0.342149
                 0.848              0.503513             -0.341334
                 0.856              0.500785             -0.340512
                 0.864              0.498064             -0.339683
                 0.872               0.49535             -0.338846
                  0.88              0.492643             -0.338003
                 0.888              0.489942             -0.337152
                 0.896              0.487248             -0.336294
                 0.904              0.484562             -0.335429
                 0.912              0.481882             -0.334557
                  0.92              0.479209             -0.333678
                 0.928              0.476543             -0.332791
                 0.936              0.473884             -0.331897
                 0.944              0.471232             -0.330997
                 0.952              0.468588             -0.330099
                  0.96              0.465951             -0.329204
                 0.968              0.463321             -0.328314
                 0.976              0.460698             -0.327427
                 0.984              0.458082             -0.326544
                 0.992              0.455473             -0.325666
                     1              0.452871             -0.324791
                 1.008              0.450276              -0.32392
                 1.016              0.447689             -0.323054
                 1.024              0.445108             -0.322191
                 1.032              0.442533             -0.321332
                  1.04              0.439966             -0.320478
                 1.048              0.437406             -0.319627
                 1.056              0.434852              -0.31878
                 1.064              0.432305             -0.317937
                 1.072              0.429765             -0.317098
                  1.08              0.427232             -0.316263
                 1.088              0.424705             -0.315433
                 1.096              0.422185             -0.314606
                 1.104              0.419671             -0.313783
                 1.112              0.417164             -0.312964
                  1.12              0.414664             -0.312149
                 1.128               0.41217             -0.311338
                 1.136              0.409682             -0.310531
                 1.144              0.407201             -0.309728
                 1.152              0.404727             -0.308929
                  1.16              0.402258             -0.308134
                 1.168              0.399797             -0.307342
                 1.176              0.397341             -0.306555
                 1.184              0.394892             -0.305772
                 1.192              0.392449             -0.304993
                   1.2              0.390012             -0.304218
                 1.208              0.387581             -0.303447
                 1.216              0.385157             -0.302679
                 1.224              0.382738             -0.301916
                 1.232              0.380326             -0.301157
                  1.24               0.37792             -0.300401
                 1.248               0.37552              -0.29965
                 1.256              0.373125             -0.298903
                 1.264              0.370737             -0.298159
                 1.272              0.368355              -0.29742
                  1.28              0.365978             -0.296685
                 1.288              0.363608             -0.295953
                 1.296              0.361243             -0.295226
                 1.304              0.358884             -0.294502
                 1.312              0.356531             -0.293783
                  1.32              0.354184             -0.293067
                 1.328              0.351842             -0.292356
                 1.336              0.349506             -0.291648
                 1.344              0.347176             -0.290944
                 1.352              0.344851             -0.290245
                  1.36              0.342532             -0.289549
                 1.368              0.340218             -0.288858
                 1.376               0.33791              -0.28817
                 1.384              0.335607             -0.287486
                 1.392               0.33331             -0.286806
                   1.4              0.331018             -0.286131
                 1.408              0.328732             -0.285459
                 1.416              0.326451             -0.284791
                 1.424              0.324175             -0.284123
                 1.432              0.321905             -0.283455
                  1.44               0.31964             -0.282788
                 1.448               0.31738             -0.282121
                 1.456              0.315126             -0.281455
                 1.464              0.312877             -0.280788
                 1.472              0.310634             -0.280122
                  1.48              0.308395             -0.279456
                 1.488              0.306162              -0.27879
                 1.496              0.303935             -0.278125
                 1.504              0.301712             -0.277459
                 1.512              0.299495             -0.276794
                  1.52              0.297284             -0.276129
                 1.528              0.295077             -0.275465
                 1.536              0.292876             -0.274801
                 1.544               0.29068             -0.274136
                 1.552               0.28849             -0.273473
                  1.56              0.286305             -0.272809
                 1.568              0.284125             -0.272146
                 1.576               0.28195             -0.271482
                 1.584              0.279781              -0.27082
                 1.592              0.277617             -0.270157
                   1.6              0.275459             -0.269494
                 1.608              0.273305             -0.268832
                 1.616              0.271157              -0.26817
                 1.624              0.269015             -0.267509
                 1.632              0.266877             -0.266847
                  1.64              0.264745             -0.266186
                 1.648              0.262618             -0.265525
                 1.656              0.260497             -0.264864
                 1.664               0.25838             -0.264204
                 1.672              0.256269             -0.263543
                  1.68              0.254164             -0.262883
                 1.688              0.252063             -0.262224
                 1.696              0.249968             -0.261564
                 1.704              0.247878             -0.260905
                 1.712              0.245794             -0.260246
                  1.72              0.243714             -0.259587
                 1.728               0.24164             -0.258928
                 1.736              0.239572              -0.25827
                 1.744              0.237508             -0.257612
                 1.752               0.23545             -0.256954
                  1.76              0.233397             -0.256296
                 1.768              0.231349             -0.255639
                 1.776              0.229307             -0.254981
                 1.784              0.227269             -0.254325
                 1.792              0.225237             -0.253668
                   1.8              0.223211             -0.253011
                 1.808              0.221189             -0.252355
                 1.816              0.219173             -0.251699
                 1.824              0.217162             -0.251043
                 1.832              0.215156             -0.250388
                  1.84              0.213156             -0.249733
                 1.848              0.211161             -0.249078
                 1.856              0.209171             -0.248423
                 1.864              0.207186             -0.247768
                 1.872              0.205206             -0.247114
                  1.88              0.203232              -0.24646
                 1.888              0.201263             -0.245806
                 1.896              0.199299             -0.245154
                 1.904               0.19734             -0.244504
                 1.912              0.195387             -0.243855
                  1.92              0.193439             -0.243207
                 1.928              0.191496             -0.242562
                 1.936              0.189558             -0.241917
                 1.944              0.187625             -0.241274
                 1.952              0.185697             -0.240633
                  1.96              0.183775             -0.239993
                 1.968              0.181857             -0.239355
                 1.976              0.179945             -0.238719
                 1.984              0.178038             -0.238084
                 1.992              0.176136              -0.23745
                     2              0.174239             -0.236818
                 2.008              0.172347             -0.236188
                 2.016               0.17046             -0.235559
                 2.024              0.168578             -0.234931
                 2.032              0.166701             -0.234305
                  2.04              0.164829             -0.233681
                 2.048              0.162962             -0.233058
                 2.056                0.1611             -0.232437
                 2.064              0.159243             -0.231817
                 2.072              0.157391             -0.231199
                  2.08              0.155544             -0.230583
                 2.088              0.153702             -0.229967
                 2.096              0.151864             -0.229354
                 2.104              0.150032             -0.228742
                 2.112              0.148204             -0.228131
                  2.12              0.146382             -0.227523
                 2.128              0.144564             -0.226915
                 2.136              0.142751             -0.226309
                 2.144              0.140943             -0.225705
                 2.152               0.13914             -0.225102
                  2.16              0.137341             -0.224501
                 2.168              0.135548             -0.223901
                 2.176              0.133759             -0.223303
                 2.184              0.131975             -0.222707
                 2.192              0.130196             -0.222112
                   2.2              0.128421             -0.221518
                 2.208              0.126651             -0.220926
                 2.216              0.124886             -0.220336
                 2.224              0.123126             -0.219747
                 2.232               0.12137             -0.219159
                  2.24              0.119619             -0.218574
                 2.248              0.117873             -0.217989
                 2.256              0.116132             -0.217407
                 2.264              0.114395             -0.216825
                 2.272              0.112662             -0.216246
                  2.28              0.110935             -0.215668
                 2.288              0.109212             -0.215091
                 2.296              0.107493             -0.214516
                 2.304              0.105779             -0.213942
                 2.312               0.10407             -0.213371
                  2.32              0.102366               -0.2128
                 2.328              0.100665             -0.212231
                 2.336             0.0989698             -0.211664
                 2.344             0.0972788             -0.211098
                 2.352             0.0955923             -0.210534
                  2.36             0.0939103             -0.209971
                 2.368             0.0922327             -0.209408
                 2.376             0.0905597             -0.208845
                 2.384             0.0888912             -0.208282
                 2.392             0.0872272              -0.20772
                   2.4             0.0855677             -0.207158
                 2.408             0.0839127             -0.206596
                 2.416             0.0822622             -0.206035
                 2.424             0.0806161             -0.205473
                 2.432             0.0789746             -0.204912
                  2.44             0.0773375             -0.204351
                 2.448              0.075705             -0.203791
                 2.456             0.0740769              -0.20323
                 2.464             0.0724533              -0.20267
                 2.472             0.0708342              -0.20211
                  2.48             0.0692195              -0.20155
                 2.488             0.0676094             -0.200991
                 2.496             0.0660037             -0.200432
                 2.504             0.0644025             -0.199873
                 2.512             0.0628057             -0.199314
                  2.52             0.0612134             -0.198755
                 2.528             0.0596256             -0.198197
                 2.536             0.0580423             -0.197639
                 2.544             0.0564634             -0.197081
                 2.552              0.054889             -0.196524
                  2.56              0.053319             -0.195966
                 2.568             0.0517535             -0.195409
                 2.576             0.0501925             -0.194852
                 2.584             0.0486359             -0.194296
                 2.592             0.0470837             -0.193739
                   2.6              0.045536             -0.193183
                 2.608             0.0439928             -0.192627
                 2.616              0.042454             -0.192071
                 2.624             0.0409197             -0.191516
                 2.632             0.0393898             -0.190961
                  2.64             0.0378643             -0.190406
                 2.648             0.0363433             -0.189851
                 2.656             0.0348267             -0.189296
                 2.664             0.0333145             -0.188742
                 2.672             0.0318068             -0.188188
                  2.68             0.0303035             -0.187634
                 2.688             0.0288047              -0.18708
                 2.696             0.0273102             -0.186527
                 2.704             0.0258202             -0.185974
                 2.712             0.0243346             -0.185421
                  2.72             0.0228535             -0.184868
                 2.728             0.0213768             -0.184316
                 2.736             0.0199044             -0.183764
                 2.744             0.0184365             -0.183212
                 2.752              0.016973              -0.18266
                  2.76              0.015514             -0.182109
                 2.768             0.0140593             -0.181557
                 2.776              0.012609             -0.181006
                 2.784             0.0111632             -0.180456
                 2.792            0.00972176             -0.179905
                   2.8            0.00828472             -0.179355
                 2.808            0.00685209             -0.178805
                 2.816            0.00542385             -0.178255
                 2.824            0.00400001             -0.177705
                 2.832            0.00258057             -0.177156
                  2.84            0.00116551             -0.176607
                 2.848          -0.000245156              -0.17606
                 2.856           -0.00165144             -0.175512
                 2.864           -0.00305336             -0.174966
                 2.872            -0.0044509              -0.17442
                  2.88           -0.00584408             -0.173875
                 2.888            -0.0072329              -0.17333
                 2.896           -0.00861737             -0.172786
                 2.904           -0.00999749             -0.172243
                 2.912            -0.0113733             -0.171701
                  2.92            -0.0127447             -0.171159
                 2.928            -0.0141118             -0.170617
                 2.936            -0.0154746             -0.170077
                 2.944             -0.016833             -0.169537
                 2.952            -0.0181872             -0.168998
                  2.96             -0.019537             -0.168459
                 2.968            -0.0208825             -0.167921
                 2.976            -0.0222237             -0.167384
                 2.984            -0.0235607             -0.166847
                 2.992            -0.0248933             -0.166311
                     3            -0.0262216             -0.165776
                 3.008            -0.0275457             -0.165241
                 3.016            -0.0288655             -0.164707
                 3.024             -0.030181             -0.164174
                 3.032            -0.0314923             -0.163641
                  3.04            -0.0327993             -0.163109
                 3.048             -0.034102             -0.162578
                 3.056            -0.0354005             -0.162047
                 3.064            -0.0366948             -0.161517
                 3.072            -0.0379848             -0.160987
                  3.08            -0.0392706             -0.160459
                 3.088            -0.0405521             -0.159931
                 3.096            -0.0418295             -0.159403
                 3.104            -0.0431026             -0.158876
                 3.112            -0.0443715              -0.15835
                  3.12            -0.0456362             -0.157825
                 3.128            -0.0468967               -0.1573
                 3.136             -0.048153             -0.156776
                 3.144            -0.0494051             -0.156252
                 3.152             -0.050653             -0.155729
                  3.16            -0.0518968             -0.155207
                 3.168            -0.0531363             -0.154686
                 3.176            -0.0543717             -0.154165
                 3.184             -0.055603             -0.153645
                 3.192            -0.0568301             -0.153125
                   3.2             -0.058053             -0.152606
                 3.208            -0.0592718             -0.152088
                 3.216            -0.0604864              -0.15157
                 3.224            -0.0616969             -0.151053
                 3.232            -0.0629033             -0.150537
                  3.24            -0.0641055             -0.150022
                 3.248            -0.0653036             -0.149507
                 3.256            -0.0664976             -0.148992
                 3.264            -0.0676875             -0.148479
                 3.272            -0.0688733             -0.147966
                  3.28            -0.0700549             -0.147453
                 3.288            -0.0712325             -0.146942
                 3.296             -0.072406             -0.146431
                 3.304            -0.0735754             -0.145919
                 3.312            -0.0747407             -0.145408
                  3.32            -0.0759019             -0.144896
                 3.328             -0.077059             -0.144383
                 3.336             -0.078212              -0.14387
                 3.344             -0.079361             -0.143356
                 3.352            -0.0805057             -0.142842
                  3.36            -0.0816464             -0.142327
                 3.368             -0.082783             -0.141812
                 3.376            -0.0839154             -0.141297
                 3.384            -0.0850437             -0.140781
                 3.392            -0.0861679             -0.140264
                   3.4             -0.087288             -0.139747
                 3.408            -0.0884039             -0.139229
                 3.416            -0.0895156             -0.138711
                 3.424            -0.0906232             -0.138193
                 3.432            -0.0917267             -0.137674
                  3.44             -0.092826             -0.137154
                 3.448            -0.0939212             -0.136634
                 3.456            -0.0950122             -0.136114
                 3.464             -0.096099             -0.135592
                 3.472            -0.0971816             -0.135071
                  3.48            -0.0982601             -0.134549
                 3.488            -0.0993344             -0.134026
                 3.496             -0.100405             -0.133503
                 3.504              -0.10147              -0.13298
                 3.512             -0.102532             -0.132456
                  3.52              -0.10359             -0.131932
                 3.528             -0.104643             -0.131407
                 3.536             -0.105692             -0.130881
                 3.544             -0.106737             -0.130355
                 3.552             -0.107778             -0.129829
                  3.56             -0.108814             -0.129302
                 3.568             -0.109847             -0.128775
                 3.576             -0.110875             -0.128247
                 3.584             -0.111899             -0.127718
                 3.592             -0.112918             -0.127189
                   3.6             -0.113934              -0.12666
                 3.608             -0.114945              -0.12613
                 3.616             -0.115952               -0.1256
                 3.624             -0.116955             -0.125069
                 3.632             -0.117953             -0.124538
                  3.64             -0.118947             -0.124006
                 3.648             -0.119937             -0.123473
                 3.656             -0.120923             -0.122941
                 3.664             -0.121904             -0.122407
                 3.672             -0.122881             -0.121874
                  3.68             -0.123854             -0.121339
                 3.688             -0.124823             -0.120804
                 3.696             -0.125787             -0.120269
                 3.704             -0.126747             -0.119733
                 3.712             -0.127703             -0.119197
                  3.72             -0.128654              -0.11866
                 3.728             -0.129601             -0.118123
                 3.736             -0.130544             -0.117585
                 3.744             -0.131483             -0.117047
                 3.752             -0.132417             -0.116509
                  3.76             -0.133347             -0.115969
                 3.768             -0.134272              -0.11543
                 3.776             -0.135194             -0.114891
                 3.784             -0.136111             -0.114353
                 3.792             -0.137023             -0.113816
                   3.8             -0.137932              -0.11328
                 3.808             -0.138836             -0.112745
                 3.816             -0.139736             -0.112211
                 3.824             -0.140631             -0.111678
                 3.832             -0.141522             -0.111146
                  3.84             -0.142409             -0.110615
                 3.848             -0.143292             -0.110085
                 3.856             -0.144171             -0.109556
                 3.864             -0.145045             -0.109028
                 3.872             -0.145915             -0.108501
                  3.88             -0.146781             -0.107975
                 3.888             -0.147643              -0.10745
                 3.896               -0.1485             -0.106926
                 3.904             -0.149354             -0.106402
                 3.912             -0.150203              -0.10588
                  3.92             -0.151048             -0.105359
                 3.928             -0.151889             -0.104839
                 3.936             -0.152725             -0.104319
                 3.944             -0.153558             -0.103801
                 3.952             -0.154386             -0.103284
                  3.96              -0.15521             -0.102767
                 3.968              -0.15603             -0.102252
                 3.976             -0.156846             -0.101737
                 3.984             -0.157658             -0.101224
                 3.992             -0.158466             -0.100712
                     4             -0.159269               -0.1002
                 4.008             -0.160069            -0.0996897
                 4.016             -0.160865            -0.0991801
                 4.024             -0.161656            -0.0986716
                 4.032             -0.162443             -0.098164
                  4.04             -0.163227            -0.0976575
                 4.048             -0.164006            -0.0971518
                 4.056             -0.164781            -0.0966472
                 4.064             -0.165552            -0.0961436
                 4.072             -0.166319            -0.0956409
                  4.08             -0.167082            -0.0951392
                 4.088             -0.167842            -0.0946385
                 4.096             -0.168597            -0.0941387
                 4.104             -0.169348              -0.09364
                 4.112             -0.170095            -0.0931422
                  4.12             -0.170838            -0.0926454
                 4.128             -0.171577            -0.0921495
                 4.136             -0.172312            -0.0916547
                 4.144             -0.173044            -0.0911608
                 4.152             -0.173771            -0.0906679
                  4.16             -0.174494             -0.090176
                 4.168             -0.175214            -0.0896851
                 4.176             -0.175929            -0.0891951
                 4.184             -0.176641            -0.0887061
                 4.192             -0.177349            -0.0882181
                   4.2             -0.178052            -0.0877311
                 4.208             -0.178752             -0.087245
                 4.216             -0.179448            -0.0867599
                 4.224              -0.18014            -0.0862758
                 4.232             -0.180829            -0.0857927
                  4.24             -0.181513            -0.0853102
                 4.248             -0.182194            -0.0848265
                 4.256              -0.18287            -0.0843414
                 4.264             -0.183543             -0.083855
                 4.272             -0.184212            -0.0833672
                  4.28             -0.184877            -0.0828781
                 4.288             -0.185538            -0.0823876
                 4.296             -0.186195            -0.0818957
                 4.304             -0.186848            -0.0814025
                 4.312             -0.187498            -0.0809079
                  4.32             -0.188143             -0.080412
                 4.328             -0.188784            -0.0799147
                 4.336             -0.189422            -0.0794161
                 4.344             -0.190055            -0.0789161
                 4.352             -0.190684            -0.0784147
                  4.36              -0.19131             -0.077912
                 4.368             -0.191931            -0.0774079
                 4.376             -0.192548            -0.0769025
                 4.384             -0.193161            -0.0763957
                 4.392              -0.19377            -0.0758876
                   4.4             -0.194375            -0.0753781
                 4.408             -0.194976            -0.0748672
                 4.416             -0.195573             -0.074355
                 4.424             -0.196166            -0.0738414
                 4.432             -0.196755            -0.0733265
                  4.44             -0.197339            -0.0728102
                 4.448              -0.19792            -0.0722925
                 4.456             -0.198496            -0.0717735
                 4.464             -0.199068            -0.0712531
                 4.472             -0.199636            -0.0707314
                  4.48               -0.2002            -0.0702083
                 4.488             -0.200759            -0.0696839
                 4.496             -0.201315            -0.0691581
                 4.504             -0.201866            -0.0686309
                 4.512             -0.202413            -0.0681024
                  4.52             -0.202956            -0.0675725
                 4.528             -0.203494            -0.0670413
                 4.536             -0.204028            -0.0665087
                 4.544             -0.204558            -0.0659748
                 4.552             -0.205084            -0.0654395
                  4.56             -0.205605            -0.0649028
                 4.568             -0.206122            -0.0643648
                 4.576             -0.206635            -0.0638254
                 4.584             -0.207143            -0.0632847
                 4.592             -0.207648            -0.0627426
                   4.6             -0.208147            -0.0621992
                 4.608             -0.208643            -0.0616544
                 4.616             -0.209134            -0.0611082
                 4.624              -0.20962            -0.0605607
                 4.632             -0.210103            -0.0600118
                  4.64             -0.210581            -0.0594616
                 4.648             -0.211054              -0.05891
                 4.656             -0.211523             -0.058357
                 4.664             -0.211988            -0.0578027
                 4.672             -0.212448             -0.057247
                  4.68             -0.212904              -0.05669
                 4.688             -0.213355            -0.0561316
                 4.696             -0.213802            -0.0555719
                 4.704             -0.214244            -0.0550108
                 4.712             -0.214682            -0.0544485
                  4.72             -0.215115            -0.0538854
                 4.728             -0.215544            -0.0533215
                 4.736             -0.215969            -0.0527568
                 4.744             -0.216388            -0.0521912
                 4.752             -0.216804            -0.0516249
                  4.76             -0.217214            -0.0510578
                 4.768             -0.217621            -0.0504899
                 4.776             -0.218022            -0.0499212
                 4.784             -0.218419            -0.0493517
                 4.792             -0.218812            -0.0487814
                   4.8               -0.2192            -0.0482103
                 4.808             -0.219583            -0.0476384
                 4.816             -0.219962            -0.0470657
                 4.824             -0.220336            -0.0464922
                 4.832             -0.220706            -0.0459179
                  4.84             -0.221071            -0.0453428
                 4.848             -0.221431            -0.0447669
                 4.856             -0.221787            -0.0441902
                 4.864             -0.222138            -0.0436127
                 4.872             -0.222485            -0.0430344
                  4.88             -0.222827            -0.0424553
                 4.888             -0.223164            -0.0418754
                 4.896             -0.223497            -0.0412947
                 4.904             -0.223825            -0.0407132
                 4.912             -0.224148            -0.0401309
                  4.92             -0.224467            -0.0395478
                 4.928             -0.224781            -0.0389639
                 4.936              -0.22509            -0.0383792
                 4.944             -0.225395            -0.0377937
                 4.952             -0.225695            -0.0372074
                  4.96              -0.22599            -0.0366203
                 4.968             -0.226281            -0.0360324
                 4.976             -0.226567            -0.0354437
                 4.984             -0.226848            -0.0348542
                 4.992             -0.227125            -0.0342639
                     5             -0.227396            -0.0336728
                 5.008             -0.227663            -0.0330809
                 5.016             -0.227926            -0.0324882
                 5.024             -0.228183            -0.0318947
                 5.032             -0.228436            -0.0313004
                  5.04             -0.228684            -0.0307053
                 5.048             -0.228927            -0.0301095
                 5.056             -0.229166            -0.0295128
                 5.064               -0.2294            -0.0289153
                 5.072             -0.229628             -0.028317
                  5.08             -0.229853            -0.0277179
                 5.088             -0.230072             -0.027118
                 5.096             -0.230286            -0.0265173
                 5.104             -0.230496            -0.0259158
                 5.112             -0.230701            -0.0253135
                  5.12             -0.230901            -0.0247104
                 5.128             -0.231096            -0.0241066
                 5.136             -0.231287            -0.0235019
                 5.144             -0.231473            -0.0228964
                 5.152             -0.231653            -0.0222901
                  5.16             -0.231829             -0.021683
                 5.168                -0.232            -0.0210751
                 5.176             -0.232166            -0.0204664
                 5.184             -0.232328            -0.0198586
                 5.192             -0.232484            -0.0192536
                   5.2             -0.232636            -0.0186515
                 5.208             -0.232783            -0.0180523
                 5.216             -0.232925            -0.0174559
                 5.224             -0.233062            -0.0168625
                 5.232             -0.233194            -0.0162719
                  5.24             -0.233322            -0.0156842
                 5.248             -0.233445            -0.0150994
                 5.256             -0.233564            -0.0145175
                 5.264             -0.233678            -0.0139384
                 5.272             -0.233787            -0.0133623
                  5.28             -0.233891             -0.012789
                 5.288             -0.233991            -0.0122186
                 5.296             -0.234087            -0.0116511
                 5.304             -0.234178            -0.0110864
                 5.312             -0.234264            -0.0105247
                  5.32             -0.234346           -0.00996578
                 5.328             -0.234424           -0.00940978
                 5.336             -0.234497           -0.00885667
                 5.344             -0.234565           -0.00830643
                 5.352              -0.23463           -0.00775908
                  5.36              -0.23469           -0.00721461
                 5.368             -0.234745           -0.00667302
                 5.376             -0.234796           -0.00613431
                 5.384             -0.234843           -0.00559848
                 5.392             -0.234886           -0.00506553
                   5.4             -0.234924           -0.00453547
                 5.408             -0.234959           -0.00400828
                 5.416             -0.234989           -0.00348398
                 5.424             -0.235014           -0.00296256
                 5.432             -0.235036           -0.00244402
                  5.44             -0.235053           -0.00192836
                 5.448             -0.235067           -0.00141558
                 5.456             -0.235076          -0.000905689
                 5.464             -0.235081          -0.000398674
                 5.472             -0.235082           0.000105459
                  5.48              -0.23508           0.000606711
                 5.488             -0.235073            0.00110508
                 5.496             -0.235062            0.00160057
                 5.504             -0.235047            0.00209318
                 5.512             -0.235028            0.00258291
                  5.52             -0.235006            0.00306975
                 5.528             -0.234979            0.00355372
                 5.536             -0.234949             0.0040348
                 5.544             -0.234915              0.004513
                 5.552             -0.234877            0.00498832
                  5.56             -0.234835            0.00546076
                 5.568             -0.234789            0.00593032
                 5.576              -0.23474            0.00639699
                 5.584             -0.234687            0.00686079
                 5.592              -0.23463             0.0073217
                   5.6              -0.23457            0.00777973
                 5.608             -0.234506            0.00823488
                 5.616             -0.234438            0.00868715
                 5.624             -0.234367            0.00913654
                 5.632             -0.234292            0.00958305
                  5.64             -0.234214             0.0100267
                 5.648             -0.234132             0.0104675
                 5.656             -0.234046             0.0109123
                 5.664             -0.233957             0.0113654
                 5.672             -0.233864             0.0118269
                  5.68             -0.233768             0.0122968
                 5.688             -0.233667              0.012775
                 5.696             -0.233563             0.0132615
                 5.704             -0.233455             0.0137564
                 5.712             -0.233343             0.0142597
                  5.72             -0.233227             0.0147713
                 5.728             -0.233107             0.0152913
                 5.736             -0.232982             0.0158196
                 5.744             -0.232854             0.0163562
                 5.752             -0.232721             0.0169012
                  5.76             -0.232583             0.0174546
                 5.768             -0.232441             0.0180163
                 5.776             -0.232295             0.0185863
                 5.784             -0.232144             0.0191647
                 5.792             -0.231988             0.0197515
                   5.8             -0.231828             0.0203466
                 5.808             -0.231663               0.02095
                 5.816             -0.231493             0.0215618
                 5.824             -0.231318              0.022182
                 5.832             -0.231138             0.0228105
                  5.84             -0.230953             0.0234473
                 5.848             -0.230763             0.0240925
                 5.856             -0.230567             0.0247461
                 5.864             -0.230367              0.025408
                 5.872             -0.230161             0.0260783
                  5.88             -0.229949             0.0267569
                 5.888             -0.229733             0.0274438
                 5.896              -0.22951             0.0281391
                 5.904             -0.229282             0.0288428
                 5.912             -0.229049             0.0295548
                  5.92             -0.228809             0.0302751
                 5.928             -0.228564             0.0310039
                 5.936             -0.228313             0.0317409
                 5.944             -0.228056             0.0324863
                 5.952             -0.227794             0.0332401
                  5.96             -0.227525             0.0340022
                 5.968             -0.227249             0.0347726
                 5.976             -0.226968             0.0355514
                 5.984             -0.226681             0.0363386
                 5.992             -0.226387             0.0371341
                     6             -0.226086              0.037938
                 6.008              -0.22578             0.0387502
                 6.016             -0.225466             0.0395707
                 6.024             -0.225147             0.0403996
                 6.032              -0.22482             0.0412369
                  6.04             -0.224487             0.0420825
                 6.048             -0.224147             0.0429365
                 6.056               -0.2238             0.0437988
                 6.064             -0.223446             0.0446694
                 6.072             -0.223085             0.0455484
                  6.08             -0.222717             0.0464358
                 6.088             -0.222342             0.0473315
                 6.096              -0.22196             0.0482356
                 6.104              -0.22157              0.049148
                 6.112             -0.221173             0.0500687
                  6.12             -0.220769             0.0509968
                 6.128             -0.220357             0.0519157
                 6.136             -0.219938             0.0528196
                 6.144             -0.219512             0.0537084
                 6.152             -0.219079             0.0545822
                  6.16             -0.218639             0.0554409
                 6.168             -0.218192             0.0562846
                 6.176             -0.217739             0.0571132
                 6.184             -0.217278             0.0579269
                 6.192             -0.216812             0.0587254
                   6.2             -0.216339              0.059509
                 6.208              -0.21586             0.0602775
                 6.216             -0.215374             0.0610309
                 6.224             -0.214883             0.0617693
                 6.232             -0.214386             0.0624927
                  6.24             -0.213883             0.0632011
                 6.248             -0.213375             0.0638944
                 6.256             -0.212861             0.0645726
                 6.264             -0.212342             0.0652359
                 6.272             -0.211817             0.0658841
                  6.28             -0.211288             0.0665172
                 6.288             -0.210753             0.0671353
                 6.296             -0.210214             0.0677384
                 6.304             -0.209669             0.0683264
                 6.312              -0.20912             0.0688994
                  6.32             -0.208567             0.0694574
                 6.328             -0.208009             0.0700003
                 6.336             -0.207447             0.0705282
                 6.344             -0.206881              0.071041
                 6.352              -0.20631             0.0715388
                  6.36             -0.205736             0.0720215
                 6.368             -0.205158             0.0724893
                 6.376             -0.204576             0.0729419
                 6.384             -0.203991             0.0733796
                 6.392             -0.203402             0.0738022
                   6.4              -0.20281             0.0742098
                 6.408             -0.202215             0.0746023
                 6.416             -0.201617             0.0749798
                 6.424             -0.201015             0.0753422
                 6.432             -0.200411             0.0756896
                  6.44             -0.199804              0.076022
                 6.448             -0.199195             0.0763393
                 6.456             -0.198583             0.0766416
                 6.464             -0.197969             0.0769289
                 6.472             -0.197352             0.0772011
                  6.48             -0.196734             0.0774583
                 6.488             -0.196113             0.0777004
                 6.496              -0.19549             0.0779275
                 6.504             -0.194866             0.0781396
                 6.512              -0.19424             0.0783366
                  6.52             -0.193613             0.0785186
                 6.528             -0.192984             0.0786855
                 6.536             -0.192354             0.0788374
                 6.544             -0.191723             0.0789743
                 6.552              -0.19109             0.0790961
                  6.56             -0.190457             0.0792029
                 6.568             -0.189823             0.0792946
                 6.576             -0.189188             0.0793713
                 6.584             -0.188553              0.079433
                 6.592             -0.187918             0.0794889
                   6.6             -0.187281             0.0796013
                 6.608             -0.186644             0.0797819
                 6.616             -0.186005             0.0800307
                 6.624             -0.185363             0.0803478
                 6.632             -0.184719             0.0807331
                  6.64             -0.184071             0.0811866
                 6.648              -0.18342             0.0817083
                 6.656             -0.182764             0.0822983
                 6.664             -0.182103             0.0829565
                 6.672             -0.181436             0.0836829
                  6.68             -0.180764             0.0844775
                 6.688             -0.180084             0.0853403
                 6.696             -0.179398             0.0862714
                 6.704             -0.178704             0.0872706
                 6.712             -0.178001             0.0883382
                  6.72              -0.17729             0.0894739
                 6.728              -0.17657             0.0906778
                 6.736             -0.175839               0.09195
                 6.744             -0.175098             0.0932904
                 6.752             -0.174346              0.094699
                  6.76             -0.173583             0.0961758
                 6.768             -0.172807             0.0977209
                 6.776             -0.172019             0.0993341
                 6.784             -0.171218              0.101016
                 6.792             -0.170403              0.102765
                   6.8             -0.169573              0.104583
                 6.808             -0.168729              0.106469
                 6.816              -0.16787              0.108424
                 6.824             -0.166994              0.110446
                 6.832             -0.166102              0.112537
                  6.84             -0.165193              0.114696
                 6.848             -0.164267              0.116924
                 6.856             -0.163323              0.119219
                 6.864             -0.162359              0.121583
                 6.872             -0.161377              0.124015
                  6.88             -0.160375              0.126515
                 6.888             -0.159353              0.129083
                 6.896             -0.158309               0.13172
                 6.904             -0.157245              0.134425
                 6.912             -0.156158              0.137198
                  6.92              -0.15505              0.140039
                 6.928             -0.153918              0.142948
                 6.936             -0.152762              0.145926
                 6.944             -0.151583              0.148972
                 6.952             -0.150378              0.152086
                  6.96             -0.149149              0.155269
                 6.968             -0.147894              0.158519
                 6.976             -0.146613              0.161838
                 6.984             -0.145304              0.165225
                 6.992             -0.143969               0.16868
                     7             -0.142605              0.172204
                 7.008             -0.141213              0.175795
                 7.016             -0.139792              0.179455
                 7.024             -0.138342              0.183183
                 7.032             -0.136861               0.18698
                  7.04              -0.13535              0.190844
                 7.048             -0.133808              0.194777
                 7.056             -0.132233              0.198778
                 7.064             -0.130627              0.202799
                 7.072             -0.128989              0.206674
                  7.08             -0.127321              0.210386
                 7.088             -0.125623              0.213938
                 7.096             -0.123898              0.217328
                 7.104             -0.122146              0.220556
                 7.112              -0.12037              0.223624
                  7.12             -0.118569              0.226529
                 7.128             -0.116746              0.229274
                 7.136             -0.114901              0.231857
                 7.144             -0.113036              0.234279
                 7.152             -0.111153              0.236539
                  7.16             -0.109252              0.238638
                 7.168             -0.107335              0.240576
                 7.176             -0.105403              0.242352
                 7.184             -0.103458              0.243967
                 7.192               -0.1015              0.245421
                   7.2            -0.0995317              0.246713
                 7.208            -0.0975533              0.247844
                 7.216            -0.0955666              0.248813
                 7.224            -0.0935727              0.249621
                 7.232            -0.0915731              0.250268
                  7.24            -0.0895689              0.250754
                 7.248            -0.0875614              0.251077
                 7.256            -0.0855521               0.25124
                 7.264             -0.083542              0.251241
                 7.272            -0.0815326              0.251081
                  7.28            -0.0795252               0.25076
                 7.288            -0.0775209              0.250277
                 7.296            -0.0755212              0.249633
                 7.304            -0.0735272              0.248827
                 7.312            -0.0715404               0.24786
                  7.32            -0.0695619              0.246732
                 7.328            -0.0675931              0.245442
                 7.336            -0.0656352              0.243991
                 7.344            -0.0636897              0.242378
                 7.352            -0.0617576              0.240605
                  7.36            -0.0598404              0.238669
                 7.368            -0.0579393              0.236573
                 7.376            -0.0560557              0.234315
                 7.384            -0.0541907              0.231896
                 7.392            -0.0523458              0.229315
                   7.4            -0.0505221              0.226573
                 7.408            -0.0487211              0.223669
                 7.416            -0.0469438              0.220605
                 7.424            -0.0451918              0.217379
                 7.432            -0.0434662              0.213991
                  7.44            -0.0417684              0.210442
                 7.448            -0.0400996              0.206732
                 7.456            -0.0384611               0.20286
                 7.464            -0.0368542              0.198827
                 7.472            -0.0352803              0.194633
                  7.48            -0.0337405              0.190277
                 7.488            -0.0322363               0.18576
                 7.496            -0.0307688              0.181082
                 7.504            -0.0293394              0.176242
                 7.512            -0.0279494               0.17124
                  7.52               -0.0266              0.166078
                 7.528            -0.0252926              0.160754
                 7.536            -0.0240282              0.155355
                 7.544            -0.0228066              0.150044
                 7.552            -0.0216272              0.144825
                  7.56            -0.0204892              0.139699
                 7.568            -0.0193918              0.134665
                 7.576            -0.0183343              0.129724
                 7.584             -0.017316              0.124875
                 7.592            -0.0163361              0.120118
                   7.6            -0.0153938              0.115454
                 7.608            -0.0144886              0.110882
                 7.616            -0.0136195              0.106402
                 7.624            -0.0127859              0.102015
                 7.632             -0.011987             0.0977201
                  7.64            -0.0112221             0.0935176
                 7.648            -0.0104905             0.0894074
                 7.656           -0.00979134             0.0853896
                 7.664           -0.00912399             0.0814642
                 7.672           -0.00848767             0.0776311
                  7.68           -0.00788165             0.0738904
                 7.688           -0.00730518             0.0702421
                 7.696           -0.00675753             0.0666861
                 7.704           -0.00623795             0.0632225
                 7.712           -0.00574572             0.0598512
                  7.72           -0.00528009             0.0565724
                 7.728           -0.00484032             0.0533858
                 7.736           -0.00442567             0.0502917
                 7.744            -0.0040354             0.0472899
                 7.752           -0.00366878             0.0443804
                  7.76           -0.00332507             0.0415634
                 7.768           -0.00300352             0.0388387
                 7.776            -0.0027034             0.0362063
                 7.784           -0.00242398             0.0336663
                 7.792            -0.0021645             0.0312187
                   7.8           -0.00192423             0.0288634
                 7.808           -0.00170244             0.0266006
                 7.816           -0.00149837               0.02443
                 7.824           -0.00131131             0.0223519
                 7.832            -0.0011405              0.020366
                  7.84          -0.000985206             0.0184726
                 7.848          -0.000844691             0.0166715
                 7.856          -0.000718215             0.0149628
                 7.864          -0.000605039             0.0133465
                 7.872          -0.000504425             0.0118225
                  7.88          -0.000415634             0.0103908
                 7.888          -0.000337926            0.00905158
                 7.896          -0.000270562            0.00780468
                 7.904          -0.000212804            0.00665014
                 7.912          -0.000163914            0.00558796
                  7.92          -0.000123151            0.00461815
                 7.928          -8.97769e-05             0.0037407
                 7.936          -6.30532e-05            0.00295562
                 7.944          -4.22407e-05            0.00226289
                 7.952          -2.66006e-05            0.00166253
                  7.96          -1.53938e-05            0.00115454
                 7.968          -7.88165e-06           0.000738904
                 7.976          -3.32507e-06           0.000415634
                 7.984          -9.85206e-07           0.000184726
                 7.992          -1.23151e-07           4.61815e-05
