#   index    LocalEnergy         LocalEnergy_sq      LocalPotential      Kinetic             ElecElec            IonIon              LocalECP            NonLocalECP         MPC                 KEcorr              BlockWeight         BlockCPU            AcceptRatio         
         0   -4.5755046143e+01    2.0948381632e+03   -8.0380385911e+01    3.4625339768e+01   -1.1599394983e+01   -5.1102678690e+01   -2.0849583209e+01    3.1712709716e+00   -1.1315820338e+01    1.0296874312e-01    2.0480000000e+03    7.3700890399e-01    9.9127197266e-01
         1   -4.5820278796e+01    2.1009162913e+03   -8.0176032658e+01    3.4355753861e+01   -1.1578963021e+01   -5.1102678690e+01   -2.0876962914e+01    3.3825719671e+00   -1.1296613016e+01    1.0296874312e-01    2.0410000000e+03    7.4124702299e-01    9.9122619629e-01
         2   -4.5846705094e+01    2.1034026155e+03   -8.0296777255e+01    3.4450072161e+01   -1.1642260044e+01   -5.1102678690e+01   -2.0824234758e+01    3.2723962375e+00   -1.1361357936e+01    1.0296874312e-01    2.0380000000e+03    7.3796253803e-01    9.9188510534e-01
         3   -4.5814790475e+01    2.1003842266e+03   -8.0286846369e+01    3.4472055893e+01   -1.1618395048e+01   -5.1102678690e+01   -2.0875624251e+01    3.3098516206e+00   -1.1337961461e+01    1.0296874312e-01    2.0500000000e+03    7.3768674000e-01    9.9127514720e-01
         4   -4.5835289952e+01    2.1024059304e+03   -8.0162932399e+01    3.4327642448e+01   -1.1604004899e+01   -5.1102678690e+01   -2.0879337442e+01    3.4230886322e+00   -1.1323978616e+01    1.0296874312e-01    2.0490000000e+03    7.3703241302e-01    9.9175304878e-01
         5   -4.5826589588e+01    2.1014138354e+03   -8.0171139202e+01    3.4344549614e+01   -1.1551323187e+01   -5.1102678690e+01   -2.0883542968e+01    3.3664056437e+00   -1.1275769519e+01    1.0296874312e-01    2.0560000000e+03    7.3952514201e-01    9.9068142997e-01
         6   -4.5816202097e+01    2.1005426742e+03   -8.0202951396e+01    3.4386749299e+01   -1.1542560507e+01   -5.1102678690e+01   -2.1024668307e+01    3.4669561079e+00   -1.1267640197e+01    1.0296874312e-01    2.0440000000e+03    7.4422249000e-01    9.9113874027e-01
         7   -4.5869204239e+01    2.1053383810e+03   -8.0211493488e+01    3.4342289249e+01   -1.1537113415e+01   -5.1102678690e+01   -2.0904485929e+01    3.3327845457e+00   -1.1264119494e+01    1.0296874312e-01    2.0510000000e+03    7.3620849790e-01    9.9151479941e-01
         8   -4.5890880278e+01    2.1072896772e+03   -8.0090133991e+01    3.4199253713e+01   -1.1523022872e+01   -5.1102678690e+01   -2.0973947089e+01    3.5095146609e+00   -1.1247642199e+01    1.0296874312e-01    2.0580000000e+03    7.3665026098e-01    9.9122379327e-01
         9   -4.5868599031e+01    2.1052673323e+03   -8.0167367970e+01    3.4298768939e+01   -1.1554017307e+01   -5.1102678690e+01   -2.0981125595e+01    3.4704536227e+00   -1.1279492816e+01    1.0296874312e-01    2.0390000000e+03    7.4809381098e-01    9.9014516521e-01
        10   -4.5874889293e+01    2.1058074737e+03   -8.0379918857e+01    3.4505029564e+01   -1.1601083041e+01   -5.1102678690e+01   -2.0932114669e+01    3.2559575429e+00   -1.1330926384e+01    1.0296874312e-01    2.0590000000e+03    7.3948232201e-01    9.9065105444e-01
        11   -4.5899779913e+01    2.1082410913e+03   -8.0244131212e+01    3.4344351299e+01   -1.1596281704e+01   -5.1102678690e+01   -2.0853966607e+01    3.3087957894e+00   -1.1323962342e+01    1.0296874312e-01    2.0510000000e+03    7.4486773799e-01    9.9136413307e-01
        12   -4.5917164683e+01    2.1097299785e+03   -8.0272557799e+01    3.4355393115e+01   -1.1654828862e+01   -5.1102678690e+01   -2.0796110201e+01    3.2810599552e+00   -1.1383116332e+01    1.0296874312e-01    2.0410000000e+03    7.4237949203e-01    9.9061433447e-01
        13   -4.5894459630e+01    2.1076019193e+03   -8.0228406216e+01    3.4333946586e+01   -1.1608457527e+01   -5.1102678690e+01   -2.0937220554e+01    3.4199505555e+00   -1.1335071553e+01    1.0296874312e-01    2.0450000000e+03    7.3984506796e-01    9.9121141597e-01
        14   -4.5875541235e+01    2.1059209152e+03   -8.0149885687e+01    3.4274344452e+01   -1.1590624071e+01   -5.1102678690e+01   -2.0948995332e+01    3.4924124068e+00   -1.1318516048e+01    1.0296874312e-01    2.0510000000e+03    7.4398312601e-01    9.9092298289e-01
        15   -4.5912465473e+01    2.1095721005e+03   -8.0287743302e+01    3.4375277829e+01   -1.1605003287e+01   -5.1102678690e+01   -2.1038832955e+01    3.4587716306e+00   -1.1333882945e+01    1.0296874312e-01    2.0570000000e+03    7.3997677094e-01    9.9081240858e-01
        16   -4.5883429863e+01    2.1066052143e+03   -8.0442652711e+01    3.4559222848e+01   -1.1574679923e+01   -5.1102678690e+01   -2.1077247096e+01    3.3119529989e+00   -1.1301635216e+01    1.0296874312e-01    2.0490000000e+03    7.4005841208e-01    9.9118862421e-01
        17   -4.5909115623e+01    2.1091046865e+03   -8.0470588474e+01    3.4561472851e+01   -1.1568528724e+01   -5.1102678690e+01   -2.1061493713e+01    3.2621126535e+00   -1.1293993630e+01    1.0296874312e-01    2.0460000000e+03    7.4025130493e-01    9.9124572962e-01
        18   -4.5917619374e+01    2.1097773792e+03   -8.0529126946e+01    3.4611507572e+01   -1.1583437796e+01   -5.1102678690e+01   -2.1217352461e+01    3.3743420010e+00   -1.1312275825e+01    1.0296874312e-01    2.0490000000e+03    7.3765998904e-01    9.9078995601e-01
        19   -4.5904863916e+01    2.1086056949e+03   -8.0669152048e+01    3.4764288132e+01   -1.1555699260e+01   -5.1102678690e+01   -2.1337578611e+01    3.3268045137e+00   -1.1281896708e+01    1.0296874312e-01    2.0420000000e+03    7.3632228095e-01    9.9173377257e-01
        20   -4.5925704137e+01    2.1104473647e+03   -8.0714172228e+01    3.4788468091e+01   -1.1518528418e+01   -5.1102678690e+01   -2.1536379731e+01    3.4434146110e+00   -1.1247375917e+01    1.0296874312e-01    2.0500000000e+03    7.3280229699e-01    9.9054236043e-01
        21   -4.5914364284e+01    2.1093916250e+03   -8.0701205830e+01    3.4786841546e+01   -1.1572685245e+01   -5.1102678690e+01   -2.1426267045e+01    3.4004251504e+00   -1.1300022682e+01    1.0296874312e-01    2.0550000000e+03    7.3633758503e-01    9.9132621951e-01
        22   -4.5952602152e+01    2.1130487628e+03   -8.0592200706e+01    3.4639598554e+01   -1.1600362405e+01   -5.1102678690e+01   -2.1545400221e+01    3.6562406107e+00   -1.1327955723e+01    1.0296874312e-01    2.0580000000e+03    7.3959540506e-01    9.9162104623e-01
        23   -4.5938612438e+01    2.1118431733e+03   -8.0833033213e+01    3.4894420775e+01   -1.1614676907e+01   -5.1102678690e+01   -2.1431095057e+01    3.3154174410e+00   -1.1347837346e+01    1.0296874312e-01    2.0630000000e+03    7.3910163692e-01    9.9072218173e-01
        24   -4.5934338026e+01    2.1113079963e+03   -8.0702490473e+01    3.4768152447e+01   -1.1592172353e+01   -5.1102678690e+01   -2.1340899689e+01    3.3332602589e+00   -1.1328427117e+01    1.0296874312e-01    2.0630000000e+03    7.4697644101e-01    9.9136572952e-01
        25   -4.5948143454e+01    2.1126711802e+03   -8.0868810748e+01    3.4920667294e+01   -1.1562084773e+01   -5.1102678690e+01   -2.1463409191e+01    3.2593619064e+00   -1.1297919057e+01    1.0296874312e-01    2.0660000000e+03    7.5021185109e-01    9.9112336403e-01
        26   -4.5951089454e+01    2.1127682744e+03   -8.0696898077e+01    3.4745808622e+01   -1.1490957084e+01   -5.1102678690e+01   -2.1454323764e+01    3.3510614620e+00   -1.1230512249e+01    1.0296874312e-01    2.0690000000e+03    7.5059524190e-01    9.9033458374e-01
        27   -4.5926814753e+01    2.1105203449e+03   -8.0700451872e+01    3.4773637119e+01   -1.1574665935e+01   -5.1102678690e+01   -2.1383097957e+01    3.3599907109e+00   -1.1312975015e+01    1.0296874312e-01    2.0560000000e+03    7.4724941701e-01    9.9060536491e-01
        28   -4.5952850458e+01    2.1129549634e+03   -8.0729905392e+01    3.4777054933e+01   -1.1605799306e+01   -5.1102678690e+01   -2.1347086758e+01    3.3256593633e+00   -1.1346183239e+01    1.0296874312e-01    2.0540000000e+03    7.4215043301e-01    9.9171631809e-01
        29   -4.5914559465e+01    2.1095191929e+03   -8.0562841036e+01    3.4648281571e+01   -1.1605263451e+01   -5.1102678690e+01   -2.1287448095e+01    3.4325492001e+00   -1.1349368723e+01    1.0296874312e-01    2.0570000000e+03    7.4329550494e-01    9.9099318403e-01
        30   -4.5933733264e+01    2.1114080137e+03   -8.0565806825e+01    3.4632073561e+01   -1.1570060479e+01   -5.1102678690e+01   -2.1377336239e+01    3.4842685827e+00   -1.1311347794e+01    1.0296874312e-01    2.0530000000e+03    7.3938602000e-01    9.9176592124e-01
        31   -4.5915587623e+01    2.1096758468e+03   -8.0446664626e+01    3.4531077003e+01   -1.1575133958e+01   -5.1102678690e+01   -2.1222976794e+01    3.4541248168e+00   -1.1315788776e+01    1.0296874312e-01    2.0610000000e+03    7.3867877200e-01    9.9129322942e-01
        32   -4.5931020267e+01    2.1110373692e+03   -8.0633715373e+01    3.4702695106e+01   -1.1574027759e+01   -5.1102678690e+01   -2.1378496917e+01    3.4214879939e+00   -1.1317624223e+01    1.0296874312e-01    2.0560000000e+03    7.3977929307e-01    9.9173641436e-01
        33   -4.5922085576e+01    2.1103204350e+03   -8.0599390065e+01    3.4677304489e+01   -1.1578855397e+01   -5.1102678690e+01   -2.1198114188e+01    3.2802582106e+00   -1.1321221794e+01    1.0296874312e-01    2.0490000000e+03    7.4191010289e-01    9.9056116245e-01
        34   -4.5918286645e+01    2.1100142378e+03   -8.0917568549e+01    3.4999281905e+01   -1.1555541261e+01   -5.1102678690e+01   -2.1430411957e+01    3.1710633596e+00   -1.1297009661e+01    1.0296874312e-01    2.0400000000e+03    7.3469387100e-01    9.9042215715e-01
        35   -4.5930834309e+01    2.1110204963e+03   -8.0790564355e+01    3.4859730046e+01   -1.1502699317e+01   -5.1102678690e+01   -2.1421612568e+01    3.2364262210e+00   -1.1239700458e+01    1.0296874312e-01    2.0390000000e+03    7.3257053504e-01    9.9091605392e-01
        36   -4.5922495955e+01    2.1103168722e+03   -8.0817096663e+01    3.4894600709e+01   -1.1569736957e+01   -5.1102678690e+01   -2.1415584417e+01    3.2709034008e+00   -1.1309633630e+01    1.0296874312e-01    2.0400000000e+03    7.3115955899e-01    9.9034453163e-01
        37   -4.5913525995e+01    2.1093725351e+03   -8.0761141083e+01    3.4847615087e+01   -1.1608224672e+01   -5.1102678690e+01   -2.1254920218e+01    3.2046824978e+00   -1.1349189837e+01    1.0296874312e-01    2.0380000000e+03    7.3631477600e-01    9.9070159314e-01
        38   -4.5928406471e+01    2.1109895024e+03   -8.0613225169e+01    3.4684818698e+01   -1.1603109802e+01   -5.1102678690e+01   -2.1161210131e+01    3.2537734535e+00   -1.1340042123e+01    1.0296874312e-01    2.0340000000e+03    7.3295922100e-01    9.9044712954e-01
        39   -4.5930401106e+01    2.1109993690e+03   -8.0751840401e+01    3.4821439296e+01   -1.1656801714e+01   -5.1102678690e+01   -2.1169620868e+01    3.1772608714e+00   -1.1392770180e+01    1.0296874312e-01    2.0280000000e+03    7.2947037499e-01    9.9145771878e-01
        40   -4.5937799899e+01    2.1128169483e+03   -8.0893310851e+01    3.4955510952e+01   -1.1692245234e+01   -5.1102678690e+01   -2.1223705578e+01    3.1253186521e+00   -1.1428994235e+01    1.0296874312e-01    2.0210000000e+03    7.2762296896e-01    9.9106262327e-01
        41   -4.5916114470e+01    2.1096555991e+03   -8.1004590148e+01    3.5088475679e+01   -1.1704729866e+01   -5.1102678690e+01   -2.1342174274e+01    3.1449926826e+00   -1.1442521793e+01    1.0296874312e-01    2.0160000000e+03    7.2905113804e-01    9.9157285997e-01
        42   -4.5899674365e+01    2.1081984715e+03   -8.0960724289e+01    3.5061049923e+01   -1.1670367742e+01   -5.1102678690e+01   -2.1534854294e+01    3.3471764382e+00   -1.1410595336e+01    1.0296874312e-01    2.0160000000e+03    7.2270894493e-01    9.9080791171e-01
        43   -4.5899708080e+01    2.1081940680e+03   -8.0892936750e+01    3.4993228671e+01   -1.1646681256e+01   -5.1102678690e+01   -2.1606028414e+01    3.4624516100e+00   -1.1384987518e+01    1.0296874312e-01    2.0110000000e+03    7.2262047802e-01    9.9049789187e-01
        44   -4.5908200408e+01    2.1093481570e+03   -8.0596845400e+01    3.4688644992e+01   -1.1648819263e+01   -5.1102678690e+01   -2.1334156019e+01    3.4888085728e+00   -1.1386520623e+01    1.0296874312e-01    2.0100000000e+03    7.2137277096e-01    9.9118908503e-01
        45   -4.5908529936e+01    2.1089631758e+03   -8.0806940179e+01    3.4898410243e+01   -1.1630922102e+01   -5.1102678690e+01   -2.1285769485e+01    3.2124300979e+00   -1.1366157899e+01    1.0296874312e-01    2.0200000000e+03    7.1874896390e-01    9.9171330846e-01
        46   -4.5937281707e+01    2.1119016985e+03   -8.0682711657e+01    3.4745429949e+01   -1.1604119150e+01   -5.1102678690e+01   -2.1269348152e+01    3.2934343358e+00   -1.1343567557e+01    1.0296874312e-01    2.0240000000e+03    7.2842241800e-01    9.9133663366e-01
        47   -4.5935291655e+01    2.1115241232e+03   -8.0490587607e+01    3.4555295952e+01   -1.1607063076e+01   -5.1102678690e+01   -2.1108016821e+01    3.3271709794e+00   -1.1347709022e+01    1.0296874312e-01    2.0270000000e+03    7.2565076197e-01    9.9138463439e-01
        48   -4.5926271615e+01    2.1105199912e+03   -8.0737532358e+01    3.4811260743e+01   -1.1589069020e+01   -5.1102678690e+01   -2.1352676959e+01    3.3068923112e+00   -1.1335661728e+01    1.0296874312e-01    2.0260000000e+03    7.2956659098e-01    9.9091946226e-01
        49   -4.5916831544e+01    2.1096142410e+03   -8.0690521049e+01    3.4773689505e+01   -1.1590099320e+01   -5.1102678690e+01   -2.1276591713e+01    3.2788486740e+00   -1.1331301154e+01    1.0296874312e-01    2.0250000000e+03    7.2605541500e-01    9.9059106614e-01
        50   -4.5919666461e+01    2.1099555730e+03   -8.0724488891e+01    3.4804822429e+01   -1.1664729339e+01   -5.1102678690e+01   -2.1381877796e+01    3.4247969347e+00   -1.1407631951e+01    1.0296874312e-01    2.0260000000e+03    7.2782114404e-01    9.9120370370e-01
        51   -4.5910131792e+01    2.1090218347e+03   -8.0596377289e+01    3.4686245497e+01   -1.1616706738e+01   -5.1102678690e+01   -2.1234277938e+01    3.3572860774e+00   -1.1363697807e+01    1.0296874312e-01    2.0320000000e+03    7.2818852798e-01    9.9086870681e-01
        52   -4.5932681025e+01    2.1111579695e+03   -8.0545103859e+01    3.4612422835e+01   -1.1681806863e+01   -5.1102678690e+01   -2.1188307320e+01    3.4276890141e+00   -1.1425554592e+01    1.0296874312e-01    2.0340000000e+03    7.3342835496e-01    9.9075725886e-01
        53   -4.5954848197e+01    2.1132282821e+03   -8.0643303340e+01    3.4688455143e+01   -1.1622958076e+01   -5.1102678690e+01   -2.1329405469e+01    3.4117388949e+00   -1.1366217294e+01    1.0296874312e-01    2.0460000000e+03    7.3122516798e-01    9.9145771878e-01
        54   -4.5948071954e+01    2.1127615357e+03   -8.0481934891e+01    3.4533862937e+01   -1.1561955413e+01   -5.1102678690e+01   -2.1369801063e+01    3.5525002749e+00   -1.1306757613e+01    1.0296874312e-01    2.0440000000e+03    7.4184783106e-01    9.9077468231e-01
        55   -4.5963405225e+01    2.1140229472e+03   -8.0410689314e+01    3.4447284088e+01   -1.1626399057e+01   -5.1102678690e+01   -2.1251935074e+01    3.5703235082e+00   -1.1371909882e+01    1.0296874312e-01    2.0370000000e+03    7.3466624797e-01    9.9134662427e-01
        56   -4.5932551574e+01    2.1112063431e+03   -8.0536046766e+01    3.4603495193e+01   -1.1633853184e+01   -5.1102678690e+01   -2.1423518483e+01    3.6240035912e+00   -1.1376901094e+01    1.0296874312e-01    2.0360000000e+03    7.3489504098e-01    9.9136291114e-01
        57   -4.5928138581e+01    2.1107532236e+03   -8.0561606094e+01    3.4633467513e+01   -1.1641861964e+01   -5.1102678690e+01   -2.1431729645e+01    3.6146642052e+00   -1.1385479690e+01    1.0296874312e-01    2.0390000000e+03    7.3378853197e-01    9.9138936640e-01
        58   -4.5919734614e+01    2.1099133883e+03   -8.0406212082e+01    3.4486477468e+01   -1.1642582929e+01   -5.1102678690e+01   -2.1214564117e+01    3.5536136555e+00   -1.1383920759e+01    1.0296874312e-01    2.0340000000e+03    7.3645158205e-01    9.9146333987e-01
        59   -4.5944471702e+01    2.1121599824e+03   -8.0655584238e+01    3.4711112537e+01   -1.1670101313e+01   -5.1102678690e+01   -2.1285791082e+01    3.4029868476e+00   -1.1408141497e+01    1.0296874312e-01    2.0330000000e+03    7.3071580997e-01    9.9107362340e-01
        60   -4.5921961258e+01    2.1101401004e+03   -8.0509742878e+01    3.4587781620e+01   -1.1608433779e+01   -5.1102678690e+01   -2.1207521500e+01    3.4088910910e+00   -1.1345137882e+01    1.0296874312e-01    2.0310000000e+03    7.3122151999e-01    9.9103848992e-01
        61   -4.5961252458e+01    2.1137355381e+03   -8.0505456475e+01    3.4544204017e+01   -1.1674045402e+01   -5.1102678690e+01   -2.1085230339e+01    3.3564979564e+00   -1.1414668117e+01    1.0296874312e-01    2.0270000000e+03    7.3302320100e-01    9.9109121123e-01
        62   -4.5969213417e+01    2.1147843888e+03   -8.0542776427e+01    3.4573563010e+01   -1.1647515385e+01   -5.1102678690e+01   -2.1240417144e+01    3.4478347926e+00   -1.1385747608e+01    1.0296874312e-01    2.0390000000e+03    7.3446487100e-01    9.9053404045e-01
        63   -4.5991095899e+01    2.1165648429e+03   -8.0639990372e+01    3.4648894474e+01   -1.1675550138e+01   -5.1102678690e+01   -2.1203756505e+01    3.3419949610e+00   -1.1416855119e+01    1.0296874312e-01    2.0520000000e+03    7.4867913197e-01    9.9031387935e-01
        64   -4.5969876729e+01    2.1145017781e+03   -8.0432087544e+01    3.4462210816e+01   -1.1672025528e+01   -5.1102678690e+01   -2.0964187300e+01    3.3068039745e+00   -1.1412498241e+01    1.0296874312e-01    2.0520000000e+03    7.4039855006e-01    9.9095394737e-01
        65   -4.5986192934e+01    2.1161085100e+03   -8.0661050720e+01    3.4674857786e+01   -1.1658579995e+01   -5.1102678690e+01   -2.0989483004e+01    3.0896909697e+00   -1.1402538094e+01    1.0296874312e-01    2.0450000000e+03    7.3915552208e-01    9.9083211501e-01
        66   -4.5976919252e+01    2.1153387105e+03   -8.0912711008e+01    3.4935791756e+01   -1.1645555396e+01   -5.1102678690e+01   -2.1215796162e+01    3.0513192412e+00   -1.1390673905e+01    1.0296874312e-01    2.0420000000e+03    7.3596671701e-01    9.9125916870e-01
        67   -4.5984546621e+01    2.1160161672e+03   -8.0777303658e+01    3.4792757037e+01   -1.1569438394e+01   -5.1102678690e+01   -2.1102394130e+01    2.9972075555e+00   -1.1313027993e+01    1.0296874312e-01    2.0400000000e+03    7.3052977305e-01    9.9185847209e-01
        68   -4.5947520248e+01    2.1128193787e+03   -8.0678511286e+01    3.4730991038e+01   -1.1628123419e+01   -5.1102678690e+01   -2.1143801001e+01    3.1960918245e+00   -1.1371029871e+01    1.0296874312e-01    2.0380000000e+03    7.3050396401e-01    9.9064031863e-01
        69   -4.5964501337e+01    2.1141933106e+03   -8.0582388930e+01    3.4617887593e+01   -1.1674057487e+01   -5.1102678690e+01   -2.1200240225e+01    3.3945874733e+00   -1.1412249238e+01    1.0296874312e-01    2.0360000000e+03    7.2905553703e-01    9.9106047596e-01
        70   -4.5985592449e+01    2.1160519570e+03   -8.0520101665e+01    3.4534509215e+01   -1.1652705776e+01   -5.1102678690e+01   -2.1168240747e+01    3.4035235489e+00   -1.1394279503e+01    1.0296874312e-01    2.0420000000e+03    7.4302288890e-01    9.9126657662e-01
        71   -4.5982230359e+01    2.1156265454e+03   -8.0586392538e+01    3.4604162179e+01   -1.1628490728e+01   -5.1102678690e+01   -2.1165313305e+01    3.3100901846e+00   -1.1376533294e+01    1.0296874312e-01    2.0430000000e+03    7.3203673901e-01    9.9121571988e-01
        72   -4.6022461939e+01    2.1194161212e+03   -8.0876886432e+01    3.4854424494e+01   -1.1656147695e+01   -5.1102678690e+01   -2.1309249714e+01    3.1911896664e+00   -1.1404328523e+01    1.0296874312e-01    2.0440000000e+03    7.2967705200e-01    9.9148005384e-01
        73   -4.5969050006e+01    2.1145538400e+03   -8.0815270658e+01    3.4846220652e+01   -1.1609671111e+01   -5.1102678690e+01   -2.1338354683e+01    3.2354338273e+00   -1.1355174864e+01    1.0296874312e-01    2.0480000000e+03    7.3093611305e-01    9.9113258317e-01
        74   -4.5991679144e+01    2.1165076013e+03   -8.0637759127e+01    3.4646079983e+01   -1.1619264247e+01   -5.1102678690e+01   -2.1292980819e+01    3.3771646302e+00   -1.1361022449e+01    1.0296874312e-01    2.0540000000e+03    7.3635986005e-01    9.9118041992e-01
        75   -4.5942032855e+01    2.1119119265e+03   -8.0604319743e+01    3.4662286888e+01   -1.1622489820e+01   -5.1102678690e+01   -2.1189208420e+01    3.3100571874e+00   -1.1363120562e+01    1.0296874312e-01    2.0570000000e+03    7.3824532097e-01    9.9141918208e-01
        76   -4.5955981729e+01    2.1132224301e+03   -8.0500881787e+01    3.4544900058e+01   -1.1622894561e+01   -5.1102678690e+01   -2.1148136040e+01    3.3728275046e+00   -1.1367872880e+01    1.0296874312e-01    2.0620000000e+03    7.3660131299e-01    9.9085439961e-01
        77   -4.5967021932e+01    2.1143712390e+03   -8.0605160762e+01    3.4638138831e+01   -1.1564010567e+01   -5.1102678690e+01   -2.1144091697e+01    3.2056201919e+00   -1.1308491947e+01    1.0296874312e-01    2.0630000000e+03    7.3698291508e-01    9.9104328322e-01
        78   -4.5963883951e+01    2.1140301794e+03   -8.0719221625e+01    3.4755337674e+01   -1.1615664047e+01   -5.1102678690e+01   -2.1119811495e+01    3.1189326078e+00   -1.1365641143e+01    1.0296874312e-01    2.0660000000e+03    7.3753485701e-01    9.9128999031e-01
        79   -4.5968882626e+01    2.1145868167e+03   -8.0721813123e+01    3.4752930497e+01   -1.1610157682e+01   -5.1102678690e+01   -2.1214941277e+01    3.2059645259e+00   -1.1356784337e+01    1.0296874312e-01    2.0670000000e+03    7.4045871606e-01    9.9037996128e-01
        80   -4.5943999483e+01    2.1121409833e+03   -8.0781483853e+01    3.4837484370e+01   -1.1613704291e+01   -5.1102678690e+01   -2.1308164858e+01    3.2430639864e+00   -1.1361939768e+01    1.0296874312e-01    2.0740000000e+03    7.3998771794e-01    9.9061139332e-01
        81   -4.5963421227e+01    2.1141183995e+03   -8.0693238793e+01    3.4729817566e+01   -1.1659542854e+01   -5.1102678690e+01   -2.1251691413e+01    3.3206741643e+00   -1.1407304892e+01    1.0296874312e-01    2.0750000000e+03    7.4288372800e-01    9.9055267599e-01
        82   -4.5951593883e+01    2.1129724376e+03   -8.0828689785e+01    3.4877095902e+01   -1.1646744324e+01   -5.1102678690e+01   -2.1440115589e+01    3.3608488183e+00   -1.1390194647e+01    1.0296874312e-01    2.0860000000e+03    7.4639458698e-01    9.9156626506e-01
        83   -4.5944008503e+01    2.1121797154e+03   -8.0916705493e+01    3.4972696990e+01   -1.1671574175e+01   -5.1102678690e+01   -2.1518247715e+01    3.3757950867e+00   -1.1412830173e+01    1.0296874312e-01    2.0850000000e+03    7.5602783100e-01    9.9069690796e-01
        84   -4.5918255479e+01    2.1097849827e+03   -8.0753429993e+01    3.4835174514e+01   -1.1554766130e+01   -5.1102678690e+01   -2.1576001330e+01    3.4800161574e+00   -1.1295532552e+01    1.0296874312e-01    2.0840000000e+03    7.5225302600e-01    9.9102218225e-01
        85   -4.5947456325e+01    2.1126427644e+03   -8.0803250651e+01    3.4855794325e+01   -1.1567492400e+01   -5.1102678690e+01   -2.1665353589e+01    3.5322740296e+00   -1.1307912015e+01    1.0296874312e-01    2.0860000000e+03    7.4988076999e-01    9.9070297505e-01
        86   -4.5928985304e+01    2.1109203815e+03   -8.0864618651e+01    3.4935633347e+01   -1.1533556809e+01   -5.1102678690e+01   -2.1652215568e+01    3.4238324164e+00   -1.1276580921e+01    1.0296874312e-01    2.0970000000e+03    7.5395072903e-01    9.9068192713e-01
        87   -4.5923985956e+01    2.1107729524e+03   -8.0733460006e+01    3.4809474050e+01   -1.1516414527e+01   -5.1102678690e+01   -2.1558330779e+01    3.4439639912e+00   -1.1257835023e+01    1.0296874312e-01    2.1030000000e+03    7.6226731308e-01    9.9099904626e-01
        88   -4.5945471315e+01    2.1122390559e+03   -8.0651014906e+01    3.4705543591e+01   -1.1551823886e+01   -5.1102678690e+01   -2.1416829153e+01    3.4203168242e+00   -1.1288062271e+01    1.0296874312e-01    2.1050000000e+03    7.5920531794e-01    9.9099500713e-01
        89   -4.5951922915e+01    2.1129589224e+03   -8.0561124993e+01    3.4609202078e+01   -1.1570373376e+01   -5.1102678690e+01   -2.1335380705e+01    3.4473077783e+00   -1.1301572780e+01    1.0296874312e-01    2.1000000000e+03    7.5828541094e-01    9.9150831354e-01
        90   -4.5968827451e+01    2.1145677623e+03   -8.0581554666e+01    3.4612727214e+01   -1.1618385505e+01   -5.1102678690e+01   -2.1289226274e+01    3.4287358046e+00   -1.1351912106e+01    1.0296874312e-01    2.0980000000e+03    7.5866146293e-01    9.9098214286e-01
        91   -4.5944062179e+01    2.1122606642e+03   -8.0502922810e+01    3.4558860631e+01   -1.1566858013e+01   -5.1102678690e+01   -2.1246863594e+01    3.4134774877e+00   -1.1297577159e+01    1.0296874312e-01    2.0960000000e+03    7.5677517499e-01    9.8975214490e-01
        92   -4.5903792465e+01    2.1084640754e+03   -8.0463394670e+01    3.4559602206e+01   -1.1549490173e+01   -5.1102678690e+01   -2.1317597688e+01    3.5063718810e+00   -1.1281724982e+01    1.0296874312e-01    2.0970000000e+03    7.5437643903e-01    9.9130784828e-01
        93   -4.5958562742e+01    2.1135400688e+03   -8.0800131744e+01    3.4841569002e+01   -1.1596145606e+01   -5.1102678690e+01   -2.1367524320e+01    3.2662168723e+00   -1.1332139479e+01    1.0296874312e-01    2.0910000000e+03    7.5324991206e-01    9.9158023367e-01
        94   -4.5929261899e+01    2.1108619269e+03   -8.0493092178e+01    3.4563830279e+01   -1.1580477807e+01   -5.1102678690e+01   -2.1208207246e+01    3.3982715651e+00   -1.1315139783e+01    1.0296874312e-01    2.0910000000e+03    7.5266462401e-01    9.9125717360e-01
        95   -4.5954083003e+01    2.1132162801e+03   -8.0589101890e+01    3.4635018887e+01   -1.1611866370e+01   -5.1102678690e+01   -2.1332452398e+01    3.4578955681e+00   -1.1346794615e+01    1.0296874312e-01    2.0920000000e+03    7.5627018302e-01    9.9085365854e-01
        96   -4.5930572653e+01    2.1109991670e+03   -8.0782932527e+01    3.4852359874e+01   -1.1631760593e+01   -5.1102678690e+01   -2.1335978834e+01    3.2874855905e+00   -1.1370362955e+01    1.0296874312e-01    2.0990000000e+03    7.5464451604e-01    9.9126135277e-01
        97   -4.5957491156e+01    2.1134775370e+03   -8.0771005991e+01    3.4813514835e+01   -1.1640839273e+01   -5.1102678690e+01   -2.1395920524e+01    3.3684324969e+00   -1.1382704097e+01    1.0296874312e-01    2.0880000000e+03    7.5439294707e-01    9.9176691282e-01
        98   -4.5969694775e+01    2.1146437058e+03   -8.0728022580e+01    3.4758327805e+01   -1.1629142295e+01   -5.1102678690e+01   -2.1470543596e+01    3.4743420010e+00   -1.1371497682e+01    1.0296874312e-01    2.0890000000e+03    7.5242599100e-01    9.9091534962e-01
        99   -4.5960356654e+01    2.1139826371e+03   -8.0658208911e+01    3.4697852257e+01   -1.1593323827e+01   -5.1102678690e+01   -2.1382590867e+01    3.4203844733e+00   -1.1334096006e+01    1.0296874312e-01    2.0910000000e+03    7.5559282000e-01    9.9103937291e-01
       100   -4.5946786680e+01    2.1125305376e+03   -8.0755320902e+01    3.4808534221e+01   -1.1621965314e+01   -5.1102678690e+01   -2.1310154478e+01    3.2794775814e+00   -1.1364545006e+01    1.0296874312e-01    2.0850000000e+03    7.5678430998e-01    9.9128706361e-01
       101   -4.5941920303e+01    2.1120921674e+03   -8.0523507916e+01    3.4581587612e+01   -1.1632527837e+01   -5.1102678690e+01   -2.1264876759e+01    3.4765753706e+00   -1.1377100546e+01    1.0296874312e-01    2.0800000000e+03    7.5317317492e-01    9.9070743405e-01
       102   -4.5907132677e+01    2.1087935367e+03   -8.0742326234e+01    3.4835193557e+01   -1.1656026079e+01   -5.1102678690e+01   -2.1329927405e+01    3.3463059411e+00   -1.1400946190e+01    1.0296874312e-01    2.0720000000e+03    7.4948538991e-01    9.9079026442e-01
       103   -4.5942303326e+01    2.1119361202e+03   -8.0628178432e+01    3.4685875107e+01   -1.1668444610e+01   -5.1102678690e+01   -2.1197132640e+01    3.3400775082e+00   -1.1415731470e+01    1.0296874312e-01    2.0580000000e+03    7.4910554197e-01    9.9156913610e-01
       104   -4.5961433625e+01    2.1137115027e+03   -8.0736783232e+01    3.4775349607e+01   -1.1661537589e+01   -5.1102678690e+01   -2.1145027069e+01    3.1724601160e+00   -1.1403523979e+01    1.0296874312e-01    2.0620000000e+03    7.4015418894e-01    9.9052478134e-01
       105   -4.5950512183e+01    2.1129014764e+03   -8.0753689223e+01    3.4803177040e+01   -1.1626548804e+01   -5.1102678690e+01   -2.1255818415e+01    3.2313566866e+00   -1.1365761124e+01    1.0296874312e-01    2.0680000000e+03    7.4238106899e-01    9.9039161009e-01
       106   -4.5982347657e+01    2.1157863274e+03   -8.0802346757e+01    3.4819999100e+01   -1.1609122434e+01   -5.1102678690e+01   -2.1434016535e+01    3.3434709018e+00   -1.1347467066e+01    1.0296874312e-01    2.0740000000e+03    7.4525663897e-01    9.9099371373e-01
       107   -4.5965491071e+01    2.1141609785e+03   -8.0676052617e+01    3.4710561546e+01   -1.1591659293e+01   -5.1102678690e+01   -2.1410267295e+01    3.4285526622e+00   -1.1329741042e+01    1.0296874312e-01    2.0780000000e+03    7.5221395597e-01    9.9156219865e-01
       108   -4.5936368583e+01    2.1113696869e+03   -8.0704705677e+01    3.4768337094e+01   -1.1621724075e+01   -5.1102678690e+01   -2.1463274639e+01    3.4829717271e+00   -1.1363132693e+01    1.0296874312e-01    2.0800000000e+03    7.4800696096e-01    9.9058589990e-01
       109   -4.5975039594e+01    2.1149914104e+03   -8.0794004363e+01    3.4818964769e+01   -1.1627163566e+01   -5.1102678690e+01   -2.1349706342e+01    3.2855442346e+00   -1.1370247926e+01    1.0296874312e-01    2.0820000000e+03    7.5311698904e-01    9.9097055288e-01
       110   -4.5932714771e+01    2.1111051870e+03   -8.0776583209e+01    3.4843868437e+01   -1.1640408874e+01   -5.1102678690e+01   -2.1222750714e+01    3.1892550696e+00   -1.1379107291e+01    1.0296874312e-01    2.0830000000e+03    7.5398030900e-01    9.9070905379e-01
       111   -4.5955761365e+01    2.1132767295e+03   -8.0946280743e+01    3.4990519378e+01   -1.1645400499e+01   -5.1102678690e+01   -2.1488820503e+01    3.2906189486e+00   -1.1381514544e+01    1.0296874312e-01    2.0800000000e+03    7.5575372099e-01    9.9086353817e-01
       112   -4.5922913500e+01    2.1101576220e+03   -8.0774179469e+01    3.4851265970e+01   -1.1621137814e+01   -5.1102678690e+01   -2.1309595466e+01    3.2592325011e+00   -1.1350779658e+01    1.0296874312e-01    2.0900000000e+03    7.4979232601e-01    9.9101562500e-01
       113   -4.5935453001e+01    2.1116539822e+03   -8.0957831789e+01    3.5022378787e+01   -1.1619530187e+01   -5.1102678690e+01   -2.1453953572e+01    3.2183306601e+00   -1.1352236347e+01    1.0296874312e-01    2.0920000000e+03    7.5772900204e-01    9.9078947368e-01
       114   -4.5916318334e+01    2.1097740031e+03   -8.0706086610e+01    3.4789768275e+01   -1.1615296525e+01   -5.1102678690e+01   -2.1434768832e+01    3.4466574383e+00   -1.1354580580e+01    1.0296874312e-01    2.0900000000e+03    7.6225871104e-01    9.9102234704e-01
       115   -4.5955265255e+01    2.1132432101e+03   -8.0767097520e+01    3.4811832265e+01   -1.1614805363e+01   -5.1102678690e+01   -2.1369835879e+01    3.3202224133e+00   -1.1353965449e+01    1.0296874312e-01    2.0900000000e+03    7.5931071502e-01    9.9087918660e-01
       116   -4.5922170999e+01    2.1101587114e+03   -8.0532266839e+01    3.4610095840e+01   -1.1609148659e+01   -5.1102678690e+01   -2.1300685539e+01    3.4802460488e+00   -1.1350914523e+01    1.0296874312e-01    2.0920000000e+03    7.5450382999e-01    9.9107356459e-01
       117   -4.5902425236e+01    2.1084172363e+03   -8.0784943327e+01    3.4882518092e+01   -1.1651972879e+01   -5.1102678690e+01   -2.1393791963e+01    3.3635002050e+00   -1.1390055139e+01    1.0296874312e-01    2.0820000000e+03    7.5641421997e-01    9.9082815488e-01
       118   -4.5920286235e+01    2.1100925240e+03   -8.0792861950e+01    3.4872575715e+01   -1.1653732457e+01   -5.1102678690e+01   -2.1446618147e+01    3.4101673445e+00   -1.1395479152e+01    1.0296874312e-01    2.0780000000e+03    7.5338198396e-01    9.9115934198e-01
       119   -4.5920354735e+01    2.1100498008e+03   -8.0771126583e+01    3.4850771847e+01   -1.1619481111e+01   -5.1102678690e+01   -2.1516578192e+01    3.4676114105e+00   -1.1356664520e+01    1.0296874312e-01    2.0690000000e+03    7.5307921600e-01    9.9064605390e-01
       120   -4.5924118045e+01    2.1103840384e+03   -8.1001984428e+01    3.5077866383e+01   -1.1614801477e+01   -5.1102678690e+01   -2.1556581712e+01    3.2720774525e+00   -1.1353979051e+01    1.0296874312e-01    2.0660000000e+03    7.5098611997e-01    9.9078661189e-01
       121   -4.5908370575e+01    2.1092324098e+03   -8.0984008677e+01    3.5075638102e+01   -1.1577061476e+01   -5.1102678690e+01   -2.1496598514e+01    3.1923300042e+00   -1.1313553296e+01    1.0296874312e-01    2.0620000000e+03    7.4432202498e-01    9.9160515489e-01
       122   -4.5905499399e+01    2.1084851386e+03   -8.0869372387e+01    3.4963872988e+01   -1.1560266702e+01   -5.1102678690e+01   -2.1547506357e+01    3.3410793625e+00   -1.1292133313e+01    1.0296874312e-01    2.0610000000e+03    7.4311916810e-01    9.9184650824e-01
       123   -4.5904985680e+01    2.1085506210e+03   -8.0860291892e+01    3.4955306212e+01   -1.1586979267e+01   -5.1102678690e+01   -2.1455204190e+01    3.2845702551e+00   -1.1315494942e+01    1.0296874312e-01    2.0630000000e+03    7.4961155502e-01    9.9090247453e-01
       124   -4.5900701959e+01    2.1081489157e+03   -8.0769535750e+01    3.4868833791e+01   -1.1532828885e+01   -5.1102678690e+01   -2.1467261437e+01    3.3332332618e+00   -1.1263299339e+01    1.0296874312e-01    2.0630000000e+03    7.4732518895e-01    9.9035082404e-01
       125   -4.5907989582e+01    2.1090310761e+03   -8.1047620683e+01    3.5139631100e+01   -1.1644448624e+01   -5.1102678690e+01   -2.1567474491e+01    3.2669811230e+00   -1.1377194586e+01    1.0296874312e-01    2.0620000000e+03    7.4673584104e-01    9.9127484246e-01
       126   -4.5909490348e+01    2.1095665475e+03   -8.0899330336e+01    3.4989839988e+01   -1.1611332709e+01   -5.1102678690e+01   -2.1404702908e+01    3.2193839729e+00   -1.1341651822e+01    1.0296874312e-01    2.0560000000e+03    7.4668415298e-01    9.9099781765e-01
       127   -4.5912411544e+01    2.1092091846e+03   -8.0819551151e+01    3.4907139607e+01   -1.1632759804e+01   -5.1102678690e+01   -2.1194134333e+01    3.1100216762e+00   -1.1364596830e+01    1.0296874312e-01    2.0530000000e+03    7.4473682500e-01    9.9046996595e-01
       128   -4.5882934336e+01    2.1065205614e+03   -8.0749518746e+01    3.4866584410e+01   -1.1627829429e+01   -5.1102678690e+01   -2.1178681105e+01    3.1596704785e+00   -1.1358964132e+01    1.0296874312e-01    2.0520000000e+03    7.4550995603e-01    9.9077569411e-01
       129   -4.5883047307e+01    2.1066583397e+03   -8.0724638630e+01    3.4841591323e+01   -1.1686281170e+01   -5.1102678690e+01   -2.1113991277e+01    3.1783125068e+00   -1.1417673676e+01    1.0296874312e-01    2.0510000000e+03    7.3972625996e-01    9.9121284113e-01
       130   -4.5922246579e+01    2.1102183993e+03   -8.0538006870e+01    3.4615760291e+01   -1.1632108752e+01   -5.1102678690e+01   -2.1065502398e+01    3.2622829705e+00   -1.1358893414e+01    1.0296874312e-01    2.0490000000e+03    7.3907488491e-01    9.9064480741e-01
       131   -4.5947939327e+01    2.1126135707e+03   -8.0609150471e+01    3.4661211144e+01   -1.1589362905e+01   -5.1102678690e+01   -2.1130863825e+01    3.2137549487e+00   -1.1317830337e+01    1.0296874312e-01    2.0410000000e+03    7.4514820101e-01    9.9033064910e-01
       132   -4.5968521887e+01    2.1145747756e+03   -8.0679979631e+01    3.4711457744e+01   -1.1546715895e+01   -5.1102678690e+01   -2.1235967666e+01    3.2053826203e+00   -1.1275878695e+01    1.0296874312e-01    2.0450000000e+03    7.4376451399e-01    9.9046117099e-01
       133   -4.5959876716e+01    2.1138888108e+03   -8.0780064490e+01    3.4820187774e+01   -1.1525862285e+01   -5.1102678690e+01   -2.1311359380e+01    3.1598358651e+00   -1.1250951810e+01    1.0296874312e-01    2.0440000000e+03    7.4146851699e-01    9.9138141809e-01
       134   -4.5932057836e+01    2.1112001526e+03   -8.1010409824e+01    3.5078351988e+01   -1.1520811655e+01   -5.1102678690e+01   -2.1594787895e+01    3.2078684165e+00   -1.1242546410e+01    1.0296874312e-01    2.0490000000e+03    7.4296898698e-01    9.9145364481e-01
       135   -4.5941325232e+01    2.1118412479e+03   -8.0740418418e+01    3.4799093186e+01   -1.1578544487e+01   -5.1102678690e+01   -2.1312445929e+01    3.2532506893e+00   -1.1302177689e+01    1.0296874312e-01    2.0540000000e+03    7.4560809706e-01    9.9098645681e-01
       136   -4.5948205412e+01    2.1125473888e+03   -8.0700103814e+01    3.4751898402e+01   -1.1588211185e+01   -5.1102678690e+01   -2.1091786353e+01    3.0825724143e+00   -1.1310190446e+01    1.0296874312e-01    2.0460000000e+03    7.4970561499e-01    9.9079539922e-01
       137   -4.5939142593e+01    2.1117484271e+03   -8.0603828662e+01    3.4664686070e+01   -1.1576541137e+01   -5.1102678690e+01   -2.1006812129e+01    3.0822032941e+00   -1.1300541751e+01    1.0296874312e-01    2.0480000000e+03    7.4221916299e-01    9.9112597752e-01
       138   -4.5970314117e+01    2.1146337328e+03   -8.0494290802e+01    3.4523976685e+01   -1.1590171726e+01   -5.1102678690e+01   -2.1008391904e+01    3.2069515179e+00   -1.1317131376e+01    1.0296874312e-01    2.0490000000e+03    7.4324877397e-01    9.9101257324e-01
       139   -4.5948143212e+01    2.1126795535e+03   -8.0532185197e+01    3.4584041985e+01   -1.1553032899e+01   -5.1102678690e+01   -2.1187917186e+01    3.3114435777e+00   -1.1283742938e+01    1.0296874312e-01    2.0560000000e+03    7.4423270498e-01    9.9049841386e-01
       140   -4.5912951382e+01    2.1093066932e+03   -8.0741634555e+01    3.4828683173e+01   -1.1527853558e+01   -5.1102678690e+01   -2.1300198021e+01    3.1890957144e+00   -1.1257316709e+01    1.0296874312e-01    2.0610000000e+03    7.4473781500e-01    9.9141232977e-01
       141   -4.5911661706e+01    2.1091306418e+03   -8.0843364170e+01    3.4931702464e+01   -1.1577278038e+01   -5.1102678690e+01   -2.1392197665e+01    3.2287902232e+00   -1.1308255456e+01    1.0296874312e-01    2.0570000000e+03    7.4854860501e-01    9.9094796215e-01
       142   -4.5909039782e+01    2.1090148201e+03   -8.0739541101e+01    3.4830501319e+01   -1.1551433178e+01   -5.1102678690e+01   -2.1534948811e+01    3.4495195788e+00   -1.1281112834e+01    1.0296874312e-01    2.0540000000e+03    7.4572068802e-01    9.9118862421e-01
       143   -4.5960573107e+01    2.1136623507e+03   -8.0789302812e+01    3.4828729705e+01   -1.1544890081e+01   -5.1102678690e+01   -2.1530031520e+01    3.3882974799e+00   -1.1276225645e+01    1.0296874312e-01    2.0560000000e+03    7.4820323905e-01    9.9091711295e-01
       144   -4.5961379456e+01    2.1137643154e+03   -8.0728570703e+01    3.4767191247e+01   -1.1544379743e+01   -5.1102678690e+01   -2.1511452468e+01    3.4299401989e+00   -1.1277926109e+01    1.0296874312e-01    2.0530000000e+03    7.4293134303e-01    9.9122993677e-01
       145   -4.5941393684e+01    2.1123477062e+03   -8.0691891756e+01    3.4750498072e+01   -1.1543400528e+01   -5.1102678690e+01   -2.1443528880e+01    3.3977163425e+00   -1.1278386036e+01    1.0296874312e-01    2.0580000000e+03    7.4557626410e-01    9.9135411593e-01
       146   -4.5977857955e+01    2.1153831208e+03   -8.0744702930e+01    3.4766844975e+01   -1.1517402069e+01   -5.1102678690e+01   -2.1473209977e+01    3.3485878063e+00   -1.1249670900e+01    1.0296874312e-01    2.0750000000e+03    7.4840294302e-01    9.9122327502e-01
       147   -4.5964525595e+01    2.1141456671e+03   -8.0791962627e+01    3.4827437032e+01   -1.1539465507e+01   -5.1102678690e+01   -2.1505255141e+01    3.3554367121e+00   -1.1277158316e+01    1.0296874312e-01    2.0750000000e+03    7.5249243202e-01    9.9106927711e-01
       148   -4.5948267029e+01    2.1125790348e+03   -8.0829131986e+01    3.4880864957e+01   -1.1537802738e+01   -5.1102678690e+01   -2.1506446112e+01    3.3177955542e+00   -1.1272077788e+01    1.0296874312e-01    2.0730000000e+03    7.5309062295e-01    9.9114457831e-01
       149   -4.5977504437e+01    2.1152286205e+03   -8.0785511243e+01    3.4808006806e+01   -1.1529841060e+01   -5.1102678690e+01   -2.1597187487e+01    3.4441959944e+00   -1.1262543450e+01    1.0296874312e-01    2.0650000000e+03    7.5131377601e-01    9.9133200675e-01
       150   -4.5985626934e+01    2.1160155788e+03   -8.0743319245e+01    3.4757692311e+01   -1.1516469333e+01   -5.1102678690e+01   -2.1643062291e+01    3.5188910690e+00   -1.1248937503e+01    1.0296874312e-01    2.0590000000e+03    7.4539521104e-01    9.9101089588e-01
       151   -4.5970529468e+01    2.1145621594e+03   -8.0864165994e+01    3.4893636526e+01   -1.1553751217e+01   -5.1102678690e+01   -2.1595917461e+01    3.3881813744e+00   -1.1293071078e+01    1.0296874312e-01    2.0550000000e+03    7.4839436193e-01    9.9110611948e-01
       152   -4.5945570831e+01    2.1122918922e+03   -8.0867402277e+01    3.4921831447e+01   -1.1521529140e+01   -5.1102678690e+01   -2.1618643097e+01    3.3754486500e+00   -1.1260753522e+01    1.0296874312e-01    2.0490000000e+03    7.4445682694e-01    9.9058698297e-01
       153   -4.5951189391e+01    2.1129185178e+03   -8.0944685723e+01    3.4993496332e+01   -1.1575947551e+01   -5.1102678690e+01   -2.1456190725e+01    3.1901312434e+00   -1.1314282320e+01    1.0296874312e-01    2.0390000000e+03    7.4356608803e-01    9.9083394339e-01
       154   -4.5963477862e+01    2.1139659098e+03   -8.0804745597e+01    3.4841267736e+01   -1.1585149637e+01   -5.1102678690e+01   -2.1431408298e+01    3.3144910282e+00   -1.1325098861e+01    1.0296874312e-01    2.0490000000e+03    7.3606778297e-01    9.9035985777e-01
       155   -4.5947871570e+01    2.1126046598e+03   -8.0969052886e+01    3.5021181316e+01   -1.1551220084e+01   -5.1102678690e+01   -2.1694908046e+01    3.3797539349e+00   -1.1289680913e+01    1.0296874312e-01    2.0570000000e+03    7.4938186794e-01    9.9170326989e-01
       156   -4.5971121052e+01    2.1149796935e+03   -8.0873593765e+01    3.4902472712e+01   -1.1531365768e+01   -5.1102678690e+01   -2.1630141640e+01    3.3905923331e+00   -1.1273415799e+01    1.0296874312e-01    2.0500000000e+03    7.4514830101e-01    9.9088478367e-01
       157   -4.5968998886e+01    2.1145851980e+03   -8.0820834418e+01    3.4851835531e+01   -1.1528391248e+01   -5.1102678690e+01   -2.1492703194e+01    3.3029387152e+00   -1.1271903865e+01    1.0296874312e-01    2.0500000000e+03    7.4032761401e-01    9.9132621951e-01
       158   -4.5952206929e+01    2.1131828242e+03   -8.0982735004e+01    3.5030528074e+01   -1.1519547406e+01   -5.1102678690e+01   -2.1550500220e+01    3.1899913131e+00   -1.1261077957e+01    1.0296874312e-01    2.0550000000e+03    7.4491431494e-01    9.9164634146e-01
       159   -4.5960497196e+01    2.1137306228e+03   -8.0927742725e+01    3.4967245529e+01   -1.1541484584e+01   -5.1102678690e+01   -2.1543478489e+01    3.2598990381e+00   -1.1280218929e+01    1.0296874312e-01    2.0490000000e+03    7.4799917499e-01    9.9066301703e-01
       160   -4.5907388337e+01    2.1088778162e+03   -8.0928971962e+01    3.5021583626e+01   -1.1623007467e+01   -5.1102678690e+01   -2.1563384800e+01    3.3600989954e+00   -1.1358684173e+01    1.0296874312e-01    2.0420000000e+03    7.3788474104e-01    9.9130673499e-01
       161   -4.5937764377e+01    2.1116935023e+03   -8.0804977603e+01    3.4867213226e+01   -1.1606046753e+01   -5.1102678690e+01   -2.1443380734e+01    3.3471285746e+00   -1.1343441307e+01    1.0296874312e-01    2.0330000000e+03    7.3623908404e-01    9.9098616552e-01
       162   -4.5936903290e+01    2.1115477837e+03   -8.0753680685e+01    3.4816777395e+01   -1.1564872062e+01   -5.1102678690e+01   -2.1546257838e+01    3.4601279059e+00   -1.1301547884e+01    1.0296874312e-01    2.0260000000e+03    7.3015538009e-01    9.9156111658e-01
       163   -4.5933915310e+01    2.1112461019e+03   -8.0671584282e+01    3.4737668972e+01   -1.1533886515e+01   -5.1102678690e+01   -2.1368474078e+01    3.3334550012e+00   -1.1269613544e+01    1.0296874312e-01    2.0220000000e+03    7.3026592005e-01    9.9099210267e-01
       164   -4.5969349262e+01    2.1145914562e+03   -8.0622484046e+01    3.4653134784e+01   -1.1583285078e+01   -5.1102678690e+01   -2.1327380335e+01    3.3908600580e+00   -1.1318850119e+01    1.0296874312e-01    2.0220000000e+03    7.2582625400e-01    9.9057245302e-01
       165   -4.5979419193e+01    2.1155805550e+03   -8.0542550136e+01    3.4563130944e+01   -1.1571309287e+01   -5.1102678690e+01   -2.1274353685e+01    3.4057915260e+00   -1.1306665112e+01    1.0296874312e-01    2.0260000000e+03    7.2656496498e-01    9.9145338773e-01
       166   -4.5954137056e+01    2.1131478988e+03   -8.0727394951e+01    3.4773257895e+01   -1.1701786339e+01   -5.1102678690e+01   -2.1231170432e+01    3.3082405102e+00   -1.1439351620e+01    1.0296874312e-01    2.0250000000e+03    7.2956203611e-01    9.9108464956e-01
       167   -4.5932468684e+01    2.1111700133e+03   -8.0959670004e+01    3.5027201320e+01   -1.1717465483e+01   -5.1102678690e+01   -2.1353536889e+01    3.2140110583e+00   -1.1451974183e+01    1.0296874312e-01    2.0250000000e+03    7.3075696593e-01    9.8975308642e-01
       168   -4.5933154537e+01    2.1112083081e+03   -8.0983128108e+01    3.5049973571e+01   -1.1721376323e+01   -5.1102678690e+01   -2.1302077851e+01    3.1430047560e+00   -1.1451952738e+01    1.0296874312e-01    2.0340000000e+03    7.3121644789e-01    9.9097222222e-01
       169   -4.5915150828e+01    2.1095111064e+03   -8.0884412334e+01    3.4969261506e+01   -1.1737167672e+01   -5.1102678690e+01   -2.1213905368e+01    3.1693393967e+00   -1.1471916268e+01    1.0296874312e-01    2.0320000000e+03    7.3501281696e-01    9.9075098328e-01
       170   -4.5939689460e+01    2.1118211893e+03   -8.0707809536e+01    3.4768120076e+01   -1.1706351859e+01   -5.1102678690e+01   -2.0950599556e+01    3.0518205694e+00   -1.1440147135e+01    1.0296874312e-01    2.0460000000e+03    7.3075576092e-01    9.9080339567e-01
       171   -4.5939996838e+01    2.1120091588e+03   -8.0500406856e+01    3.4560410018e+01   -1.1669407658e+01   -5.1102678690e+01   -2.1026880200e+01    3.2985596930e+00   -1.1406854035e+01    1.0296874312e-01    2.0460000000e+03    7.3697161896e-01    9.9098851417e-01
       172   -4.5957075192e+01    2.1133671139e+03   -8.0791322673e+01    3.4834247481e+01   -1.1694829046e+01   -5.1102678690e+01   -2.1035875711e+01    3.0420607748e+00   -1.1433608601e+01    1.0296874312e-01    2.0530000000e+03    7.3489686102e-01    9.9123289345e-01
       173   -4.5914379173e+01    2.1095139476e+03   -8.0812593134e+01    3.4898213961e+01   -1.1636536619e+01   -5.1102678690e+01   -2.1297611601e+01    3.2242337768e+00   -1.1374594964e+01    1.0296874312e-01    2.0560000000e+03    7.4448879808e-01    9.9174987823e-01
       174   -4.5954419523e+01    2.1130294770e+03   -8.0800861427e+01    3.4846441904e+01   -1.1667699898e+01   -5.1102678690e+01   -2.1217316505e+01    3.1868336666e+00   -1.1406539538e+01    1.0296874312e-01    2.0690000000e+03    7.4137217109e-01    9.9130593385e-01
       175   -4.5963402688e+01    2.1139938458e+03   -8.0780766031e+01    3.4817363344e+01   -1.1651185716e+01   -5.1102678690e+01   -2.1348735995e+01    3.3218343704e+00   -1.1389886044e+01    1.0296874312e-01    2.0770000000e+03    7.4573014898e-01    9.9105848236e-01
       176   -4.5952062276e+01    2.1129026796e+03   -8.0791167148e+01    3.4839104871e+01   -1.1692040229e+01   -5.1102678690e+01   -2.1258081415e+01    3.2616331864e+00   -1.1430986130e+01    1.0296874312e-01    2.0750000000e+03    7.5097215804e-01    9.9103273953e-01
       177   -4.5983224790e+01    2.1158280679e+03   -8.0881526820e+01    3.4898302030e+01   -1.1644171395e+01   -5.1102678690e+01   -2.1410139116e+01    3.2754623821e+00   -1.1381836440e+01    1.0296874312e-01    2.0760000000e+03    7.4914373097e-01    9.9036144578e-01
       178   -4.5941683068e+01    2.1119699844e+03   -8.0856656329e+01    3.4914973261e+01   -1.1607856856e+01   -5.1102678690e+01   -2.1447116417e+01    3.3009956349e+00   -1.1343242154e+01    1.0296874312e-01    2.0760000000e+03    7.4767593399e-01    9.9123916185e-01
       179   -4.5919183545e+01    2.1098168939e+03   -8.1065027010e+01    3.5145843464e+01   -1.1628353208e+01   -5.1102678690e+01   -2.1507850503e+01    3.1738553915e+00   -1.1358453657e+01    1.0296874312e-01    2.0720000000e+03    7.4905901297e-01    9.9050156551e-01
       180   -4.5892902934e+01    2.1073802939e+03   -8.1104670319e+01    3.5211767386e+01   -1.1673430093e+01   -5.1102678690e+01   -2.1454845094e+01    3.1262835578e+00   -1.1404140569e+01    1.0296874312e-01    2.0690000000e+03    7.5071058492e-01    9.9108651062e-01
       181   -4.5898517798e+01    2.1080250818e+03   -8.0841175414e+01    3.4942657616e+01   -1.1648888600e+01   -5.1102678690e+01   -2.1259595797e+01    3.1699876730e+00   -1.1377426693e+01    1.0296874312e-01    2.0660000000e+03    7.4657810898e-01    9.9063557274e-01
       182   -4.5916312449e+01    2.1097835434e+03   -8.0745999068e+01    3.4829686620e+01   -1.1678114515e+01   -5.1102678690e+01   -2.1230123310e+01    3.2649174465e+00   -1.1408874076e+01    1.0296874312e-01    2.0600000000e+03    7.4255787302e-01    9.9222531462e-01
       183   -4.5906271740e+01    2.1086668800e+03   -8.0919688462e+01    3.5013416722e+01   -1.1688813015e+01   -5.1102678690e+01   -2.1396213290e+01    3.2680165329e+00   -1.1422083803e+01    1.0296874312e-01    2.0620000000e+03    7.3824496497e-01    9.9076152913e-01
       184   -4.5947602752e+01    2.1125129061e+03   -8.0927649469e+01    3.4980046717e+01   -1.1722502370e+01   -5.1102678690e+01   -2.1204936216e+01    3.1024678075e+00   -1.1450992698e+01    1.0296874312e-01    2.0690000000e+03    7.4051096698e-01    9.9084626576e-01
       185   -4.5947727586e+01    2.1127025052e+03   -8.0964171945e+01    3.5016444359e+01   -1.1649366664e+01   -5.1102678690e+01   -2.1368747797e+01    3.1566212064e+00   -1.1377020970e+01    1.0296874312e-01    2.0690000000e+03    7.4146932701e-01    9.9170795070e-01
       186   -4.5962185482e+01    2.1138269835e+03   -8.1093044218e+01    3.5130858736e+01   -1.1669361635e+01   -5.1102678690e+01   -2.1487898133e+01    3.1668942401e+00   -1.1391934447e+01    1.0296874312e-01    2.0640000000e+03    7.4295363796e-01    9.9137566457e-01
       187   -4.5926390011e+01    2.1105579087e+03   -8.0820765293e+01    3.4894375283e+01   -1.1660612723e+01   -5.1102678690e+01   -2.1356827933e+01    3.2993540526e+00   -1.1384265200e+01    1.0296874312e-01    2.0640000000e+03    7.4175128003e-01    9.9073401163e-01
       188   -4.5946458309e+01    2.1124691532e+03   -8.0731529939e+01    3.4785071630e+01   -1.1674515728e+01   -5.1102678690e+01   -2.1496805371e+01    3.5424698506e+00   -1.1399030011e+01    1.0296874312e-01    2.0670000000e+03    7.4766912800e-01    9.9026465601e-01
       189   -4.5934438533e+01    2.1112365723e+03   -8.0535221608e+01    3.4600783074e+01   -1.1593738046e+01   -5.1102678690e+01   -2.1298665463e+01    3.4598605922e+00   -1.1322550787e+01    1.0296874312e-01    2.0610000000e+03    7.4330498197e-01    9.9121613449e-01
       190   -4.5965299370e+01    2.1141779683e+03   -8.0636189937e+01    3.4670890567e+01   -1.1659590077e+01   -5.1102678690e+01   -2.1179130579e+01    3.3052094086e+00   -1.1387235063e+01    1.0296874312e-01    2.0710000000e+03    7.4048578506e-01    9.9099344978e-01
       191   -4.5941856546e+01    2.1120336060e+03   -8.0613889756e+01    3.4672033209e+01   -1.1615444641e+01   -5.1102678690e+01   -2.1125343645e+01    3.2295772211e+00   -1.1343075090e+01    1.0296874312e-01    2.0780000000e+03    7.4564546393e-01    9.9185176243e-01
       192   -4.5946714904e+01    2.1124656770e+03   -8.0581446446e+01    3.4634731542e+01   -1.1625811739e+01   -5.1102678690e+01   -2.1172711544e+01    3.3197555277e+00   -1.1351992035e+01    1.0296874312e-01    2.0830000000e+03    7.4796133395e-01    9.9123255534e-01
       193   -4.5990907268e+01    2.1165531030e+03   -8.0587843445e+01    3.4596936178e+01   -1.1599504591e+01   -5.1102678690e+01   -2.1155293009e+01    3.2696328457e+00   -1.1323013221e+01    1.0296874312e-01    2.0860000000e+03    7.4684223603e-01    9.9098355737e-01
       194   -4.5945979831e+01    2.1124354693e+03   -8.0536481145e+01    3.4590501314e+01   -1.1551106391e+01   -5.1102678690e+01   -2.1352372032e+01    3.4696759683e+00   -1.1274488600e+01    1.0296874312e-01    2.0840000000e+03    7.4873437698e-01    9.9123621764e-01
       195   -4.5980148457e+01    2.1156956449e+03   -8.0743243887e+01    3.4763095430e+01   -1.1516028849e+01   -5.1102678690e+01   -2.1499276708e+01    3.3747403598e+00   -1.1238961216e+01    1.0296874312e-01    2.0890000000e+03    7.4553848000e-01    9.9041806622e-01
       196   -4.5924090769e+01    2.1103174058e+03   -8.0852016892e+01    3.4927926123e+01   -1.1519434034e+01   -5.1102678690e+01   -2.1557943002e+01    3.3280388345e+00   -1.1247907552e+01    1.0296874312e-01    2.0960000000e+03    7.4952107901e-01    9.9075514600e-01
       197   -4.5937927456e+01    2.1116081966e+03   -8.0896762666e+01    3.4958835210e+01   -1.1536735729e+01   -5.1102678690e+01   -2.1676076883e+01    3.4187286362e+00   -1.1263764229e+01    1.0296874312e-01    2.0840000000e+03    7.4972821097e-01    9.9026419370e-01
       198   -4.5967698387e+01    2.1146318420e+03   -8.0681512848e+01    3.4713814461e+01   -1.1492921260e+01   -5.1102678690e+01   -2.1515548065e+01    3.4296351673e+00   -1.1218908640e+01    1.0296874312e-01    2.0820000000e+03    7.4475880503e-01    9.9103286948e-01
       199   -4.5936812753e+01    2.1114556541e+03   -8.0785494928e+01    3.4848682175e+01   -1.1555091871e+01   -5.1102678690e+01   -2.1577905538e+01    3.4501811713e+00   -1.1283672580e+01    1.0296874312e-01    2.0830000000e+03    7.4240456696e-01    9.9093419789e-01
