# Index          LocalEnergy            Variance              Weight        NumOfWalkers      AvgSentWalkers         TrialEnergy             DiffEff      LivingFraction
         0   -4.5927910603e+01    1.3343440597e+00    2.0870000000e+03    2.0830000000e+03    0.0000000000e+00   -4.5959211681e+01    9.9292244269e-01    9.9519923188e-01
         1   -4.5912521092e+01    1.4067120959e+00    2.0442640059e+03    2.0830000000e+03    0.0000000000e+00   -4.7814302695e+01    9.9273372921e-01    9.7887662026e-01
         2   -4.5961927116e+01    1.3886017434e+00    2.0485263616e+03    2.0500000000e+03    0.0000000000e+00   -4.6010129689e+01    9.9351323024e-01    9.9560975610e-01
         3   -4.5913476463e+01    1.3553197611e+00    2.0475388279e+03    2.0520000000e+03    0.0000000000e+00   -4.6157049129e+01    9.9339192140e-01    9.9561403509e-01
         4   -4.5922734395e+01    1.3686471321e+00    2.0481217842e+03    2.0550000000e+03    0.0000000000e+00   -4.6254690540e+01    9.9323467757e-01    9.9318734793e-01
         5   -4.5920679311e+01    1.4238518038e+00    2.0479361781e+03    2.0450000000e+03    0.0000000000e+00   -4.5776142627e+01    9.9393031380e-01    9.9462102689e-01
         6   -4.5937417988e+01    1.4471180230e+00    2.0481339710e+03    2.0430000000e+03    0.0000000000e+00   -4.5676240177e+01    9.9316797740e-01    9.9853157122e-01
         7   -4.5960949188e+01    1.6524772189e+00    2.0480000850e+03    2.0500000000e+03    0.0000000000e+00   -4.6035026585e+01    9.9402015931e-01    9.9658536585e-01
         8   -4.5949789480e+01    1.3616074167e+00    2.0477106667e+03    2.0520000000e+03    0.0000000000e+00   -4.6156071201e+01    9.9345656477e-01    9.9658869396e-01
         9   -4.5938374450e+01    1.2816402985e+00    2.0478584511e+03    2.0480000000e+03    0.0000000000e+00   -4.5949789480e+01    9.9322611330e-01    9.9707031250e-01
        10   -4.5924980694e+01    1.2228775153e+00    2.0478092394e+03    2.0460000000e+03    0.0000000000e+00   -4.5840670485e+01    9.9282344105e-01    9.9755620723e-01
        11   -4.5922635958e+01    1.3681828207e+00    2.0479401878e+03    2.0480000000e+03    0.0000000000e+00   -4.5924980694e+01    9.9412094265e-01    9.9609375000e-01
        12   -4.5946859711e+01    1.2588517059e+00    2.0482695072e+03    2.0490000000e+03    0.0000000000e+00   -4.5971452166e+01    9.9406422196e-01    9.9804782821e-01
        13   -4.5965714362e+01    1.3530235242e+00    2.0482432921e+03    2.0540000000e+03    0.0000000000e+00   -4.6239400144e+01    9.9293908388e-01    9.9172346641e-01
        14   -4.5961893106e+01    1.2991357807e+00    2.0480049986e+03    2.0430000000e+03    0.0000000000e+00   -4.5721275228e+01    9.9396690391e-01    9.9559471366e-01
        15   -4.5957595337e+01    1.3359242912e+00    2.0480066582e+03    2.0470000000e+03    0.0000000000e+00   -4.5913053056e+01    9.9426091237e-01    9.9755740107e-01
        16   -4.5967233428e+01    1.3225406211e+00    2.0480442556e+03    2.0470000000e+03    0.0000000000e+00   -4.5908755287e+01    9.9381888463e-01    9.9706888129e-01
        17   -4.5987645624e+01    1.4528074180e+00    2.0482200553e+03    2.0520000000e+03    0.0000000000e+00   -4.6162355441e+01    9.9339548688e-01    9.9610136452e-01
        18   -4.5978345260e+01    1.2497225428e+00    2.0478305578e+03    2.0490000000e+03    0.0000000000e+00   -4.6036461832e+01    9.9283830875e-01    9.9511957052e-01
        19   -4.5956701761e+01    1.4467028302e+00    2.0477325199e+03    2.0450000000e+03    0.0000000000e+00   -4.5831753492e+01    9.9324481479e-01    9.9706601467e-01
        20   -4.5971647977e+01    1.3284883399e+00    2.0481414428e+03    2.0480000000e+03    0.0000000000e+00   -4.5956701761e+01    9.9350097504e-01    9.9658203125e-01
        21   -4.5977801007e+01    1.4393989363e+00    2.0480778498e+03    2.0510000000e+03    0.0000000000e+00   -4.6118025168e+01    9.9268144053e-01    9.9366162847e-01
        22   -4.5989665040e+01    1.4343009147e+00    2.0481068447e+03    2.0420000000e+03    0.0000000000e+00   -4.5684402264e+01    9.9384519568e-01    9.9608227228e-01
        23   -4.6004197791e+01    1.3922316686e+00    2.0481730431e+03    2.0460000000e+03    0.0000000000e+00   -4.5891961075e+01    9.9455420714e-01    9.9706744868e-01
        24   -4.5968200422e+01    1.3159784133e+00    2.0476467366e+03    2.0500000000e+03    0.0000000000e+00   -4.6101806388e+01    9.9251603072e-01    9.9268292683e-01
        25   -4.5950921180e+01    1.4005595557e+00    2.0478174438e+03    2.0430000000e+03    0.0000000000e+00   -4.5723761288e+01    9.9379804764e-01    9.9755261870e-01
        26   -4.5990475915e+01    1.3001110164e+00    2.0484313139e+03    2.0500000000e+03    0.0000000000e+00   -4.6048529777e+01    9.9323790971e-01    9.9658536585e-01
        27   -4.5969653962e+01    1.4131391268e+00    2.0477825099e+03    2.0520000000e+03    0.0000000000e+00   -4.6185597928e+01    9.9348206084e-01    9.9074074074e-01
        28   -4.5959226932e+01    1.3099872192e+00    2.0479008502e+03    2.0420000000e+03    0.0000000000e+00   -4.5676255218e+01    9.9317105917e-01    9.9657198825e-01
        29   -4.5953243089e+01    1.6848192918e+00    2.0478599651e+03    2.0500000000e+03    0.0000000000e+00   -4.6056835529e+01    9.9404531232e-01    9.9658536585e-01
        30   -4.5931434433e+01    1.3780576944e+00    2.0478137615e+03    2.0570000000e+03    0.0000000000e+00   -4.6391733438e+01    9.9387586513e-01    9.9368011667e-01
        31   -4.5938540792e+01    1.3731102389e+00    2.0481056518e+03    2.0530000000e+03    0.0000000000e+00   -4.6175277519e+01    9.9270647510e-01    9.9171943497e-01
        32   -4.5915193295e+01    1.5061909599e+00    2.0477168780e+03    2.0400000000e+03    0.0000000000e+00   -4.5547150860e+01    9.9353938137e-01    9.9852941176e-01
        33   -4.5947198140e+01    1.2655669511e+00    2.0483256932e+03    2.0470000000e+03    0.0000000000e+00   -4.5866353245e+01    9.9355383653e-01    9.9804592086e-01
        34   -4.5985575017e+01    1.3052057501e+00    2.0483924551e+03    2.0510000000e+03    0.0000000000e+00   -4.6093575331e+01    9.9327724099e-01    9.9463676255e-01
        35   -4.5972097940e+01    1.4709898173e+00    2.0479219305e+03    2.0490000000e+03    0.0000000000e+00   -4.6034391225e+01    9.9326889050e-01    9.9853587116e-01
        36   -4.5995953663e+01    1.4589679577e+00    2.0482496806e+03    2.0540000000e+03    0.0000000000e+00   -4.6264638373e+01    9.9412902241e-01    9.9269717624e-01
        37   -4.5986771232e+01    1.2497658784e+00    2.0479324417e+03    2.0460000000e+03    0.0000000000e+00   -4.5898249698e+01    9.9278782629e-01    9.9755620723e-01
        38   -4.5969256499e+01    1.2596892523e+00    2.0477524010e+03    2.0470000000e+03    0.0000000000e+00   -4.5937931182e+01    9.9326782212e-01    9.9316072301e-01
        39   -4.5990039649e+01    1.4469846019e+00    2.0481644302e+03    2.0400000000e+03    0.0000000000e+00   -4.5577866567e+01    9.9380644253e-01    9.9754901961e-01
        40   -4.5980278058e+01    1.4673024326e+00    2.0477997594e+03    2.0430000000e+03    0.0000000000e+00   -4.5745600515e+01    9.9304664312e-01    9.9804209496e-01
        41   -4.5991984790e+01    1.4292115643e+00    2.0479045824e+03    2.0480000000e+03    0.0000000000e+00   -4.5990039649e+01    9.9351140465e-01    9.9267578125e-01
        42   -4.5972554724e+01    1.3434512883e+00    2.0400638651e+03    2.0400000000e+03    0.0000000000e+00   -4.5981244954e+01    9.9306543978e-01    9.9607843137e-01
        43   -4.5940659894e+01    1.2108733721e+00    2.0424989637e+03    2.0430000000e+03    0.0000000000e+00   -4.5984989774e+01    9.9284928592e-01    9.9510523740e-01
        44   -4.5945002701e+01    1.2678094075e+00    2.0422173346e+03    2.0430000000e+03    0.0000000000e+00   -4.5981269914e+01    9.9394456450e-01    9.9559471366e-01
        45   -4.5961405523e+01    1.2925408784e+00    2.0416323520e+03    2.0420000000e+03    0.0000000000e+00   -4.5972169435e+01    9.9329478138e-01    9.9608227228e-01
        46   -4.5946427131e+01    1.2446867451e+00    2.0417262896e+03    2.0420000000e+03    0.0000000000e+00   -4.5967152648e+01    9.9459445321e-01    9.9657198825e-01
        47   -4.5936318335e+01    1.3566805856e+00    2.0384800307e+03    2.0390000000e+03    0.0000000000e+00   -4.5964442261e+01    9.9374671633e-01    9.9460519863e-01
        48   -4.5958665163e+01    1.3971713172e+00    2.0377617827e+03    2.0380000000e+03    0.0000000000e+00   -4.5961149286e+01    9.9418034123e-01    9.9460255152e-01
        49   -4.5961092885e+01    1.2891740178e+00    2.0370743645e+03    2.0370000000e+03    0.0000000000e+00   -4.5957355631e+01    9.9422961328e-01    9.9263622975e-01
        50   -4.5970329311e+01    1.3357746513e+00    2.0253165807e+03    2.0250000000e+03    0.0000000000e+00   -4.5951039590e+01    9.9314404498e-01    9.9753086420e-01
        51   -4.5943225919e+01    1.2731881969e+00    2.0230961555e+03    2.0230000000e+03    0.0000000000e+00   -4.5949938656e+01    9.9372647574e-01    9.9653979239e-01
        52   -4.5959960735e+01    1.4970250710e+00    2.0249593154e+03    2.0250000000e+03    0.0000000000e+00   -4.5951602507e+01    9.9379713427e-01    9.9506172840e-01
        53   -4.5943359251e+01    1.2904155676e+00    2.0279770722e+03    2.0280000000e+03    0.0000000000e+00   -4.5951569770e+01    9.9348504451e-01    9.9408284024e-01
        54   -4.5954415403e+01    1.2696257143e+00    2.0229867906e+03    2.0230000000e+03    0.0000000000e+00   -4.5948999624e+01    9.9438301635e-01    9.9505684627e-01
        55   -4.5932176775e+01    1.2740227698e+00    2.0149338695e+03    2.0150000000e+03    0.0000000000e+00   -4.5943842426e+01    9.9350157163e-01    9.9602977667e-01
        56   -4.5933498389e+01    1.4491953921e+00    2.0167763930e+03    2.0170000000e+03    0.0000000000e+00   -4.5944480019e+01    9.9418157897e-01    9.9652949926e-01
        57   -4.5977691502e+01    1.3122771846e+00    2.0192491411e+03    2.0190000000e+03    0.0000000000e+00   -4.5943850176e+01    9.9432848501e-01    9.9603764240e-01
        58   -4.5982597578e+01    1.2419234018e+00    2.0217498867e+03    2.0210000000e+03    0.0000000000e+00   -4.5943472878e+01    9.9437798409e-01    9.9505195448e-01
        59   -4.6006132191e+01    1.3135925062e+00    2.0200530207e+03    2.0190000000e+03    0.0000000000e+00   -4.5943585271e+01    9.9372686115e-01    9.9603764240e-01
        60   -4.5963318137e+01    1.3726822345e+00    2.0187726144e+03    2.0180000000e+03    0.0000000000e+00   -4.5944327401e+01    9.9375118578e-01    9.9405351833e-01
        61   -4.5969638871e+01    1.2582277247e+00    2.0164574721e+03    2.0160000000e+03    0.0000000000e+00   -4.5945576210e+01    9.9386903963e-01    9.9454365079e-01
        62   -4.5994571817e+01    1.4720761501e+00    2.0117656851e+03    2.0110000000e+03    0.0000000000e+00   -4.5943183587e+01    9.9269900988e-01    9.9552461462e-01
        63   -4.5960636349e+01    1.3494690164e+00    2.0107049260e+03    2.0100000000e+03    0.0000000000e+00   -4.5943043750e+01    9.9386450369e-01    9.9701492537e-01
        64   -4.5960884816e+01    1.3987221190e+00    2.0082687627e+03    2.0080000000e+03    0.0000000000e+00   -4.5943414858e+01    9.9367930883e-01    9.9601593625e-01
        65   -4.5948921392e+01    1.5389576573e+00    2.0092338076e+03    2.0090000000e+03    0.0000000000e+00   -4.5943812622e+01    9.9374165642e-01    9.9303135889e-01
        66   -4.5951224134e+01    1.2951678582e+00    2.0012058329e+03    2.0010000000e+03    0.0000000000e+00   -4.5939739729e+01    9.9442189587e-01    9.9350324838e-01
        67   -4.5957975233e+01    1.4384940743e+00    1.9934016517e+03    1.9930000000e+03    0.0000000000e+00   -4.5935213900e+01    9.9348806374e-01    9.9648770697e-01
        68   -4.5972315606e+01    1.3076831765e+00    1.9956589022e+03    1.9950000000e+03    0.0000000000e+00   -4.5935816465e+01    9.9371833429e-01    9.9649122807e-01
        69   -4.5954360281e+01    1.3081710605e+00    2.0004831509e+03    2.0000000000e+03    0.0000000000e+00   -4.5938179565e+01    9.9363084340e-01    9.9700000000e-01
        70   -4.5964085387e+01    1.4320838338e+00    2.0053632174e+03    2.0050000000e+03    0.0000000000e+00   -4.5941023762e+01    9.9440269347e-01    9.9600997506e-01
        71   -4.5968668427e+01    1.5232780561e+00    2.0044902640e+03    2.0040000000e+03    0.0000000000e+00   -4.5940270590e+01    9.9354802258e-01    9.9500998004e-01
        72   -4.5944972364e+01    1.3568864656e+00    2.0023660263e+03    2.0020000000e+03    0.0000000000e+00   -4.5939337597e+01    9.9390935346e-01    9.9600399600e-01
        73   -4.5942403304e+01    1.3251242437e+00    2.0030514122e+03    2.0030000000e+03    0.0000000000e+00   -4.5940037391e+01    9.9338715236e-01    9.9600599101e-01
        74   -4.5919338629e+01    1.3543521268e+00    2.0088096829e+03    2.0090000000e+03    0.0000000000e+00   -4.5942520106e+01    9.9344114708e-01    9.9601791936e-01
        75   -4.5916502005e+01    1.2722540041e+00    2.0055300145e+03    2.0060000000e+03    0.0000000000e+00   -4.5940473040e+01    9.9448525216e-01    9.9601196411e-01
        76   -4.5913433225e+01    1.4174668435e+00    2.0085055205e+03    2.0090000000e+03    0.0000000000e+00   -4.5940804786e+01    9.9316257149e-01    9.9651567944e-01
        77   -4.5922299790e+01    1.3711547930e+00    2.0154975869e+03    2.0160000000e+03    0.0000000000e+00   -4.5943106580e+01    9.9375814423e-01    9.9851190476e-01
        78   -4.5924923037e+01    1.3138499629e+00    2.0215316286e+03    2.0220000000e+03    0.0000000000e+00   -4.5944883042e+01    9.9386105492e-01    9.9752720079e-01
        79   -4.5950030555e+01    1.5013243966e+00    2.0257973983e+03    2.0260000000e+03    0.0000000000e+00   -4.5945952665e+01    9.9408990861e-01    9.9605133268e-01
        80   -4.5921097274e+01    1.3901064023e+00    2.0198181412e+03    2.0200000000e+03    0.0000000000e+00   -4.5942191022e+01    9.9399581795e-01    9.9900990099e-01
        81   -4.5923941708e+01    1.4224495237e+00    2.0294736731e+03    2.0300000000e+03    0.0000000000e+00   -4.5946984751e+01    9.9304711543e-01    9.9753694581e-01
        82   -4.5925053076e+01    1.3806012925e+00    2.0345105646e+03    2.0350000000e+03    0.0000000000e+00   -4.5948618220e+01    9.9408514482e-01    9.9312039312e-01
        83   -4.5904068378e+01    1.3910121890e+00    2.0283841366e+03    2.0290000000e+03    0.0000000000e+00   -4.5944943499e+01    9.9314402912e-01    9.9457861015e-01
        84   -4.5894838212e+01    1.3787362268e+00    2.0231433263e+03    2.0240000000e+03    0.0000000000e+00   -4.5941812302e+01    9.9324622566e-01    9.9802371542e-01
        85   -4.5908168310e+01    1.5092350174e+00    2.0301114074e+03    2.0310000000e+03    0.0000000000e+00   -4.5944164124e+01    9.9383669011e-01    9.9606105367e-01
        86   -4.5897702407e+01    1.3432820169e+00    2.0301770767e+03    2.0310000000e+03    0.0000000000e+00   -4.5942910617e+01    9.9379226737e-01    9.9507631709e-01
        87   -4.5953595655e+01    1.4032190524e+00    2.0297137590e+03    2.0300000000e+03    0.0000000000e+00   -4.5941501580e+01    9.9380797957e-01    9.9458128079e-01
        88   -4.5948893802e+01    1.3171956589e+00    2.0272506875e+03    2.0270000000e+03    0.0000000000e+00   -4.5938926257e+01    9.9365180056e-01    9.9753330044e-01
        89   -4.5960684553e+01    1.3857518106e+00    2.0332631473e+03    2.0330000000e+03    0.0000000000e+00   -4.5941970956e+01    9.9383562498e-01    9.9311362518e-01
        90   -4.5938129786e+01    1.4915466651e+00    2.0282315362e+03    2.0280000000e+03    0.0000000000e+00   -4.5939499940e+01    9.9316516520e-01    9.9704142012e-01
        91   -4.5920328757e+01    1.2998251784e+00    2.0327279125e+03    2.0330000000e+03    0.0000000000e+00   -4.5942185350e+01    9.9387931686e-01    9.9409739302e-01
        92   -4.5955007442e+01    1.4252710559e+00    2.0290071364e+03    2.0290000000e+03    0.0000000000e+00   -4.5939996516e+01    9.9414293231e-01    9.9655002464e-01
        93   -4.5974187864e+01    1.4492557559e+00    2.0294514071e+03    2.0290000000e+03    0.0000000000e+00   -4.5939449565e+01    9.9432468645e-01    9.9457861015e-01
        94   -4.5963345089e+01    1.5202870736e+00    2.0266575071e+03    2.0260000000e+03    0.0000000000e+00   -4.5938085414e+01    9.9388129617e-01    9.9457058243e-01
        95   -4.5964425229e+01    1.3311415630e+00    2.0285404847e+03    2.0280000000e+03    0.0000000000e+00   -4.5939532133e+01    9.9339527217e-01    9.9506903353e-01
        96   -4.5961574950e+01    2.1880395592e+00    2.0271377595e+03    2.0270000000e+03    0.0000000000e+00   -4.5939288903e+01    9.9396146779e-01    9.9555994080e-01
        97   -4.5924175045e+01    1.3443342528e+00    2.0287708213e+03    2.0290000000e+03    0.0000000000e+00   -4.5940535263e+01    9.9345067457e-01    9.9753573189e-01
        98   -4.5932170080e+01    1.4299885473e+00    2.0297021190e+03    2.0300000000e+03    0.0000000000e+00   -4.5941230047e+01    9.9368067801e-01    9.9507389163e-01
        99   -4.5958842740e+01    1.3762908795e+00    2.0361332198e+03    2.0360000000e+03    0.0000000000e+00   -4.5943742659e+01    9.9357324289e-01    9.9754420432e-01
       100   -4.5977114665e+01    1.3199773135e+00    2.0384420937e+03    2.0380000000e+03    0.0000000000e+00   -4.5944433676e+01    9.9348500841e-01    9.9509322866e-01
       101   -4.5971684217e+01    1.3771680483e+00    2.0406353256e+03    2.0400000000e+03    0.0000000000e+00   -4.5945570521e+01    9.9397421312e-01    9.9705882353e-01
       102   -4.5982766857e+01    1.4425742303e+00    2.0395833177e+03    2.0390000000e+03    0.0000000000e+00   -4.5945525854e+01    9.9399091062e-01    9.9460519863e-01
       103   -4.5949477077e+01    1.3507926164e+00    2.0404492145e+03    2.0400000000e+03    0.0000000000e+00   -4.5946361474e+01    9.9320869749e-01    9.9558823529e-01
       104   -4.5959211350e+01    1.4949684639e+00    2.0411257573e+03    2.0410000000e+03    0.0000000000e+00   -4.5947359229e+01    9.9359971627e-01    9.9706026458e-01
       105   -4.5954048261e+01    1.3141215464e+00    2.0421832820e+03    2.0420000000e+03    0.0000000000e+00   -4.5947828973e+01    9.9402404854e-01    9.9657198825e-01
       106   -4.5938508528e+01    1.3893841058e+00    2.0429602962e+03    2.0430000000e+03    0.0000000000e+00   -4.5948446575e+01    9.9414611519e-01    9.9706314244e-01
       107   -4.5950331410e+01    1.6422055145e+00    2.0468685429e+03    2.0470000000e+03    0.0000000000e+00   -4.5950449690e+01    9.9304402143e-01    9.9560332193e-01
       108   -4.5980801091e+01    1.3877236775e+00    2.0502918319e+03    2.0500000000e+03    0.0000000000e+00   -4.5951731389e+01    9.9351117477e-01    9.9658536585e-01
       109   -4.5961955571e+01    1.3869619500e+00    2.0513789394e+03    2.0510000000e+03    0.0000000000e+00   -4.5952212931e+01    9.9354500474e-01    9.9512432960e-01
       110   -4.5976881753e+01    1.3151146969e+00    2.0523947134e+03    2.0520000000e+03    0.0000000000e+00   -4.5953129693e+01    9.9383126792e-01    9.9220272904e-01
       111   -4.5973073392e+01    1.3201422773e+00    2.0485588538e+03    2.0480000000e+03    0.0000000000e+00   -4.5951330263e+01    9.9324087701e-01    9.9462890625e-01
       112   -4.5999704763e+01    1.2508057254e+00    2.0397603015e+03    2.0390000000e+03    0.0000000000e+00   -4.5947280929e+01    9.9404542258e-01    9.9705738107e-01
       113   -4.5966834859e+01    1.4290133298e+00    2.0416887015e+03    2.0410000000e+03    0.0000000000e+00   -4.5948554311e+01    9.9321185487e-01    9.9461048506e-01
       114   -4.5981898727e+01    1.4449284778e+00    2.0395538597e+03    2.0390000000e+03    0.0000000000e+00   -4.5948218873e+01    9.9298505101e-01    9.9656694458e-01
       115   -4.5967224971e+01    1.3603263634e+00    2.0355083358e+03    2.0350000000e+03    0.0000000000e+00   -4.5946444691e+01    9.9247928102e-01    9.9557739558e-01
       116   -4.5993470710e+01    1.3651372248e+00    2.0336719773e+03    2.0330000000e+03    0.0000000000e+00   -4.5945844119e+01    9.9358816915e-01    9.9557304476e-01
       117   -4.5949379679e+01    1.3362640899e+00    2.0355113942e+03    2.0350000000e+03    0.0000000000e+00   -4.5947009607e+01    9.9319904597e-01    9.9754299754e-01
       118   -4.5929090604e+01    1.3334372822e+00    2.0387898255e+03    2.0390000000e+03    0.0000000000e+00   -4.5949487295e+01    9.9288037712e-01    9.9509563512e-01
       119   -4.5933836297e+01    1.3349146831e+00    2.0406422325e+03    2.0410000000e+03    0.0000000000e+00   -4.5950410575e+01    9.9337874467e-01    9.9510044096e-01
       120   -4.5928900428e+01    1.3671869292e+00    2.0386879076e+03    2.0390000000e+03    0.0000000000e+00   -4.5949120886e+01    9.9352339852e-01    9.9558607160e-01
       121   -4.5979056418e+01    1.4871621774e+00    2.0400998324e+03    2.0400000000e+03    0.0000000000e+00   -4.5949368130e+01    9.9370328809e-01    9.9509803922e-01
       122   -4.5950826155e+01    1.5028484346e+00    2.0363111983e+03    2.0360000000e+03    0.0000000000e+00   -4.5947108085e+01    9.9421526139e-01    9.9508840864e-01
       123   -4.5967859229e+01    1.5785406299e+00    2.0402782573e+03    2.0400000000e+03    0.0000000000e+00   -4.5949384911e+01    9.9423164465e-01    9.9509803922e-01
       124   -4.5930064971e+01    1.3279018260e+00    2.0360066098e+03    2.0360000000e+03    0.0000000000e+00   -4.5947392765e+01    9.9389499452e-01    9.9705304519e-01
       125   -4.5989070015e+01    1.4898180773e+00    2.0371828965e+03    2.0370000000e+03    0.0000000000e+00   -4.5948055449e+01    9.9351537112e-01    9.9607265587e-01
       126   -4.5975404655e+01    1.3181336697e+00    2.0376806072e+03    2.0370000000e+03    0.0000000000e+00   -4.5947783635e+01    9.9368985976e-01    9.9509081983e-01
       127   -4.5978635958e+01    1.3284957104e+00    2.0386239021e+03    2.0380000000e+03    0.0000000000e+00   -4.5948687085e+01    9.9314624794e-01    9.9558390579e-01
       128   -4.6000488903e+01    1.4742313737e+00    2.0348439732e+03    2.0340000000e+03    0.0000000000e+00   -4.5946970435e+01    9.9398284251e-01    9.9705014749e-01
       129   -4.5972307612e+01    1.3356129700e+00    2.0427384988e+03    2.0420000000e+03    0.0000000000e+00   -4.5951174577e+01    9.9395430124e-01    9.9657198825e-01
       130   -4.5976962783e+01    1.4303892351e+00    2.0454283683e+03    2.0450000000e+03    0.0000000000e+00   -4.5953157984e+01    9.9315164492e-01    9.9364303178e-01
       131   -4.5980936418e+01    1.3131564217e+00    2.0385962435e+03    2.0380000000e+03    0.0000000000e+00   -4.5949923456e+01    9.9467144778e-01    9.9656526006e-01
       132   -4.5987120207e+01    1.3287800785e+00    2.0386632979e+03    2.0380000000e+03    0.0000000000e+00   -4.5950164157e+01    9.9393836325e-01    9.9754661433e-01
       133   -4.5997498691e+01    1.4078059092e+00    2.0387895630e+03    2.0380000000e+03    0.0000000000e+00   -4.5950442410e+01    9.9383422754e-01    9.9411187439e-01
       134   -4.5999582121e+01    1.2889469029e+00    2.0330328033e+03    2.0320000000e+03    0.0000000000e+00   -4.5947832122e+01    9.9345577710e-01    9.9803149606e-01
       135   -4.5943996519e+01    1.5376945546e+00    2.0343823352e+03    2.0340000000e+03    0.0000000000e+00   -4.5949256136e+01    9.9392268829e-01    9.9705014749e-01
       136   -4.5952116271e+01    1.2434671510e+00    2.0359015235e+03    2.0360000000e+03    0.0000000000e+00   -4.5950691714e+01    9.9312458834e-01    9.9705304519e-01
       137   -4.5945235764e+01    1.9182816746e+00    2.0388991946e+03    2.0390000000e+03    0.0000000000e+00   -4.5952034501e+01    9.9378392599e-01    9.9264345267e-01
       138   -4.5994231792e+01    1.3710654165e+00    2.0306697495e+03    2.0300000000e+03    0.0000000000e+00   -4.5947566696e+01    9.9343687340e-01    9.9704433498e-01
       139   -4.5973023220e+01    1.4343534151e+00    2.0346960102e+03    2.0340000000e+03    0.0000000000e+00   -4.5949422485e+01    9.9428628472e-01    9.9655850541e-01
       140   -4.5998293807e+01    1.4269169553e+00    2.0367373374e+03    2.0360000000e+03    0.0000000000e+00   -4.5950784785e+01    9.9330498326e-01    9.9508840864e-01
       141   -4.6010089535e+01    1.3229095453e+00    2.0371419827e+03    2.0360000000e+03    0.0000000000e+00   -4.5950946783e+01    9.9397732681e-01    9.9508840864e-01
       142   -4.5988291010e+01    1.4372180839e+00    2.0349849744e+03    2.0340000000e+03    0.0000000000e+00   -4.5950370555e+01    9.9295182166e-01    9.9754178958e-01
       143   -4.5973663922e+01    1.6268804609e+00    2.0385058750e+03    2.0380000000e+03    0.0000000000e+00   -4.5952848391e+01    9.9405097602e-01    9.9460255152e-01
       144   -4.5965931651e+01    1.2722811263e+00    2.0394042605e+03    2.0390000000e+03    0.0000000000e+00   -4.5953632678e+01    9.9454078570e-01    9.9754781756e-01
       145   -4.5969459933e+01    1.2583949932e+00    2.0412134588e+03    2.0410000000e+03    0.0000000000e+00   -4.5954761899e+01    9.9343744604e-01    9.9608035277e-01
       146   -4.5973220734e+01    1.3830107943e+00    2.0413299626e+03    2.0410000000e+03    0.0000000000e+00   -4.5954834973e+01    9.9277820773e-01    9.9706026458e-01
       147   -4.5983841496e+01    1.4752549945e+00    2.0414483716e+03    2.0410000000e+03    0.0000000000e+00   -4.5954939657e+01    9.9375399424e-01    9.9657030867e-01
       148   -4.5967012897e+01    1.4999494416e+00    2.0433871478e+03    2.0430000000e+03    0.0000000000e+00   -4.5956056656e+01    9.9320298122e-01    9.9657366618e-01
       149   -4.5962747378e+01    1.4763017873e+00    2.0481122690e+03    2.0480000000e+03    0.0000000000e+00   -4.5958733529e+01    9.9359930715e-01    9.9707031250e-01
       150   -4.5972051890e+01    1.4133889237e+00    2.0521007855e+03    2.0520000000e+03    0.0000000000e+00   -4.5960760016e+01    9.9374908445e-01    9.9658869396e-01
       151   -4.5962325679e+01    1.4123501353e+00    2.0500838437e+03    2.0500000000e+03    0.0000000000e+00   -4.5959820364e+01    9.9412804641e-01    9.9512195122e-01
       152   -4.6016089928e+01    1.4630188212e+00    2.0565665374e+03    2.0560000000e+03    0.0000000000e+00   -4.5962860844e+01    9.9226260961e-01    9.9513618677e-01
       153   -4.6002322689e+01    1.3323203487e+00    2.0559707811e+03    2.0550000000e+03    0.0000000000e+00   -4.5962404110e+01    9.9340306280e-01    9.9854014599e-01
       154   -4.5974316528e+01    1.2884618468e+00    2.0614556749e+03    2.0610000000e+03    0.0000000000e+00   -4.5965820423e+01    9.9417711563e-01    9.9757399321e-01
       155   -4.5975801802e+01    1.4272921534e+00    2.0641192543e+03    2.0640000000e+03    0.0000000000e+00   -4.5967647402e+01    9.9326583126e-01    9.9563953488e-01
       156   -4.5950425070e+01    1.2522877189e+00    2.0599246185e+03    2.0600000000e+03    0.0000000000e+00   -4.5965832117e+01    9.9347799934e-01    9.9368932039e-01
       157   -4.5983104709e+01    1.4502709245e+00    2.0540844315e+03    2.0540000000e+03    0.0000000000e+00   -4.5963050391e+01    9.9393683484e-01    9.9659201558e-01
       158   -4.5951121007e+01    1.2589068818e+00    2.0530743999e+03    2.0530000000e+03    0.0000000000e+00   -4.5962481215e+01    9.9387206724e-01    9.9464198734e-01
       159   -4.5913673118e+01    1.3749959085e+00    2.0494325957e+03    2.0500000000e+03    0.0000000000e+00   -4.5961212667e+01    9.9319903881e-01    9.9463414634e-01
       160   -4.5919109692e+01    1.3244688104e+00    2.0471622887e+03    2.0480000000e+03    0.0000000000e+00   -4.5960160618e+01    9.9378702804e-01    9.9609375000e-01
       161   -4.5922340950e+01    1.4072994379e+00    2.0491882561e+03    2.0500000000e+03    0.0000000000e+00   -4.5960752510e+01    9.9396254205e-01    9.9219512195e-01
       162   -4.5918552012e+01    1.2262678240e+00    2.0413045752e+03    2.0420000000e+03    0.0000000000e+00   -4.5956509103e+01    9.9374271275e-01    9.9510284035e-01
       163   -4.5941918675e+01    1.3449906152e+00    2.0374946674e+03    2.0380000000e+03    0.0000000000e+00   -4.5954246674e+01    9.9391845411e-01    9.9558390579e-01
       164   -4.5929502570e+01    1.3658373782e+00    2.0386567443e+03    2.0390000000e+03    0.0000000000e+00   -4.5954409897e+01    9.9397822391e-01    9.9656694458e-01
       165   -4.5938015261e+01    1.8982190028e+00    2.0403934943e+03    2.0410000000e+03    0.0000000000e+00   -4.5955255126e+01    9.9268478497e-01    9.9559039686e-01
       166   -4.5918499914e+01    1.4321646403e+00    2.0412848930e+03    2.0420000000e+03    0.0000000000e+00   -4.5955513403e+01    9.9368375254e-01    9.9314397649e-01
       167   -4.5935010662e+01    1.3974060901e+00    2.0305306244e+03    2.0310000000e+03    0.0000000000e+00   -4.5949951083e+01    9.9352257696e-01    9.9606105367e-01
       168   -4.5958627782e+01    1.3952509729e+00    2.0328784147e+03    2.0330000000e+03    0.0000000000e+00   -4.5950624502e+01    9.9242886007e-01    9.9557304476e-01
       169   -4.5943744962e+01    1.4410551760e+00    2.0310199302e+03    2.0310000000e+03    0.0000000000e+00   -4.5949462227e+01    9.9346527319e-01    9.9556868538e-01
       170   -4.5955791533e+01    1.4402025084e+00    2.0319755580e+03    2.0320000000e+03    0.0000000000e+00   -4.5949960860e+01    9.9334229138e-01    9.9704724409e-01
       171   -4.5955482866e+01    1.3594628979e+00    2.0330859493e+03    2.0330000000e+03    0.0000000000e+00   -4.5950345544e+01    9.9392692039e-01    9.9360550910e-01
       172   -4.5962901195e+01    1.2715405216e+00    2.0292608297e+03    2.0290000000e+03    0.0000000000e+00   -4.5948361637e+01    9.9371242399e-01    9.9408575653e-01
       173   -4.5956665526e+01    1.3911096905e+00    2.0253093292e+03    2.0250000000e+03    0.0000000000e+00   -4.5946371739e+01    9.9348482642e-01    9.9604938272e-01
       174   -4.5985706557e+01    1.3576487668e+00    2.0284525851e+03    2.0280000000e+03    0.0000000000e+00   -4.5947891195e+01    9.9391663812e-01    9.9802761341e-01
       175   -4.5993141416e+01    1.2103841271e+00    2.0357750575e+03    2.0350000000e+03    0.0000000000e+00   -4.5951329230e+01    9.9384149267e-01    9.9606879607e-01
       176   -4.6004363034e+01    1.2281794244e+00    2.0339605476e+03    2.0330000000e+03    0.0000000000e+00   -4.5950551897e+01    9.9307262303e-01    9.9852434825e-01
       177   -4.5989153522e+01    1.3373076113e+00    2.0428246449e+03    2.0420000000e+03    0.0000000000e+00   -4.5955226296e+01    9.9329438102e-01    9.9461312439e-01
       178   -4.5958019130e+01    1.3881660779e+00    2.0383872389e+03    2.0380000000e+03    0.0000000000e+00   -4.5953600314e+01    9.9322842617e-01    9.9656526006e-01
       179   -4.5987195571e+01    1.3231504319e+00    2.0363624744e+03    2.0360000000e+03    0.0000000000e+00   -4.5952839042e+01    9.9388334997e-01    9.9705304519e-01
       180   -4.5967670716e+01    1.4555036468e+00    2.0434284562e+03    2.0430000000e+03    0.0000000000e+00   -4.5956266284e+01    9.9472595554e-01    9.9853157122e-01
       181   -4.5977758060e+01    1.3394600138e+00    2.0502615585e+03    2.0500000000e+03    0.0000000000e+00   -4.5959888782e+01    9.9388375853e-01    9.9560975610e-01
       182   -4.5975675177e+01    1.5933103680e+00    2.0503045290e+03    2.0500000000e+03    0.0000000000e+00   -4.5959950458e+01    9.9330222913e-01    9.9707317073e-01
       183   -4.5931219891e+01    1.3799655624e+00    2.0567721174e+03    2.0570000000e+03    0.0000000000e+00   -4.5963490630e+01    9.9369290447e-01    9.9805542052e-01
       184   -4.5960773040e+01    1.3909443875e+00    2.0645348788e+03    2.0650000000e+03    0.0000000000e+00   -4.5967487312e+01    9.9418525196e-01    9.9370460048e-01
       185   -4.5963696075e+01    1.3265038574e+00    2.0569725881e+03    2.0570000000e+03    0.0000000000e+00   -4.5963412586e+01    9.9269620107e-01    9.9416626155e-01
       186   -4.5953552319e+01    1.4354377422e+00    2.0529449963e+03    2.0530000000e+03    0.0000000000e+00   -4.5961478068e+01    9.9390736996e-01    9.9561617146e-01
       187   -4.5974294506e+01    1.3864914201e+00    2.0520240921e+03    2.0520000000e+03    0.0000000000e+00   -4.5961022534e+01    9.9245336757e-01    9.9805068226e-01
       188   -4.5979942565e+01    1.3455102002e+00    2.0512668430e+03    2.0510000000e+03    0.0000000000e+00   -4.5960497795e+01    9.9344107296e-01    9.9756216480e-01
       189   -4.5972614007e+01    1.5145429726e+00    2.0532667216e+03    2.0530000000e+03    0.0000000000e+00   -4.5961574873e+01    9.9340004582e-01    9.9561617146e-01
       190   -4.5970278073e+01    1.3489834698e+00    2.0542098933e+03    2.0540000000e+03    0.0000000000e+00   -4.5962200554e+01    9.9376769491e-01    9.9610516066e-01
       191   -4.5950403212e+01    1.2524101227e+00    2.0539565697e+03    2.0540000000e+03    0.0000000000e+00   -4.5962288891e+01    9.9465193294e-01    9.9659201558e-01
       192   -4.5951232916e+01    1.3100622622e+00    2.0617017725e+03    2.0620000000e+03    0.0000000000e+00   -4.5966247972e+01    9.9319378312e-01    9.9321047527e-01
       193   -4.5964414206e+01    1.3418043374e+00    2.0619052215e+03    2.0620000000e+03    0.0000000000e+00   -4.5966188938e+01    9.9410577463e-01    9.9660523763e-01
       194   -4.5968537156e+01    1.3108844860e+00    2.0619826728e+03    2.0620000000e+03    0.0000000000e+00   -4.5966136060e+01    9.9340230966e-01    9.9272550921e-01
       195   -4.5918155789e+01    1.4450158067e+00    2.0536132631e+03    2.0540000000e+03    0.0000000000e+00   -4.5962281630e+01    9.9308442568e-01    9.9951314508e-01
       196   -4.5932123792e+01    1.1909892174e+00    2.0581287165e+03    2.0590000000e+03    0.0000000000e+00   -4.5964771798e+01    9.9369879069e-01    9.9562894609e-01
       197   -4.5958166021e+01    1.4947050900e+00    2.0595289882e+03    2.0600000000e+03    0.0000000000e+00   -4.5964994555e+01    9.9424815018e-01    9.9757281553e-01
       198   -4.5921625999e+01    1.2949057615e+00    2.0593805530e+03    2.0600000000e+03    0.0000000000e+00   -4.5964823489e+01    9.9421753319e-01    9.9563106796e-01
       199   -4.5942788390e+01    1.2247986841e+00    2.0563215607e+03    2.0570000000e+03    0.0000000000e+00   -4.5963360989e+01    9.9375772296e-01    9.9562469616e-01
       200   -4.5966222696e+01    1.3594544111e+00    2.0618631456e+03    2.0620000000e+03    0.0000000000e+00   -4.5965555326e+01    9.9448254244e-01    9.9563530553e-01
       201   -4.5977437780e+01    1.3640748260e+00    2.0611705251e+03    2.0610000000e+03    0.0000000000e+00   -4.5964971148e+01    9.9263108513e-01    9.9514798641e-01
       202   -4.5955716702e+01    1.3293888193e+00    2.0570575374e+03    2.0570000000e+03    0.0000000000e+00   -4.5963075241e+01    9.9294845725e-01    9.9805542052e-01
       203   -4.5943328472e+01    1.3453334057e+00    2.0626521124e+03    2.0630000000e+03    0.0000000000e+00   -4.5966102880e+01    9.9331182727e-01    9.9515269026e-01
       204   -4.5957888778e+01    1.2430880631e+00    2.0567669997e+03    2.0570000000e+03    0.0000000000e+00   -4.5963171423e+01    9.9406795238e-01    9.9708313077e-01
       205   -4.5982206482e+01    1.5711594330e+00    2.0559981041e+03    2.0560000000e+03    0.0000000000e+00   -4.5962591475e+01    9.9309679511e-01    9.9756809339e-01
       206   -4.5967306449e+01    1.3248529250e+00    2.0601177365e+03    2.0600000000e+03    0.0000000000e+00   -4.5964530267e+01    9.9467074348e-01    9.9466019417e-01
       207   -4.5952924688e+01    1.4047711034e+00    2.0589820585e+03    2.0590000000e+03    0.0000000000e+00   -4.5964185541e+01    9.9376356369e-01    9.9660029140e-01
       208   -4.5901449766e+01    1.2821249485e+00    2.0632055225e+03    2.0640000000e+03    0.0000000000e+00   -4.5966661423e+01    9.9277911946e-01    9.9854651163e-01
       209   -4.5927401024e+01    1.3132273641e+00    2.0648466763e+03    2.0660000000e+03    0.0000000000e+00   -4.5967594711e+01    9.9473526020e-01    9.9612778316e-01
       210   -4.5923676562e+01    1.4175884137e+00    2.0651564413e+03    2.0660000000e+03    0.0000000000e+00   -4.5967257098e+01    9.9403433037e-01    9.9661181026e-01
       211   -4.5902336289e+01    1.2648046414e+00    2.0678642402e+03    2.0690000000e+03    0.0000000000e+00   -4.5968526223e+01    9.9416890951e-01    9.9420009667e-01
       212   -4.5897837242e+01    1.3810679562e+00    2.0616401183e+03    2.0630000000e+03    0.0000000000e+00   -4.5965420617e+01    9.9334710200e-01    9.9563742123e-01
       213   -4.5937760252e+01    1.3711426155e+00    2.0560471736e+03    2.0570000000e+03    0.0000000000e+00   -4.5962185526e+01    9.9419329306e-01    9.9854156539e-01
       214   -4.5928168364e+01    1.4084623643e+00    2.0593017277e+03    2.0600000000e+03    0.0000000000e+00   -4.5963298281e+01    9.9363809111e-01    9.9611650485e-01
       215   -4.5936919965e+01    1.3904053849e+00    2.0603460219e+03    2.0610000000e+03    0.0000000000e+00   -4.5963671053e+01    9.9373713306e-01    9.9854439592e-01
       216   -4.5944367952e+01    1.3044335764e+00    2.0644207933e+03    2.0650000000e+03    0.0000000000e+00   -4.5965444210e+01    9.9399656205e-01    9.9370460048e-01
       217   -4.5952253162e+01    1.3633676726e+00    2.0627036245e+03    2.0630000000e+03    0.0000000000e+00   -4.5964360767e+01    9.9369660933e-01    9.9757634513e-01
       218   -4.5982524265e+01    1.2683198031e+00    2.0630264687e+03    2.0630000000e+03    0.0000000000e+00   -4.5964289446e+01    9.9309182572e-01    9.9369849733e-01
       219   -4.5965592554e+01    1.3988266079e+00    2.0563111751e+03    2.0560000000e+03    0.0000000000e+00   -4.5960864086e+01    9.9403758293e-01    9.9659533074e-01
       220   -4.5954572143e+01    1.4037027299e+00    2.0609386941e+03    2.0610000000e+03    0.0000000000e+00   -4.5963435033e+01    9.9342174327e-01    9.9272197962e-01
       221   -4.5929660389e+01    1.4612281555e+00    2.0526859936e+03    2.0530000000e+03    0.0000000000e+00   -4.5959592749e+01    9.9443239395e-01    9.9756453970e-01
       222   -4.5941631229e+01    1.4554080365e+00    2.0524639846e+03    2.0530000000e+03    0.0000000000e+00   -4.5959578561e+01    9.9375474810e-01    9.9610326352e-01
       223   -4.5938442809e+01    1.3421139381e+00    2.0585734623e+03    2.0590000000e+03    0.0000000000e+00   -4.5962346688e+01    9.9378135152e-01    9.9708596406e-01
       224   -4.5942905886e+01    1.3850532562e+00    2.0615584658e+03    2.0620000000e+03    0.0000000000e+00   -4.5963719174e+01    9.9475912060e-01    9.9612027158e-01
       225   -4.5945419187e+01    1.4037560984e+00    2.0636300381e+03    2.0640000000e+03    0.0000000000e+00   -4.5964588833e+01    9.9297517379e-01    9.9709302326e-01
       226   -4.5948440258e+01    1.2147941273e+00    2.0635937127e+03    2.0640000000e+03    0.0000000000e+00   -4.5964514097e+01    9.9368568979e-01    9.9709302326e-01
       227   -4.5917222319e+01    1.2538000911e+00    2.0663072304e+03    2.0670000000e+03    0.0000000000e+00   -4.5965906034e+01    9.9408530079e-01    9.9516207063e-01
       228   -4.5926508363e+01    1.2786281454e+00    2.0631629122e+03    2.0640000000e+03    0.0000000000e+00   -4.5964409818e+01    9.9323412364e-01    9.9563953488e-01
       229   -4.5966385889e+01    1.5824028128e+00    2.0626248911e+03    2.0630000000e+03    0.0000000000e+00   -4.5963716711e+01    9.9354206594e-01    9.9612215221e-01
       230   -4.5947065076e+01    1.2686814987e+00    2.0588398735e+03    2.0590000000e+03    0.0000000000e+00   -4.5961618479e+01    9.9283902619e-01    9.9368625546e-01
       231   -4.5964062615e+01    1.6520976992e+00    2.0507987204e+03    2.0510000000e+03    0.0000000000e+00   -4.5957778536e+01    9.9396715765e-01    9.9609946368e-01
       232   -4.5981812483e+01    1.4681249986e+00    2.0591788798e+03    2.0590000000e+03    0.0000000000e+00   -4.5961623310e+01    9.9386912446e-01    9.9562894609e-01
       233   -4.5958973544e+01    1.3849756131e+00    2.0591728099e+03    2.0590000000e+03    0.0000000000e+00   -4.5961663704e+01    9.9286117490e-01    9.9611461875e-01
       234   -4.5960673202e+01    1.5505075871e+00    2.0590093250e+03    2.0590000000e+03    0.0000000000e+00   -4.5961795175e+01    9.9372654954e-01    9.9417192812e-01
       235   -4.5964721245e+01    1.2937260712e+00    2.0530767489e+03    2.0530000000e+03    0.0000000000e+00   -4.5958889886e+01    9.9415367776e-01    9.9707744764e-01
       236   -4.5962914544e+01    1.3203756566e+00    2.0540353938e+03    2.0540000000e+03    0.0000000000e+00   -4.5959398399e+01    9.9344844716e-01    9.9513145083e-01
       237   -4.5965832585e+01    1.2666024188e+00    2.0521160463e+03    2.0520000000e+03    0.0000000000e+00   -4.5958466084e+01    9.9303178781e-01    9.9658869396e-01
       238   -4.6003799733e+01    1.4143526790e+00    2.0525235190e+03    2.0520000000e+03    0.0000000000e+00   -4.5958498405e+01    9.9413418905e-01    9.9512670565e-01
       239   -4.5943666824e+01    1.3374155244e+00    2.0533051457e+03    2.0530000000e+03    0.0000000000e+00   -4.5959032276e+01    9.9314521176e-01    9.9756453970e-01
       240   -4.5924597183e+01    1.4352398409e+00    2.0563885776e+03    2.0570000000e+03    0.0000000000e+00   -4.5961214779e+01    9.9326142782e-01    9.9708313077e-01
       241   -4.5905210434e+01    1.4229250783e+00    2.0590155270e+03    2.0600000000e+03    0.0000000000e+00   -4.5962606663e+01    9.9403313036e-01    9.9320388350e-01
       242   -4.5934072399e+01    1.4199786365e+00    2.0541881836e+03    2.0550000000e+03    0.0000000000e+00   -4.5960017284e+01    9.9490621017e-01    9.9513381995e-01
       243   -4.5936099150e+01    1.2717919918e+00    2.0525275716e+03    2.0530000000e+03    0.0000000000e+00   -4.5958790399e+01    9.9387024118e-01    9.9610326352e-01
       244   -4.5920874048e+01    1.3742763149e+00    2.0454048750e+03    2.0460000000e+03    0.0000000000e+00   -4.5955265714e+01    9.9321747736e-01    9.9804496579e-01
       245   -4.5939037002e+01    1.4657339496e+00    2.0504103888e+03    2.0510000000e+03    0.0000000000e+00   -4.5957608265e+01    9.9309567963e-01    9.9219892735e-01
       246   -4.5948712804e+01    1.4262310558e+00    2.0378947572e+03    2.0380000000e+03    0.0000000000e+00   -4.5951078505e+01    9.9275555545e-01    9.9509322866e-01
       247   -4.5948974157e+01    1.3292772810e+00    2.0379421041e+03    2.0380000000e+03    0.0000000000e+00   -4.5950996687e+01    9.9314777414e-01    9.9411187439e-01
       248   -4.5938830562e+01    1.3450065833e+00    2.0339430943e+03    2.0340000000e+03    0.0000000000e+00   -4.5948997537e+01    9.9277174701e-01    9.9459193707e-01
       249   -4.5922958511e+01    1.2653346314e+00    2.0276995180e+03    2.0280000000e+03    0.0000000000e+00   -4.5946010393e+01    9.9334403109e-01    9.9260355030e-01
       250   -4.5921777035e+01    1.2652816459e+00    2.0216686741e+03    2.0220000000e+03    0.0000000000e+00   -4.5942966507e+01    9.9341689179e-01    9.9505440158e-01
       251   -4.5935599211e+01    1.4229549073e+00    2.0187163974e+03    2.0190000000e+03    0.0000000000e+00   -4.5941326348e+01    9.9396876748e-01    9.9603764240e-01
       252   -4.5955396095e+01    1.4368971404e+00    2.0151760836e+03    2.0150000000e+03    0.0000000000e+00   -4.5939183720e+01    9.9392639033e-01    9.9503722084e-01
       253   -4.5964424946e+01    1.4563287281e+00    2.0154371499e+03    2.0150000000e+03    0.0000000000e+00   -4.5939090626e+01    9.9408743283e-01    9.9801488834e-01
       254   -4.5935718389e+01    1.3901543402e+00    2.0151496380e+03    2.0150000000e+03    0.0000000000e+00   -4.5939090911e+01    9.9403845890e-01    9.9652605459e-01
       255   -4.5974405180e+01    1.3877469096e+00    2.0143084322e+03    2.0140000000e+03    0.0000000000e+00   -4.5938636786e+01    9.9422712726e-01    9.9602780536e-01
       256   -4.5961581922e+01    1.3980434668e+00    2.0195973149e+03    2.0190000000e+03    0.0000000000e+00   -4.5941025316e+01    9.9376264677e-01    9.9455175830e-01
       257   -4.5937838963e+01    1.6755496552e+00    2.0200908300e+03    2.0200000000e+03    0.0000000000e+00   -4.5941608592e+01    9.9326105190e-01    9.9702970297e-01
       258   -4.5950674120e+01    1.4492737973e+00    2.0249038300e+03    2.0250000000e+03    0.0000000000e+00   -4.5944109254e+01    9.9330054687e-01    9.9901234568e-01
       259   -4.5954093496e+01    1.3357458330e+00    2.0370618820e+03    2.0370000000e+03    0.0000000000e+00   -4.5949937489e+01    9.9308625507e-01    9.9803632793e-01
       260   -4.5961073388e+01    1.3957934445e+00    2.0440875691e+03    2.0440000000e+03    0.0000000000e+00   -4.5953346892e+01    9.9399338959e-01    9.9559686888e-01
       261   -4.5982866065e+01    1.3781494741e+00    2.0463791906e+03    2.0460000000e+03    0.0000000000e+00   -4.5954319419e+01    9.9387871224e-01    9.9413489736e-01
       262   -4.5968421672e+01    1.3373554282e+00    2.0474745452e+03    2.0470000000e+03    0.0000000000e+00   -4.5954834081e+01    9.9410633689e-01    9.9511480215e-01
       263   -4.5935722029e+01    1.3668085128e+00    2.0489339288e+03    2.0490000000e+03    0.0000000000e+00   -4.5955934157e+01    9.9399569223e-01    9.9609565642e-01
       264   -4.5935775726e+01    1.3830825734e+00    2.0525633689e+03    2.0530000000e+03    0.0000000000e+00   -4.5957942353e+01    9.9314838263e-01    9.9707744764e-01
       265   -4.5924802946e+01    1.2406137764e+00    2.0544122371e+03    2.0550000000e+03    0.0000000000e+00   -4.5958828143e+01    9.9374750951e-01    9.9367396594e-01
       266   -4.5952349100e+01    1.3738959480e+00    2.0456674278e+03    2.0460000000e+03    0.0000000000e+00   -4.5954352059e+01    9.9468306934e-01    9.9706744868e-01
       267   -4.5950841683e+01    1.5081828180e+00    2.0448540886e+03    2.0450000000e+03    0.0000000000e+00   -4.5953728705e+01    9.9288557166e-01    9.9706601467e-01
       268   -4.5937313888e+01    1.3920144359e+00    2.0467465621e+03    2.0470000000e+03    0.0000000000e+00   -4.5954693741e+01    9.9364982332e-01    9.9658036150e-01
       269   -4.5953063303e+01    1.4434692566e+00    2.0497514087e+03    2.0500000000e+03    0.0000000000e+00   -4.5956139274e+01    9.9287871080e-01    9.9560975610e-01
       270   -4.5944223468e+01    1.3646284744e+00    2.0478393804e+03    2.0480000000e+03    0.0000000000e+00   -4.5955085582e+01    9.9434635660e-01    9.9462890625e-01
       271   -4.5963105034e+01    1.3368673796e+00    2.0469854432e+03    2.0470000000e+03    0.0000000000e+00   -4.5954588427e+01    9.9344777374e-01    9.9658036150e-01
       272   -4.5950873445e+01    1.2435066540e+00    2.0490251602e+03    2.0490000000e+03    0.0000000000e+00   -4.5955518208e+01    9.9421709636e-01    9.9755978526e-01
       273   -4.5952012259e+01    1.8165018346e+00    2.0516854147e+03    2.0520000000e+03    0.0000000000e+00   -4.5957015923e+01    9.9335247795e-01    9.9512670565e-01
       274   -4.5922032548e+01    1.3038539881e+00    2.0474363666e+03    2.0480000000e+03    0.0000000000e+00   -4.5955046791e+01    9.9325229874e-01    9.9658203125e-01
       275   -4.5920586673e+01    1.3325669698e+00    2.0463076323e+03    2.0470000000e+03    0.0000000000e+00   -4.5954545478e+01    9.9376336645e-01    9.9462628236e-01
       276   -4.5969831569e+01    1.3626526101e+00    2.0438887065e+03    2.0440000000e+03    0.0000000000e+00   -4.5952939008e+01    9.9408182770e-01    9.9755381605e-01
       277   -4.5941844752e+01    1.4109793530e+00    2.0450142503e+03    2.0450000000e+03    0.0000000000e+00   -4.5953283368e+01    9.9390575366e-01    9.9511002445e-01
       278   -4.5977590714e+01    1.3640661551e+00    2.0551854245e+03    2.0550000000e+03    0.0000000000e+00   -4.5958224797e+01    9.9394076638e-01    9.9902676399e-01
       279   -4.5947769706e+01    1.2406205918e+00    2.0569954282e+03    2.0570000000e+03    0.0000000000e+00   -4.5959143301e+01    9.9286760034e-01    9.9416626155e-01
       280   -4.5971550635e+01    1.3187403257e+00    2.0560335613e+03    2.0560000000e+03    0.0000000000e+00   -4.5958752173e+01    9.9396109206e-01    9.9367704280e-01
       281   -4.5991283611e+01    1.3515862914e+00    2.0455463062e+03    2.0450000000e+03    0.0000000000e+00   -4.5953358221e+01    9.9373819838e-01    9.9657701711e-01
       282   -4.5964052795e+01    1.5991412444e+00    2.0495107626e+03    2.0490000000e+03    0.0000000000e+00   -4.5955381418e+01    9.9361665311e-01    9.9658369937e-01
       283   -4.5996438440e+01    1.4984121380e+00    2.0514458980e+03    2.0510000000e+03    0.0000000000e+00   -4.5956506783e+01    9.9338578575e-01    9.9707459776e-01
       284   -4.5983262099e+01    1.5078408151e+00    2.0516021804e+03    2.0510000000e+03    0.0000000000e+00   -4.5956543708e+01    9.9359745724e-01    9.9658703072e-01
       285   -4.6001952411e+01    1.4315602146e+00    2.0567013869e+03    2.0560000000e+03    0.0000000000e+00   -4.5959147387e+01    9.9401395423e-01    9.9708171206e-01
       286   -4.5964325627e+01    1.4402034889e+00    2.0633986917e+03    2.0630000000e+03    0.0000000000e+00   -4.5962660149e+01    9.9313310882e-01    9.9515269026e-01
       287   -4.5989699455e+01    1.4781169694e+00    2.0582961033e+03    2.0580000000e+03    0.0000000000e+00   -4.5960422175e+01    9.9370109849e-01    9.9465500486e-01
       288   -4.5984600054e+01    1.5370916199e+00    2.0525733867e+03    2.0520000000e+03    0.0000000000e+00   -4.5957537845e+01    9.9315453469e-01    9.9610136452e-01
       289   -4.6000181193e+01    1.5379344554e+00    2.0567534213e+03    2.0560000000e+03    0.0000000000e+00   -4.5959622265e+01    9.9350940546e-01    9.9513618677e-01
       290   -4.6005153906e+01    1.3341947017e+00    2.0549328485e+03    2.0540000000e+03    0.0000000000e+00   -4.5958764534e+01    9.9334759880e-01    9.9464459591e-01
       291   -4.5983120863e+01    1.2848111464e+00    2.0517539429e+03    2.0510000000e+03    0.0000000000e+00   -4.5957479564e+01    9.9351801746e-01    9.9707459776e-01
       292   -4.5970359759e+01    1.3613464746e+00    2.0533599836e+03    2.0530000000e+03    0.0000000000e+00   -4.5958649215e+01    9.9331605055e-01    9.9756453970e-01
       293   -4.5962201929e+01    1.4948723360e+00    2.0630905483e+03    2.0630000000e+03    0.0000000000e+00   -4.5963614675e+01    9.9359968188e-01    9.9709161415e-01
       294   -4.5975746215e+01    1.5225766485e+00    2.0621159095e+03    2.0620000000e+03    0.0000000000e+00   -4.5963185112e+01    9.9414634741e-01    9.9515033948e-01
       295   -4.5967812027e+01    1.4009566400e+00    2.0661682502e+03    2.0660000000e+03    0.0000000000e+00   -4.5965145958e+01    9.9389475835e-01    9.9757986447e-01
       296   -4.5977881152e+01    1.4417517092e+00    2.0671045044e+03    2.0670000000e+03    0.0000000000e+00   -4.5965705458e+01    9.9380446649e-01    9.9854862119e-01
       297   -4.5956065590e+01    1.3748372810e+00    2.0709320804e+03    2.0710000000e+03    0.0000000000e+00   -4.5967682889e+01    9.9330105932e-01    9.9613713182e-01
       298   -4.5963093447e+01    1.3212997798e+00    2.0747998066e+03    2.0750000000e+03    0.0000000000e+00   -4.5969695274e+01    9.9392263089e-01    9.9566265060e-01
       299   -4.5958943601e+01    1.5144850818e+00    2.0728110823e+03    2.0730000000e+03    0.0000000000e+00   -4.5968728899e+01    9.9416508724e-01    9.9710564399e-01
       300   -4.5967782588e+01    1.3493146680e+00    2.0708480702e+03    2.0710000000e+03    0.0000000000e+00   -4.5967788639e+01    9.9428506768e-01    9.9758570739e-01
       301   -4.5970947541e+01    1.3406559380e+00    2.0779732931e+03    2.0780000000e+03    0.0000000000e+00   -4.5971171849e+01    9.9413571763e-01    9.9711260828e-01
       302   -4.5939912962e+01    1.3813518934e+00    2.0796318241e+03    2.0800000000e+03    0.0000000000e+00   -4.5972176419e+01    9.9394458691e-01    9.9567307692e-01
       303   -4.5957380943e+01    1.3145446314e+00    2.0854695758e+03    2.0860000000e+03    0.0000000000e+00   -4.5975111160e+01    9.9332775218e-01    9.9616490892e-01
       304   -4.5954492809e+01    1.3368735381e+00    2.0876377179e+03    2.0880000000e+03    0.0000000000e+00   -4.5976005786e+01    9.9401653622e-01    9.9568965517e-01
       305   -4.5925559090e+01    1.2516144772e+00    2.0862625242e+03    2.0870000000e+03    0.0000000000e+00   -4.5975529454e+01    9.9318659987e-01    9.9425011979e-01
       306   -4.5907507990e+01    1.3825340358e+00    2.0818132416e+03    2.0830000000e+03    0.0000000000e+00   -4.5973602820e+01    9.9324082354e-01    9.9567930869e-01
       307   -4.5900060461e+01    1.3428738667e+00    2.0765654199e+03    2.0780000000e+03    0.0000000000e+00   -4.5971083077e+01    9.9344726379e-01    9.9711260828e-01
       308   -4.5910922007e+01    1.2242322892e+00    2.0796011252e+03    2.0810000000e+03    0.0000000000e+00   -4.5972342774e+01    9.9410425965e-01    9.9711677078e-01
       309   -4.5928989118e+01    1.4117600777e+00    2.0818297747e+03    2.0830000000e+03    0.0000000000e+00   -4.5973094104e+01    9.9406860228e-01    9.9279884782e-01
       310   -4.5960495769e+01    1.4570754144e+00    2.0734451117e+03    2.0740000000e+03    0.0000000000e+00   -4.5968596546e+01    9.9443623293e-01    9.9710703954e-01
       311   -4.5949834851e+01    1.3239950004e+00    2.0737096627e+03    2.0740000000e+03    0.0000000000e+00   -4.5968496944e+01    9.9374404052e-01    9.9758919961e-01
       312   -4.5962541134e+01    1.2870865684e+00    2.0776863771e+03    2.0780000000e+03    0.0000000000e+00   -4.5970440691e+01    9.9386087056e-01    9.9566891242e-01
       313   -4.6014200748e+01    1.4059442614e+00    2.0753967071e+03    2.0750000000e+03    0.0000000000e+00   -4.5968973741e+01    9.9330118876e-01    9.9518072289e-01
       314   -4.5998342024e+01    1.3090821426e+00    2.0768229618e+03    2.0760000000e+03    0.0000000000e+00   -4.5969479877e+01    9.9362909651e-01    9.9614643545e-01
       315   -4.6008959614e+01    1.4539335382e+00    2.0756771779e+03    2.0750000000e+03    0.0000000000e+00   -4.5969210066e+01    9.9382168275e-01    9.9614457831e-01
       316   -4.5992609811e+01    1.5730363208e+00    2.0754615776e+03    2.0750000000e+03    0.0000000000e+00   -4.5969363071e+01    9.9461841187e-01    9.9807228916e-01
       317   -4.5998578040e+01    1.4228139549e+00    2.0803358335e+03    2.0800000000e+03    0.0000000000e+00   -4.5971960042e+01    9.9409217577e-01    9.9711538462e-01
       318   -4.6003384321e+01    1.3524499360e+00    2.0835576502e+03    2.0830000000e+03    0.0000000000e+00   -4.5973531360e+01    9.9404743927e-01    9.9519923188e-01
       319   -4.5995690783e+01    1.4098103875e+00    2.0885469928e+03    2.0880000000e+03    0.0000000000e+00   -4.5976079378e+01    9.9352927678e-01    9.9712643678e-01
       320   -4.5984614528e+01    1.2948151133e+00    2.0862543839e+03    2.0860000000e+03    0.0000000000e+00   -4.5975287664e+01    9.9308373260e-01    9.9616490892e-01
       321   -4.5971829918e+01    1.3862015291e+00    2.0850902938e+03    2.0850000000e+03    0.0000000000e+00   -4.5974946197e+01    9.9448074238e-01    9.9664268585e-01
       322   -4.5971291359e+01    1.3693400178e+00    2.0869268846e+03    2.0870000000e+03    0.0000000000e+00   -4.5976002748e+01    9.9296140882e-01    9.9377096310e-01
       323   -4.5965431388e+01    1.7070992905e+00    2.0778449344e+03    2.0780000000e+03    0.0000000000e+00   -4.5971732925e+01    9.9415072822e-01    9.9711260828e-01
       324   -4.5970958028e+01    1.4132256730e+00    2.0837953418e+03    2.0840000000e+03    0.0000000000e+00   -4.5974665806e+01    9.9451312105e-01    9.9328214971e-01
       325   -4.6000269907e+01    2.0470265370e+00    2.0811098696e+03    2.0810000000e+03    0.0000000000e+00   -4.5973253970e+01    9.9338960564e-01    9.9567515617e-01
       326   -4.5966666321e+01    1.3222351130e+00    2.0770356817e+03    2.0770000000e+03    0.0000000000e+00   -4.5971377831e+01    9.9423061576e-01    9.9759268175e-01
       327   -4.5921632867e+01    1.2687893496e+00    2.0813538873e+03    2.0820000000e+03    0.0000000000e+00   -4.5973931918e+01    9.9369811730e-01    9.9471661864e-01
       328   -4.5957381819e+01    1.3130853021e+00    2.0803011028e+03    2.0810000000e+03    0.0000000000e+00   -4.5973483438e+01    9.9311767239e-01    9.9327246516e-01
       329   -4.5967211595e+01    1.4429783049e+00    2.0708446997e+03    2.0710000000e+03    0.0000000000e+00   -4.5968542371e+01    9.9408677770e-01    9.9517141478e-01
       330   -4.6001411636e+01    1.4919011308e+00    2.0754181028e+03    2.0750000000e+03    0.0000000000e+00   -4.5970471967e+01    9.9319663142e-01    9.9759036145e-01
       331   -4.5967639534e+01    1.3669928042e+00    2.0772498635e+03    2.0770000000e+03    0.0000000000e+00   -4.5971469163e+01    9.9384240673e-01    9.9422243621e-01
       332   -4.5954140561e+01    1.5121854065e+00    2.0708443397e+03    2.0710000000e+03    0.0000000000e+00   -4.5968726896e+01    9.9390025965e-01    9.9710284887e-01
       333   -4.5960279950e+01    1.4932473387e+00    2.0746869134e+03    2.0750000000e+03    0.0000000000e+00   -4.5970690872e+01    9.9417498945e-01    9.9518072289e-01
       334   -4.5947699243e+01    1.2829660779e+00    2.0757080233e+03    2.0760000000e+03    0.0000000000e+00   -4.5971160939e+01    9.9342307638e-01    9.9421965318e-01
       335   -4.5981180604e+01    1.3639386071e+00    2.0729227490e+03    2.0730000000e+03    0.0000000000e+00   -4.5969723954e+01    9.9376080886e-01    9.9710564399e-01
       336   -4.5943434972e+01    1.3404864268e+00    2.0728298484e+03    2.0730000000e+03    0.0000000000e+00   -4.5969690537e+01    9.9425623119e-01    9.9517607332e-01
       337   -4.5926687827e+01    1.2087571703e+00    2.0713126753e+03    2.0720000000e+03    0.0000000000e+00   -4.5969287567e+01    9.9373052922e-01    9.9565637066e-01
       338   -4.5930531392e+01    1.3163641546e+00    2.0741336666e+03    2.0750000000e+03    0.0000000000e+00   -4.5970686739e+01    9.9386449901e-01    9.9807228916e-01
       339   -4.5902441760e+01    1.3280415174e+00    2.0758141574e+03    2.0770000000e+03    0.0000000000e+00   -4.5971546780e+01    9.9254743933e-01    9.9422243621e-01
       340   -4.5924668824e+01    1.3750403300e+00    2.0738486828e+03    2.0750000000e+03    0.0000000000e+00   -4.5970493541e+01    9.9425155590e-01    9.9518072289e-01
       341   -4.5933803718e+01    1.4787453535e+00    2.0780802013e+03    2.0790000000e+03    0.0000000000e+00   -4.5972236823e+01    9.9370572527e-01    9.9615199615e-01
       342   -4.5950843180e+01    1.3356134289e+00    2.0772623582e+03    2.0780000000e+03    0.0000000000e+00   -4.5971647943e+01    9.9355970204e-01    9.9470644851e-01
       343   -4.5939538978e+01    1.2663665245e+00    2.0784920918e+03    2.0790000000e+03    0.0000000000e+00   -4.5972052155e+01    9.9358630206e-01    9.9470899471e-01
       344   -4.5943012845e+01    1.2926462221e+00    2.0754131228e+03    2.0760000000e+03    0.0000000000e+00   -4.5970587764e+01    9.9398743978e-01    9.9470134875e-01
       345   -4.5965502019e+01    1.3311302760e+00    2.0726838114e+03    2.0730000000e+03    0.0000000000e+00   -4.5969084355e+01    9.9339233552e-01    9.9662325133e-01
       346   -4.5954138566e+01    1.3966809074e+00    2.0817056206e+03    2.0820000000e+03    0.0000000000e+00   -4.5973370941e+01    9.9248256859e-01    9.9519692603e-01
       347   -4.5969571305e+01    1.3342737682e+00    2.0757826047e+03    2.0760000000e+03    0.0000000000e+00   -4.5970512938e+01    9.9396265044e-01    9.9470134875e-01
       348   -4.5939501374e+01    1.2585468270e+00    2.0707583130e+03    2.0710000000e+03    0.0000000000e+00   -4.5968092480e+01    9.9318622066e-01    9.9468855625e-01
       349   -4.5963816392e+01    1.3418363971e+00    2.0666720567e+03    2.0670000000e+03    0.0000000000e+00   -4.5966200106e+01    9.9392092053e-01    9.9612965651e-01
       350   -4.5967448780e+01    1.3406972765e+00    2.0629878597e+03    2.0630000000e+03    0.0000000000e+00   -4.5964206723e+01    9.9385444536e-01    9.9563742123e-01
       351   -4.6001997664e+01    1.2502592098e+00    2.0664794257e+03    2.0660000000e+03    0.0000000000e+00   -4.5965682069e+01    9.9333151703e-01    9.9661181026e-01
       352   -4.5990778220e+01    1.3219001356e+00    2.0645991439e+03    2.0640000000e+03    0.0000000000e+00   -4.5964747256e+01    9.9355979053e-01    9.9806201550e-01
       353   -4.5992013931e+01    1.3619031924e+00    2.0674711530e+03    2.0670000000e+03    0.0000000000e+00   -4.5966343563e+01    9.9435689435e-01    9.9516207063e-01
       354   -4.5960722428e+01    1.3028898880e+00    2.0682525246e+03    2.0680000000e+03    0.0000000000e+00   -4.5966934466e+01    9.9448365644e-01    9.9661508704e-01
       355   -4.5952964740e+01    1.2942306089e+00    2.0688248135e+03    2.0690000000e+03    0.0000000000e+00   -4.5967528377e+01    9.9387362671e-01    9.9371677139e-01
       356   -4.5954273878e+01    1.2293942840e+00    2.0598075864e+03    2.0600000000e+03    0.0000000000e+00   -4.5963179707e+01    9.9477037873e-01    9.9514563107e-01
       357   -4.5925181267e+01    1.2706828103e+00    2.0555317940e+03    2.0560000000e+03    0.0000000000e+00   -4.5961222278e+01    9.9377604161e-01    9.9513618677e-01
       358   -4.5923825450e+01    1.4201305966e+00    2.0543239684e+03    2.0550000000e+03    0.0000000000e+00   -4.5960726188e+01    9.9339921856e-01    9.9513381995e-01
       359   -4.5945015238e+01    1.3515299910e+00    2.0494796428e+03    2.0500000000e+03    0.0000000000e+00   -4.5958189403e+01    9.9368303802e-01    9.9658536585e-01
       360   -4.5948073971e+01    1.3693309734e+00    2.0487422406e+03    2.0490000000e+03    0.0000000000e+00   -4.5957597142e+01    9.9416397281e-01    9.9707174231e-01
       361   -4.5928509310e+01    1.3078944500e+00    2.0475762067e+03    2.0480000000e+03    0.0000000000e+00   -4.5957071305e+01    9.9401282590e-01    9.9658203125e-01
       362   -4.5932137191e+01    1.2397407598e+00    2.0514194418e+03    2.0520000000e+03    0.0000000000e+00   -4.5958994583e+01    9.9389789689e-01    9.9317738791e-01
       363   -4.5939123904e+01    1.2953461374e+00    2.0466903845e+03    2.0470000000e+03    0.0000000000e+00   -4.5956466622e+01    9.9389304411e-01    9.9071812408e-01
       364   -4.5941907639e+01    1.2681890137e+00    2.0348660427e+03    2.0350000000e+03    0.0000000000e+00   -4.5950510535e+01    9.9443147377e-01    9.9410319410e-01
       365   -4.5944331520e+01    1.1642047793e+00    2.0339234292e+03    2.0340000000e+03    0.0000000000e+00   -4.5949964385e+01    9.9395193551e-01    9.9557522124e-01
       366   -4.5951866774e+01    1.2350645800e+00    2.0319580504e+03    2.0320000000e+03    0.0000000000e+00   -4.5948934862e+01    9.9358739180e-01    9.9507874016e-01
       367   -4.5930389129e+01    1.5019494463e+00    2.0328726817e+03    2.0330000000e+03    0.0000000000e+00   -4.5949388804e+01    9.9403546210e-01    9.9655681259e-01
       368   -4.5921990772e+01    1.2455496403e+00    2.0305163028e+03    2.0310000000e+03    0.0000000000e+00   -4.5948389695e+01    9.9402198046e-01    9.9606105367e-01
       369   -4.5942919299e+01    1.3918100762e+00    2.0326082880e+03    2.0330000000e+03    0.0000000000e+00   -4.5949293898e+01    9.9489229643e-01    9.9655681259e-01
       370   -4.5927673851e+01    1.2661387041e+00    2.0336757644e+03    2.0340000000e+03    0.0000000000e+00   -4.5949680648e+01    9.9309342568e-01    9.9508357915e-01
       371   -4.5957472462e+01    1.3115273207e+00    2.0359215100e+03    2.0360000000e+03    0.0000000000e+00   -4.5950622299e+01    9.9333062355e-01    9.9803536346e-01
       372   -4.5966408171e+01    1.1623666770e+00    2.0391578510e+03    2.0390000000e+03    0.0000000000e+00   -4.5952007869e+01    9.9321959238e-01    9.9558607160e-01
       373   -4.5965747877e+01    1.3469759904e+00    2.0403231305e+03    2.0400000000e+03    0.0000000000e+00   -4.5952501370e+01    9.9336298921e-01    9.9656862745e-01
       374   -4.5979463639e+01    1.2373662040e+00    2.0453542571e+03    2.0450000000e+03    0.0000000000e+00   -4.5954979270e+01    9.9476648768e-01    9.9755501222e-01
       375   -4.5981067986e+01    1.2556545274e+00    2.0484354844e+03    2.0480000000e+03    0.0000000000e+00   -4.5956472957e+01    9.9411599001e-01    9.9755859375e-01
       376   -4.6000107739e+01    1.3309775852e+00    2.0526530816e+03    2.0520000000e+03    0.0000000000e+00   -4.5958492602e+01    9.9403906429e-01    9.9805068226e-01
       377   -4.6017171920e+01    1.3713604120e+00    2.0539354487e+03    2.0530000000e+03    0.0000000000e+00   -4.5959052592e+01    9.9441303380e-01    9.9659035558e-01
       378   -4.5990083344e+01    1.3028369177e+00    2.0508637293e+03    2.0500000000e+03    0.0000000000e+00   -4.5957718926e+01    9.9412975704e-01    9.9219512195e-01
       379   -4.5992393516e+01    1.2700700269e+00    2.0498216175e+03    2.0490000000e+03    0.0000000000e+00   -4.5957409259e+01    9.9342974189e-01    9.9560761347e-01
       380   -4.5958342834e+01    1.2980238601e+00    2.0463964319e+03    2.0460000000e+03    0.0000000000e+00   -4.5956041594e+01    9.9375262554e-01    9.9413489736e-01
       381   -4.5974387054e+01    1.2852863170e+00    2.0432874214e+03    2.0430000000e+03    0.0000000000e+00   -4.5954677981e+01    9.9414485887e-01    9.9412628488e-01
       382   -4.6004405831e+01    1.2494589728e+00    2.0387662289e+03    2.0380000000e+03    0.0000000000e+00   -4.5952231168e+01    9.9367277440e-01    9.9460255152e-01
       383   -4.5996944711e+01    1.2653082315e+00    2.0340329936e+03    2.0330000000e+03    0.0000000000e+00   -4.5949825092e+01    9.9398960482e-01    9.9606492868e-01
       384   -4.6022855567e+01    1.3492085688e+00    2.0332511332e+03    2.0320000000e+03    0.0000000000e+00   -4.5949470382e+01    9.9352422097e-01    9.9409448819e-01
       385   -4.5977615765e+01    1.1793523280e+00    2.0290801320e+03    2.0280000000e+03    0.0000000000e+00   -4.5947614811e+01    9.9452707044e-01    9.9852071006e-01
       386   -4.5967050730e+01    1.2883180416e+00    2.0384319001e+03    2.0380000000e+03    0.0000000000e+00   -4.5952722756e+01    9.9444188497e-01    9.9460255152e-01
       387   -4.5967409067e+01    1.3474976273e+00    2.0363227280e+03    2.0360000000e+03    0.0000000000e+00   -4.5951798552e+01    9.9339423497e-01    9.9656188605e-01
       388   -4.5982213833e+01    1.3791335626e+00    2.0434537011e+03    2.0430000000e+03    0.0000000000e+00   -4.5955257710e+01    9.9406696120e-01    9.9559471366e-01
       389   -4.5988751510e+01    1.3744537412e+00    2.0466333474e+03    2.0460000000e+03    0.0000000000e+00   -4.5956752876e+01    9.9302322890e-01    9.9804496579e-01
       390   -4.5956242662e+01    1.4202311368e+00    2.0502526916e+03    2.0500000000e+03    0.0000000000e+00   -4.5958775955e+01    9.9377746588e-01    9.9512195122e-01
       391   -4.5949746474e+01    1.3458349537e+00    2.0438840469e+03    2.0440000000e+03    0.0000000000e+00   -4.5955933016e+01    9.9347901790e-01    9.9608610568e-01
       392   -4.5909043167e+01    1.3024476682e+00    2.0444199225e+03    2.0450000000e+03    0.0000000000e+00   -4.5956417458e+01    9.9378103572e-01    9.9804400978e-01
       393   -4.5897375677e+01    1.3341731519e+00    2.0508060432e+03    2.0520000000e+03    0.0000000000e+00   -4.5959811546e+01    9.9359546801e-01    9.9463937622e-01
       394   -4.5923690886e+01    1.3184024650e+00    2.0510464688e+03    2.0520000000e+03    0.0000000000e+00   -4.5959673644e+01    9.9398487318e-01    9.9610136452e-01
       395   -4.5912712132e+01    1.3006690806e+00    2.0511569523e+03    2.0520000000e+03    0.0000000000e+00   -4.5959503653e+01    9.9317695926e-01    9.9658869396e-01
       396   -4.5909012158e+01    1.3597338332e+00    2.0529913920e+03    2.0540000000e+03    0.0000000000e+00   -4.5960382721e+01    9.9312335742e-01    9.9707887050e-01
       397   -4.5919174649e+01    1.2395048483e+00    2.0540117234e+03    2.0550000000e+03    0.0000000000e+00   -4.5960744120e+01    9.9328428015e-01    9.9610705596e-01
       398   -4.5953089117e+01    1.2641013380e+00    2.0535022671e+03    2.0540000000e+03    0.0000000000e+00   -4.5960122412e+01    9.9360326090e-01    9.9610516066e-01
       399   -4.5938199331e+01    1.3146912936e+00    2.0566983571e+03    2.0570000000e+03    0.0000000000e+00   -4.5961476000e+01    9.9387871789e-01    9.9416626155e-01

