#   index    LocalEnergy         LocalEnergy_sq      LocalPotential      Kinetic             ElecElec            IonIon              LocalECP            NonLocalECP         MPC                 KEcorr              BlockWeight         BlockCPU            AcceptRatio         
         0   -4.5984458791e+01    2.1158358325e+03   -8.0938539166e+01    3.4954080374e+01   -1.1627865734e+01   -5.1102678690e+01   -2.1359496281e+01    3.1515015401e+00   -1.1378509785e+01    1.0296874312e-01    8.1940000000e+03    2.9680136780e+00    9.9839518785e-01
         1   -4.5996716749e+01    2.1171429354e+03   -8.0927582804e+01    3.4930866055e+01   -1.1596958084e+01   -5.1102678690e+01   -2.1324669501e+01    3.0967234718e+00   -1.1345567868e+01    1.0296874312e-01    8.2010000000e+03    2.9543123700e+00    9.9834884076e-01
         2   -4.5978692322e+01    2.1152839122e+03   -8.1061943249e+01    3.5083250928e+01   -1.1626503186e+01   -5.1102678690e+01   -2.1431357051e+01    3.0985956776e+00   -1.1377471999e+01    1.0296874312e-01    8.1960000000e+03    2.9641701430e+00    9.9843349799e-01
         3   -4.5963275567e+01    2.1140508439e+03   -8.1003213270e+01    3.5039937703e+01   -1.1649436443e+01   -5.1102678690e+01   -2.1327299908e+01    3.0762017713e+00   -1.1400904443e+01    1.0296874312e-01    8.1890000000e+03    2.9515778450e+00    9.9850390816e-01
         4   -4.5958086017e+01    2.1135501287e+03   -8.0871404198e+01    3.4913318181e+01   -1.1625322979e+01   -5.1102678690e+01   -2.1316053493e+01    3.1726509639e+00   -1.1373341124e+01    1.0296874312e-01    8.1920000000e+03    2.9460090661e+00    9.9836409396e-01
         5   -4.5989275439e+01    2.1165141799e+03   -8.0968028263e+01    3.4978752824e+01   -1.1611615648e+01   -5.1102678690e+01   -2.1337842805e+01    3.0841088799e+00   -1.1357242005e+01    1.0296874312e-01    8.1900000000e+03    2.9411056481e+00    9.9846574255e-01
         6   -4.5960675629e+01    2.1138159617e+03   -8.0917726418e+01    3.4957050789e+01   -1.1616252943e+01   -5.1102678690e+01   -2.1335153210e+01    3.1363584260e+00   -1.1363230120e+01    1.0296874312e-01    8.1900000000e+03    2.9549975430e+00    9.9859203297e-01
         7   -4.5958919637e+01    2.1135255488e+03   -8.0782014000e+01    3.4823094363e+01   -1.1635323849e+01   -5.1102678690e+01   -2.1161016796e+01    3.1170053353e+00   -1.1382186300e+01    1.0296874312e-01    8.1900000000e+03    2.9585937350e+00    9.9855822043e-01
         8   -4.5953183610e+01    2.1130931284e+03   -8.0835227582e+01    3.4882043973e+01   -1.1618024266e+01   -5.1102678690e+01   -2.1242083761e+01    3.1275591357e+00   -1.1366567169e+01    1.0296874312e-01    8.1890000000e+03    2.9526587570e+00    9.9846630448e-01
         9   -4.5987272148e+01    2.1161854834e+03   -8.0954649948e+01    3.4967377799e+01   -1.1643472322e+01   -5.1102678690e+01   -2.1404650104e+01    3.1961511687e+00   -1.1393103304e+01    1.0296874312e-01    8.1900000000e+03    2.9548460090e+00    9.9840506716e-01
        10   -4.5971607111e+01    2.1148280694e+03   -8.0930257447e+01    3.4958650336e+01   -1.1677821594e+01   -5.1102678690e+01   -2.1369369466e+01    3.2196123034e+00   -1.1424395797e+01    1.0296874312e-01    8.1850000000e+03    2.9704945140e+00    9.9838500305e-01
        11   -4.5976948059e+01    2.1152143912e+03   -8.0948691329e+01    3.4971743270e+01   -1.1730661386e+01   -5.1102678690e+01   -2.1253344312e+01    3.1379930597e+00   -1.1476870922e+01    1.0296874312e-01    8.2010000000e+03    2.9802762370e+00    9.9849356236e-01
        12   -4.5981255785e+01    2.1156511380e+03   -8.0945263843e+01    3.4964008058e+01   -1.1735034854e+01   -5.1102678690e+01   -2.1251088183e+01    3.1435378851e+00   -1.1477711719e+01    1.0296874312e-01    8.1930000000e+03    2.9640965780e+00    9.9840642918e-01
        13   -4.6003625200e+01    2.1178304749e+03   -8.0808945969e+01    3.4805320770e+01   -1.1720123306e+01   -5.1102678690e+01   -2.1234359861e+01    3.2482158884e+00   -1.1464848946e+01    1.0296874312e-01    8.1870000000e+03    2.9508425870e+00    9.9851935523e-01
        14   -4.6024261202e+01    2.1196141621e+03   -8.0659786826e+01    3.4635525624e+01   -1.1717581868e+01   -5.1102678690e+01   -2.1103367361e+01    3.2638410936e+00   -1.1462989519e+01    1.0296874312e-01    8.1900000000e+03    2.9531002090e+00    9.9845810943e-01
        15   -4.6010926119e+01    2.1184335380e+03   -8.0721846606e+01    3.4710920486e+01   -1.1714097702e+01   -5.1102678690e+01   -2.1242811951e+01    3.3377417380e+00   -1.1458175764e+01    1.0296874312e-01    8.1990000000e+03    2.9859883160e+00    9.9855945122e-01
        16   -4.5986448511e+01    2.1161133307e+03   -8.0686157085e+01    3.4699708574e+01   -1.1700497201e+01   -5.1102678690e+01   -2.1131736701e+01    3.2487555076e+00   -1.1439679592e+01    1.0296874312e-01    8.1830000000e+03    2.9982325410e+00    9.9850317693e-01
        17   -4.5954331146e+01    2.1130419605e+03   -8.0845306171e+01    3.4890975025e+01   -1.1679341867e+01   -5.1102678690e+01   -2.1182897117e+01    3.1196115041e+00   -1.1421113342e+01    1.0296874312e-01    8.1920000000e+03    3.0156747559e+00    9.9842796093e-01
        18   -4.5972810989e+01    2.1147483582e+03   -8.0727204385e+01    3.4754393396e+01   -1.1682288755e+01   -5.1102678690e+01   -2.1179197528e+01    3.2369605887e+00   -1.1427050604e+01    1.0296874312e-01    8.1960000000e+03    2.9794703809e+00    9.9845580161e-01
        19   -4.5942159161e+01    2.1119442332e+03   -8.0640912053e+01    3.4698752892e+01   -1.1741516370e+01   -5.1102678690e+01   -2.1118740621e+01    3.3220236287e+00   -1.1486941525e+01    1.0296874312e-01    8.1940000000e+03    2.9728479820e+00    9.9842510677e-01
        20   -4.5947752784e+01    2.1125217886e+03   -8.0633608450e+01    3.4685855666e+01   -1.1750093123e+01   -5.1102678690e+01   -2.1151742614e+01    3.3709059779e+00   -1.1495539055e+01    1.0296874312e-01    8.1850000000e+03    2.9585118809e+00    9.9853062408e-01
        21   -4.5977469970e+01    2.1152547805e+03   -8.0657586585e+01    3.4680116615e+01   -1.1753974168e+01   -5.1102678690e+01   -2.1115117770e+01    3.3141840429e+00   -1.1498226334e+01    1.0296874312e-01    8.1610000000e+03    2.9242702661e+00    9.9834680382e-01
        22   -4.5959991270e+01    2.1136525808e+03   -8.0502356265e+01    3.4542364996e+01   -1.1724736318e+01   -5.1102678690e+01   -2.1043806654e+01    3.3688653973e+00   -1.1465764121e+01    1.0296874312e-01    8.1730000000e+03    2.9506515220e+00    9.9854579966e-01
        23   -4.5947149277e+01    2.1126056053e+03   -8.0621891408e+01    3.4674742131e+01   -1.1701620410e+01   -5.1102678690e+01   -2.1225818416e+01    3.4082261077e+00   -1.1444353875e+01    1.0296874312e-01    8.2010000000e+03    2.9578007350e+00    9.9849066959e-01
        24   -4.5966767762e+01    2.1143977992e+03   -8.0589599121e+01    3.4622831359e+01   -1.1703662563e+01   -5.1102678690e+01   -2.1209862919e+01    3.4266050516e+00   -1.1445174791e+01    1.0296874312e-01    8.1720000000e+03    2.9142204280e+00    9.9847933733e-01
        25   -4.5977456388e+01    2.1153906899e+03   -8.0769526046e+01    3.4792069658e+01   -1.1684281762e+01   -5.1102678690e+01   -2.1234420403e+01    3.2518548087e+00   -1.1424608098e+01    1.0296874312e-01    8.1500000000e+03    2.8977676739e+00    9.9846280054e-01
        26   -4.5959540871e+01    2.1135568625e+03   -8.0670146715e+01    3.4710605843e+01   -1.1661861531e+01   -5.1102678690e+01   -2.1234901467e+01    3.3292949735e+00   -1.1401969550e+01    1.0296874312e-01    8.1700000000e+03    2.9172798300e+00    9.9865328110e-01
        27   -4.5970190990e+01    2.1145521622e+03   -8.0665741248e+01    3.4695550258e+01   -1.1694851332e+01   -5.1102678690e+01   -2.1170569566e+01    3.3023583405e+00   -1.1435653148e+01    1.0296874312e-01    8.1710000000e+03    2.9117202690e+00    9.9849641895e-01
        28   -4.5938641686e+01    2.1116945347e+03   -8.0666085438e+01    3.4727443752e+01   -1.1752742889e+01   -5.1102678690e+01   -2.1088178436e+01    3.2775145768e+00   -1.1493152715e+01    1.0296874312e-01    8.1870000000e+03    2.9178404610e+00    9.9837657377e-01
        29   -4.5950858559e+01    2.1127767701e+03   -8.0581599644e+01    3.4630741086e+01   -1.1743413180e+01   -5.1102678690e+01   -2.1069346813e+01    3.3338390400e+00   -1.1484618151e+01    1.0296874312e-01    8.2200000000e+03    2.9238718631e+00    9.9842798417e-01
        30   -4.5915210794e+01    2.1096414651e+03   -8.0657777078e+01    3.4742566284e+01   -1.1690073977e+01   -5.1102678690e+01   -2.1144617007e+01    3.2795925962e+00   -1.1428788681e+01    1.0296874312e-01    8.2520000000e+03    2.9452604090e+00    9.9853770154e-01
        31   -4.5954279137e+01    2.1133210219e+03   -8.0635049011e+01    3.4680769874e+01   -1.1657618624e+01   -5.1102678690e+01   -2.1220394197e+01    3.3456425004e+00   -1.1396432762e+01    1.0296874312e-01    8.2640000000e+03    2.9450679291e+00    9.9829793028e-01
        32   -4.5918640670e+01    2.1098731054e+03   -8.0709330052e+01    3.4790689382e+01   -1.1629507481e+01   -5.1102678690e+01   -2.1230584829e+01    3.2534409487e+00   -1.1365030101e+01    1.0296874312e-01    8.2620000000e+03    2.9455381989e+00    9.9841858354e-01
        33   -4.5911174645e+01    2.1094249004e+03   -8.0747384577e+01    3.4836209932e+01   -1.1636331853e+01   -5.1102678690e+01   -2.1283282688e+01    3.2749086549e+00   -1.1373088237e+01    1.0296874312e-01    8.2880000000e+03    2.9589088840e+00    9.9840411083e-01
        34   -4.5897289358e+01    2.1079184679e+03   -8.0731951996e+01    3.4834662638e+01   -1.1658286858e+01   -5.1102678690e+01   -2.1328189683e+01    3.3572032355e+00   -1.1396177725e+01    1.0296874312e-01    8.2820000000e+03    2.9683065570e+00    9.9837848437e-01
        35   -4.5888846339e+01    2.1071605559e+03   -8.0814661379e+01    3.4925815039e+01   -1.1683786977e+01   -5.1102678690e+01   -2.1398534613e+01    3.3703389018e+00   -1.1426031678e+01    1.0296874312e-01    8.2450000000e+03    2.9392173990e+00    9.9852722922e-01
        36   -4.5886596930e+01    2.1069441022e+03   -8.0685597588e+01    3.4799000657e+01   -1.1651726708e+01   -5.1102678690e+01   -2.1309551401e+01    3.3783592116e+00   -1.1392466066e+01    1.0296874312e-01    8.2490000000e+03    2.9387774700e+00    9.9858195826e-01
        37   -4.5926229085e+01    2.1105691460e+03   -8.0598580170e+01    3.4672351086e+01   -1.1642102546e+01   -5.1102678690e+01   -2.1176343489e+01    3.3225445553e+00   -1.1381201486e+01    1.0296874312e-01    8.2470000000e+03    2.9399947510e+00    9.9842822082e-01
        38   -4.5891893808e+01    2.1074365021e+03   -8.0768059347e+01    3.4876165540e+01   -1.1682785568e+01   -5.1102678690e+01   -2.1159814673e+01    3.1772195843e+00   -1.1426995613e+01    1.0296874312e-01    8.2370000000e+03    2.9426753010e+00    9.9849456983e-01
        39   -4.5895326565e+01    2.1079767040e+03   -8.0858280832e+01    3.4962954267e+01   -1.1673692262e+01   -5.1102678690e+01   -2.1260909754e+01    3.1789998739e+00   -1.1420653480e+01    1.0296874312e-01    8.1930000000e+03    2.9187052760e+00    9.9844931114e-01
        40   -4.5894036986e+01    2.1077947182e+03   -8.0849307101e+01    3.4955270115e+01   -1.1641729426e+01   -5.1102678690e+01   -2.1235052000e+01    3.1301530150e+00   -1.1386818288e+01    1.0296874312e-01    8.1760000000e+03    2.9052738820e+00    9.9841172877e-01
        41   -4.5909287908e+01    2.1091033282e+03   -8.0794036083e+01    3.4884748175e+01   -1.1641861039e+01   -5.1102678690e+01   -2.1104834247e+01    3.0553378936e+00   -1.1385169591e+01    1.0296874312e-01    8.1660000000e+03    2.9090948440e+00    9.9830387773e-01
        42   -4.5919906229e+01    2.1100944780e+03   -8.0895739473e+01    3.4975833244e+01   -1.1658151839e+01   -5.1102678690e+01   -2.1088475608e+01    2.9535666642e+00   -1.1398742007e+01    1.0296874312e-01    8.1450000000e+03    2.9105697740e+00    9.9844746688e-01
        43   -4.5912991393e+01    2.1094682216e+03   -8.0829906021e+01    3.4916914628e+01   -1.1662327762e+01   -5.1102678690e+01   -2.1022269585e+01    2.9573700173e+00   -1.1401994719e+01    1.0296874312e-01    8.1590000000e+03    2.9101463431e+00    9.9842063297e-01
        44   -4.5903492004e+01    2.1084984602e+03   -8.0848693165e+01    3.4945201161e+01   -1.1668655200e+01   -5.1102678690e+01   -2.1242272457e+01    3.1649131820e+00   -1.1408379484e+01    1.0296874312e-01    8.1740000000e+03    2.9191509550e+00    9.9849369954e-01
        45   -4.5912838747e+01    2.1093232708e+03   -8.1012137107e+01    3.5099298360e+01   -1.1695922634e+01   -5.1102678690e+01   -2.1343612824e+01    3.1300770413e+00   -1.1436363312e+01    1.0296874312e-01    8.1580000000e+03    2.9150999840e+00    9.9857258756e-01
        46   -4.5914571723e+01    2.1094871814e+03   -8.0973524247e+01    3.5058952523e+01   -1.1700577991e+01   -5.1102678690e+01   -2.1337722912e+01    3.1674553469e+00   -1.1435256919e+01    1.0296874312e-01    8.1370000000e+03    2.9089100520e+00    9.9858722359e-01
        47   -4.5895865917e+01    2.1077189194e+03   -8.0976793990e+01    3.5080928073e+01   -1.1634896895e+01   -5.1102678690e+01   -2.1299719513e+01    3.0605011084e+00   -1.1368467382e+01    1.0296874312e-01    8.1390000000e+03    2.9047656601e+00    9.9850568531e-01
        48   -4.5903185397e+01    2.1084150643e+03   -8.0912001229e+01    3.5008815832e+01   -1.1620591209e+01   -5.1102678690e+01   -2.1299635772e+01    3.1109044424e+00   -1.1352340315e+01    1.0296874312e-01    8.1320000000e+03    2.9064801499e+00    9.9829461652e-01
        49   -4.5927830179e+01    2.1107003767e+03   -8.0826541944e+01    3.4898711765e+01   -1.1655552748e+01   -5.1102678690e+01   -2.1234457411e+01    3.1661469059e+00   -1.1385892186e+01    1.0296874312e-01    8.1310000000e+03    2.9218704640e+00    9.9842827718e-01
        50   -4.5930657215e+01    2.1109890848e+03   -8.0739949690e+01    3.4809292475e+01   -1.1604732167e+01   -5.1102678690e+01   -2.1193438074e+01    3.1608992416e+00   -1.1333716289e+01    1.0296874312e-01    8.1190000000e+03    2.9176281331e+00    9.9837672329e-01
        51   -4.5949223793e+01    2.1126761826e+03   -8.0838833583e+01    3.4889609790e+01   -1.1618240237e+01   -5.1102678690e+01   -2.1297105150e+01    3.1791904943e+00   -1.1347061056e+01    1.0296874312e-01    8.1260000000e+03    2.8982927550e+00    9.9840977698e-01
        52   -4.5926405459e+01    2.1106361991e+03   -8.0899021009e+01    3.4972615550e+01   -1.1634855052e+01   -5.1102678690e+01   -2.1293491552e+01    3.1320042854e+00   -1.1365407319e+01    1.0296874312e-01    8.1590000000e+03    2.9072215670e+00    9.9860898222e-01
        53   -4.5922166734e+01    2.1102251993e+03   -8.0796101119e+01    3.4873934385e+01   -1.1624079887e+01   -5.1102678690e+01   -2.1250769474e+01    3.1814269322e+00   -1.1355758434e+01    1.0296874312e-01    8.1500000000e+03    2.9131185480e+00    9.9853617413e-01
        54   -4.5918512656e+01    2.1099420145e+03   -8.0711830497e+01    3.4793317841e+01   -1.1665842715e+01   -5.1102678690e+01   -2.1181292945e+01    3.2379838544e+00   -1.1396615659e+01    1.0296874312e-01    8.1350000000e+03    2.9046581450e+00    9.9846399607e-01
        55   -4.5916447295e+01    2.1096208949e+03   -8.0695582210e+01    3.4779134915e+01   -1.1675509282e+01   -5.1102678690e+01   -2.1183019371e+01    3.2656251339e+00   -1.1408593827e+01    1.0296874312e-01    8.1090000000e+03    2.8871008280e+00    9.9839802834e-01
        56   -4.5923972584e+01    2.1103174254e+03   -8.0693691214e+01    3.4769718630e+01   -1.1665368155e+01   -5.1102678690e+01   -2.1113817775e+01    3.1881734066e+00   -1.1397580110e+01    1.0296874312e-01    8.0890000000e+03    2.8801772459e+00    9.9840852905e-01
        57   -4.5919791606e+01    2.1100034407e+03   -8.0756052949e+01    3.4836261344e+01   -1.1638441286e+01   -5.1102678690e+01   -2.0987361480e+01    2.9724285063e+00   -1.1368982078e+01    1.0296874312e-01    8.0950000000e+03    2.8949346991e+00    9.9835952940e-01
        58   -4.5929261756e+01    2.1109453452e+03   -8.0775257248e+01    3.4845995493e+01   -1.1615576822e+01   -5.1102678690e+01   -2.1074060304e+01    3.0170585685e+00   -1.1348963629e+01    1.0296874312e-01    8.0790000000e+03    2.8854964951e+00    9.9839941853e-01
        59   -4.5936209436e+01    2.1114533536e+03   -8.0692588982e+01    3.4756379546e+01   -1.1563078561e+01   -5.1102678690e+01   -2.1207893822e+01    3.1810620917e+00   -1.1295806865e+01    1.0296874312e-01    8.0660000000e+03    2.8726403101e+00    9.9838969404e-01
        60   -4.5934324297e+01    2.1113713278e+03   -8.0762600834e+01    3.4828276537e+01   -1.1635455571e+01   -5.1102678690e+01   -2.1244199338e+01    3.2197327651e+00   -1.1373255312e+01    1.0296874312e-01    8.0430000000e+03    2.8612866651e+00    9.9853187919e-01
        61   -4.5952107124e+01    2.1129607113e+03   -8.0796035349e+01    3.4843928225e+01   -1.1629695963e+01   -5.1102678690e+01   -2.1389205419e+01    3.3255447241e+00   -1.1367551738e+01    1.0296874312e-01    8.0610000000e+03    2.8666949751e+00    9.9853351955e-01
        62   -4.5951782547e+01    2.1128703428e+03   -8.0672471911e+01    3.4720689364e+01   -1.1630467395e+01   -5.1102678690e+01   -2.1266756137e+01    3.3274303110e+00   -1.1370268157e+01    1.0296874312e-01    8.0600000000e+03    2.8639591130e+00    9.9849621729e-01
        63   -4.5959294394e+01    2.1136220131e+03   -8.0659881317e+01    3.4700586923e+01   -1.1613630881e+01   -5.1102678690e+01   -2.1216036839e+01    3.2724650932e+00   -1.1354683796e+01    1.0296874312e-01    8.0630000000e+03    2.8571758590e+00    9.9838709677e-01
        64   -4.5986040963e+01    2.1161853175e+03   -8.0759074178e+01    3.4773033214e+01   -1.1641592874e+01   -5.1102678690e+01   -2.1248061911e+01    3.2332592976e+00   -1.1382601020e+01    1.0296874312e-01    8.0800000000e+03    2.8618491280e+00    9.9834324291e-01
        65   -4.5977715901e+01    2.1153828490e+03   -8.0739273929e+01    3.4761558028e+01   -1.1600223467e+01   -5.1102678690e+01   -2.1318076613e+01    3.2817048422e+00   -1.1341479388e+01    1.0296874312e-01    8.0860000000e+03    2.8607213760e+00    9.9851595350e-01
        66   -4.5972615890e+01    2.1148771812e+03   -8.0787794507e+01    3.4815178617e+01   -1.1593798534e+01   -5.1102678690e+01   -2.1321132746e+01    3.2298154631e+00   -1.1333808607e+01    1.0296874312e-01    8.0820000000e+03    2.8781711709e+00    9.9856637195e-01
        67   -4.5969995868e+01    2.1146791664e+03   -8.0691528018e+01    3.4721532150e+01   -1.1559024111e+01   -5.1102678690e+01   -2.1325109570e+01    3.2952843530e+00   -1.1298405436e+01    1.0296874312e-01    8.0610000000e+03    2.8674586051e+00    9.9836097334e-01
        68   -4.5955482161e+01    2.1133853159e+03   -8.0747505805e+01    3.4792023644e+01   -1.1574390874e+01   -5.1102678690e+01   -2.1278711520e+01    3.2082752792e+00   -1.1313168073e+01    1.0296874312e-01    8.0310000000e+03    2.8640639121e+00    9.9846413463e-01
        69   -4.5952917715e+01    2.1131820252e+03   -8.0849590204e+01    3.4896672489e+01   -1.1589839109e+01   -5.1102678690e+01   -2.1240211998e+01    3.0831395938e+00   -1.1327264767e+01    1.0296874312e-01    8.0140000000e+03    2.8591285690e+00    9.9846362615e-01
        70   -4.5976802911e+01    2.1151766162e+03   -8.0744512739e+01    3.4767709828e+01   -1.1581970605e+01   -5.1102678690e+01   -2.1177659772e+01    3.1177963281e+00   -1.1320502362e+01    1.0296874312e-01    8.0210000000e+03    2.8719891311e+00    9.9852024922e-01
        71   -4.5971910908e+01    2.1148873514e+03   -8.0802952101e+01    3.4831041193e+01   -1.1607780567e+01   -5.1102678690e+01   -2.1097155274e+01    3.0046624310e+00   -1.1347391794e+01    1.0296874312e-01    8.0220000000e+03    2.8630474570e+00    9.9852991640e-01
        72   -4.5957647916e+01    2.1135215087e+03   -8.0573568448e+01    3.4615920531e+01   -1.1605261534e+01   -5.1102678690e+01   -2.1137447872e+01    3.2718196485e+00   -1.1340140659e+01    1.0296874312e-01    8.0510000000e+03    2.8738611980e+00    9.9836568323e-01
        73   -4.5912791923e+01    2.1095150208e+03   -8.0689490281e+01    3.4776698358e+01   -1.1640786637e+01   -5.1102678690e+01   -2.1142340038e+01    3.1963150838e+00   -1.1377476226e+01    1.0296874312e-01    8.0560000000e+03    2.8888304220e+00    9.9854145978e-01
        74   -4.5944647290e+01    2.1123342031e+03   -8.0596845084e+01    3.4652197794e+01   -1.1629461066e+01   -5.1102678690e+01   -2.1101192916e+01    3.2364875883e+00   -1.1365299691e+01    1.0296874312e-01    8.0590000000e+03    2.8777398060e+00    9.9839037483e-01
        75   -4.5947894917e+01    2.1125767831e+03   -8.0595705667e+01    3.4647810750e+01   -1.1645008705e+01   -5.1102678690e+01   -2.1032325121e+01    3.1843068494e+00   -1.1380908509e+01    1.0296874312e-01    8.0570000000e+03    2.8760538830e+00    9.9837526368e-01
        76   -4.5926711784e+01    2.1106819309e+03   -8.0749670878e+01    3.4822959093e+01   -1.1664359340e+01   -5.1102678690e+01   -2.1151846366e+01    3.1692135189e+00   -1.1398597213e+01    1.0296874312e-01    8.0560000000e+03    2.8801889820e+00    9.9836629207e-01
        77   -4.5903571157e+01    2.1084542016e+03   -8.0771712758e+01    3.4868141602e+01   -1.1685267280e+01   -5.1102678690e+01   -2.1259597847e+01    3.2758310598e+00   -1.1418919052e+01    1.0296874312e-01    8.0630000000e+03    2.8761216790e+00    9.9853885030e-01
        78   -4.5894878265e+01    2.1077891179e+03   -8.0844782886e+01    3.4949904621e+01   -1.1670934818e+01   -5.1102678690e+01   -2.1312023372e+01    3.2408539940e+00   -1.1400384690e+01    1.0296874312e-01    8.0710000000e+03    2.8849183010e+00    9.9864921352e-01
        79   -4.5885458048e+01    2.1070595135e+03   -8.0882626569e+01    3.4997168521e+01   -1.1670614322e+01   -5.1102678690e+01   -2.1403800532e+01    3.2944669755e+00   -1.1403793377e+01    1.0296874312e-01    8.0670000000e+03    2.8765169340e+00    9.9856967874e-01
        80   -4.5900763428e+01    2.1084668983e+03   -8.0914574665e+01    3.5013811237e+01   -1.1693521762e+01   -5.1102678690e+01   -2.1479999765e+01    3.3616255519e+00   -1.1425277065e+01    1.0296874312e-01    8.0710000000e+03    2.8865547670e+00    9.9839256941e-01
        81   -4.5869258249e+01    2.1053141223e+03   -8.0876029336e+01    3.5006771088e+01   -1.1668247705e+01   -5.1102678690e+01   -2.1393486003e+01    3.2883830619e+00   -1.1401443345e+01    1.0296874312e-01    8.0540000000e+03    2.8792013311e+00    9.9845746000e-01
        82   -4.5878661876e+01    2.1061855356e+03   -8.0713092467e+01    3.4834430591e+01   -1.1688532931e+01   -5.1102678690e+01   -2.1347007079e+01    3.4251262331e+00   -1.1419449602e+01    1.0296874312e-01    8.0620000000e+03    2.8765149680e+00    9.9845204842e-01
        83   -4.5885554285e+01    2.1069857591e+03   -8.0839897835e+01    3.4954343550e+01   -1.1698640372e+01   -5.1102678690e+01   -2.1362853783e+01    3.3242750115e+00   -1.1431718436e+01    1.0296874312e-01    8.0890000000e+03    2.8803877170e+00    9.9833776596e-01
        84   -4.5893617298e+01    2.1076189920e+03   -8.0629128467e+01    3.4735511169e+01   -1.1675065360e+01   -5.1102678690e+01   -2.1321186718e+01    3.4698023011e+00   -1.1409051815e+01    1.0296874312e-01    8.0980000000e+03    2.8856074370e+00    9.9839911739e-01
        85   -4.5906953828e+01    2.1088894958e+03   -8.0712710387e+01    3.4805756559e+01   -1.1699091420e+01   -5.1102678690e+01   -2.1287091791e+01    3.3761515151e+00   -1.1431758411e+01    1.0296874312e-01    8.0450000000e+03    2.8692902280e+00    9.9836669770e-01
        86   -4.5895665494e+01    2.1078701335e+03   -8.0736217977e+01    3.4840552483e+01   -1.1659602282e+01   -5.1102678690e+01   -2.1407124801e+01    3.4331877957e+00   -1.1393599568e+01    1.0296874312e-01    8.0570000000e+03    2.8705067460e+00    9.9840798956e-01
        87   -4.5906256402e+01    2.1088556673e+03   -8.0894882656e+01    3.4988626253e+01   -1.1626829236e+01   -5.1102678690e+01   -2.1550384019e+01    3.3850092900e+00   -1.1360605344e+01    1.0296874312e-01    8.0990000000e+03    2.8855837290e+00    9.9844058794e-01
        88   -4.5879191757e+01    2.1063299165e+03   -8.0987841345e+01    3.5108649588e+01   -1.1616173956e+01   -5.1102678690e+01   -2.1584890972e+01    3.3159022740e+00   -1.1352131662e+01    1.0296874312e-01    8.1110000000e+03    2.8883940980e+00    9.9842747903e-01
        89   -4.5872807460e+01    2.1056342462e+03   -8.0907547302e+01    3.5034739842e+01   -1.1595698022e+01   -5.1102678690e+01   -2.1653156598e+01    3.4439860080e+00   -1.1333244832e+01    1.0296874312e-01    8.1360000000e+03    2.9173550571e+00    9.9838461538e-01
        90   -4.5876046017e+01    2.1059012988e+03   -8.0859703840e+01    3.4983657823e+01   -1.1582207374e+01   -5.1102678690e+01   -2.1621365176e+01    3.4465474007e+00   -1.1319552311e+01    1.0296874312e-01    8.1500000000e+03    2.9285048089e+00    9.9849766986e-01
        91   -4.5896796367e+01    2.1079040912e+03   -8.0753270788e+01    3.4856474421e+01   -1.1543871309e+01   -5.1102678690e+01   -2.1555219549e+01    3.4484987600e+00   -1.1282671366e+01    1.0296874312e-01    8.1270000000e+03    2.9065670870e+00    9.9844383991e-01
        92   -4.5886101556e+01    2.1069926518e+03   -8.0741829804e+01    3.4855728248e+01   -1.1545953467e+01   -5.1102678690e+01   -2.1576008148e+01    3.4828105023e+00   -1.1286160069e+01    1.0296874312e-01    8.0850000000e+03    2.8798139840e+00    9.9850583766e-01
        93   -4.5914268736e+01    2.1095077905e+03   -8.0807941395e+01    3.4893672659e+01   -1.1570368035e+01   -5.1102678690e+01   -2.1546941038e+01    3.4120463676e+00   -1.1311334629e+01    1.0296874312e-01    8.0720000000e+03    2.8816255811e+00    9.9840110877e-01
        94   -4.5917000219e+01    2.1098082774e+03   -8.0683179776e+01    3.4766179557e+01   -1.1550811101e+01   -5.1102678690e+01   -2.1478498199e+01    3.4488082139e+00   -1.1294283367e+01    1.0296874312e-01    8.0700000000e+03    2.8788658690e+00    9.9834303766e-01
        95   -4.5925794418e+01    2.1105612811e+03   -8.0573081005e+01    3.4647286587e+01   -1.1525520008e+01   -5.1102678690e+01   -2.1400531295e+01    3.4556489885e+00   -1.1268968661e+01    1.0296874312e-01    8.0740000000e+03    2.8953041310e+00    9.9845454264e-01
        96   -4.5920627361e+01    2.1101055096e+03   -8.0621024572e+01    3.4700397211e+01   -1.1487553444e+01   -5.1102678690e+01   -2.1392937494e+01    3.3621450563e+00   -1.1231238287e+01    1.0296874312e-01    8.0870000000e+03    2.8903228280e+00    9.9835017928e-01
        97   -4.5921675612e+01    2.1102646177e+03   -8.0667762427e+01    3.4746086815e+01   -1.1512086796e+01   -5.1102678690e+01   -2.1364852294e+01    3.3118553533e+00   -1.1254360009e+01    1.0296874312e-01    8.0830000000e+03    2.8945633750e+00    9.9850306350e-01
        98   -4.5915784849e+01    2.1096080221e+03   -8.0608008476e+01    3.4692223627e+01   -1.1512286119e+01   -5.1102678690e+01   -2.1429784346e+01    3.4367406793e+00   -1.1253350150e+01    1.0296874312e-01    8.1120000000e+03    2.9163426929e+00    9.9866192621e-01
        99   -4.5917998300e+01    2.1098921166e+03   -8.0764408142e+01    3.4846409842e+01   -1.1521945329e+01   -5.1102678690e+01   -2.1506747635e+01    3.3669635127e+00   -1.1263309366e+01    1.0296874312e-01    8.1430000000e+03    2.9218640721e+00    9.9843020757e-01
       100   -4.5915340210e+01    2.1095977509e+03   -8.0734110804e+01    3.4818770594e+01   -1.1517922904e+01   -5.1102678690e+01   -2.1433984393e+01    3.3204751841e+00   -1.1259395730e+01    1.0296874312e-01    8.1270000000e+03    2.9101135629e+00    9.9850110687e-01
       101   -4.5931515932e+01    2.1111164821e+03   -8.0699196109e+01    3.4767680177e+01   -1.1510078779e+01   -5.1102678690e+01   -2.1442154683e+01    3.3557160430e+00   -1.1248102307e+01    1.0296874312e-01    8.1320000000e+03    2.8993686560e+00    9.9834312339e-01
       102   -4.5940470495e+01    2.1119742906e+03   -8.0665645362e+01    3.4725174866e+01   -1.1514257624e+01   -5.1102678690e+01   -2.1451804698e+01    3.4030956504e+00   -1.1251127268e+01    1.0296874312e-01    8.1270000000e+03    2.9072298760e+00    9.9854302497e-01
       103   -4.5956340211e+01    2.1133494546e+03   -8.0784416108e+01    3.4828075897e+01   -1.1479733661e+01   -5.1102678690e+01   -2.1527822204e+01    3.3258184476e+00   -1.1218039294e+01    1.0296874312e-01    8.1260000000e+03    2.8851754940e+00    9.9848920531e-01
       104   -4.5923317506e+01    2.1102681255e+03   -8.0750711467e+01    3.4827393961e+01   -1.1496867023e+01   -5.1102678690e+01   -2.1460901103e+01    3.3097353496e+00   -1.1233882016e+01    1.0296874312e-01    8.1030000000e+03    2.8738567460e+00    9.9846159778e-01
       105   -4.5947584698e+01    2.1125219949e+03   -8.0676592771e+01    3.4729008074e+01   -1.1483784030e+01   -5.1102678690e+01   -2.1322194282e+01    3.2320642311e+00   -1.1222806298e+01    1.0296874312e-01    8.1130000000e+03    2.8948979720e+00    9.9849300074e-01
       106   -4.5953300217e+01    2.1132188945e+03   -8.0640134554e+01    3.4686834336e+01   -1.1544792252e+01   -5.1102678690e+01   -2.1231394202e+01    3.2387305913e+00   -1.1280234274e+01    1.0296874312e-01    8.1450000000e+03    2.9022342610e+00    9.9825727798e-01
       107   -4.5954033617e+01    2.1134647275e+03   -8.0687634789e+01    3.4733601173e+01   -1.1527413512e+01   -5.1102678690e+01   -2.1269528961e+01    3.2119863734e+00   -1.1262279759e+01    1.0296874312e-01    8.1510000000e+03    2.9186125650e+00    9.9852012023e-01
       108   -4.5959398633e+01    2.1137015912e+03   -8.0753413081e+01    3.4794014448e+01   -1.1526314686e+01   -5.1102678690e+01   -2.1203848378e+01    3.0794286733e+00   -1.1262963521e+01    1.0296874312e-01    8.1060000000e+03    2.9056608370e+00    9.9842902908e-01
       109   -4.5974446713e+01    2.1150304120e+03   -8.0711131705e+01    3.4736684992e+01   -1.1538496145e+01   -5.1102678690e+01   -2.1175672669e+01    3.1057157989e+00   -1.1280337145e+01    1.0296874312e-01    8.0940000000e+03    2.8923227570e+00    9.9847956286e-01
       110   -4.5983998175e+01    2.1160194840e+03   -8.0705661279e+01    3.4721663104e+01   -1.1557412922e+01   -5.1102678690e+01   -2.1251477319e+01    3.2059076528e+00   -1.1300516613e+01    1.0296874312e-01    8.0790000000e+03    2.9002601369e+00    9.9843421378e-01
       111   -4.5968622913e+01    2.1146028846e+03   -8.0582531185e+01    3.4613908272e+01   -1.1570154968e+01   -5.1102678690e+01   -2.1275916063e+01    3.3662185362e+00   -1.1316329243e+01    1.0296874312e-01    8.0490000000e+03    2.8809939349e+00    9.9851061189e-01
       112   -4.5943675593e+01    2.1124209655e+03   -8.0480018150e+01    3.4536342558e+01   -1.1555743770e+01   -5.1102678690e+01   -2.1231160812e+01    3.4095651215e+00   -1.1300210349e+01    1.0296874312e-01    8.0630000000e+03    2.8786783511e+00    9.9842042350e-01
       113   -4.5942320089e+01    2.1120228728e+03   -8.0531617083e+01    3.4589296994e+01   -1.1564518793e+01   -5.1102678690e+01   -2.1322823655e+01    3.4584040544e+00   -1.1304756041e+01    1.0296874312e-01    8.0850000000e+03    2.8956594840e+00    9.9850343398e-01
       114   -4.5941614252e+01    2.1119335027e+03   -8.0628534015e+01    3.4686919763e+01   -1.1582111595e+01   -5.1102678690e+01   -2.1322001192e+01    3.3782574628e+00   -1.1326538941e+01    1.0296874312e-01    8.0900000000e+03    2.8906757090e+00    9.9849774469e-01
       115   -4.5953729496e+01    2.1131508086e+03   -8.0654270276e+01    3.4700540780e+01   -1.1587268478e+01   -5.1102678690e+01   -2.1346635664e+01    3.3823125572e+00   -1.1332826388e+01    1.0296874312e-01    8.0860000000e+03    2.8859181129e+00    9.9834590651e-01
       116   -4.5951153504e+01    2.1129094553e+03   -8.0516597415e+01    3.4565443911e+01   -1.1547482846e+01   -5.1102678690e+01   -2.1377206133e+01    3.5107702541e+00   -1.1289560653e+01    1.0296874312e-01    8.0850000000e+03    2.8886222310e+00    9.9837682414e-01
       117   -4.5956995219e+01    2.1134432467e+03   -8.0521095463e+01    3.4564100243e+01   -1.1505602762e+01   -5.1102678690e+01   -2.1474411795e+01    3.5615977839e+00   -1.1246463028e+01    1.0296874312e-01    8.0830000000e+03    2.8895816880e+00    9.9834875015e-01
       118   -4.5956032654e+01    2.1135316551e+03   -8.0636468569e+01    3.4680435915e+01   -1.1485767320e+01   -5.1102678690e+01   -2.1429893448e+01    3.3818708896e+00   -1.1226997287e+01    1.0296874312e-01    8.0510000000e+03    2.8897464640e+00    9.9852426252e-01
       119   -4.5973810947e+01    2.1150983369e+03   -8.0632187660e+01    3.4658376713e+01   -1.1534367599e+01   -5.1102678690e+01   -2.1254431264e+01    3.2592898940e+00   -1.1276228227e+01    1.0296874312e-01    8.0130000000e+03    2.8532307940e+00    9.9847123424e-01
       120   -4.5959955178e+01    2.1137333294e+03   -8.0757922514e+01    3.4797967337e+01   -1.1563742096e+01   -5.1102678690e+01   -2.1391920259e+01    3.3004185311e+00   -1.1310598060e+01    1.0296874312e-01    8.0310000000e+03    2.8582125320e+00    9.9839254577e-01
       121   -4.5943555750e+01    2.1122313321e+03   -8.0879284306e+01    3.4935728556e+01   -1.1534463467e+01   -5.1102678690e+01   -2.1495659140e+01    3.2535169919e+00   -1.1282402400e+01    1.0296874312e-01    8.0300000000e+03    2.8529753250e+00    9.9836242843e-01
       122   -4.5953872922e+01    2.1131264424e+03   -8.0980067247e+01    3.5026194326e+01   -1.1535160061e+01   -5.1102678690e+01   -2.1465948486e+01    3.1237199906e+00   -1.1285815320e+01    1.0296874312e-01    8.0160000000e+03    2.8504648510e+00    9.9846752558e-01
       123   -4.5938868020e+01    2.1117457347e+03   -8.0813303470e+01    3.4874435451e+01   -1.1512519648e+01   -5.1102678690e+01   -2.1428412486e+01    3.2303073544e+00   -1.1260562229e+01    1.0296874312e-01    8.0280000000e+03    2.8690342450e+00    9.9853193146e-01
       124   -4.5932964262e+01    2.1112426887e+03   -8.0821366787e+01    3.4888402525e+01   -1.1526504619e+01   -5.1102678690e+01   -2.1432225207e+01    3.2400417300e+00   -1.1272195448e+01    1.0296874312e-01    8.0330000000e+03    2.8516056020e+00    9.9852598009e-01
       125   -4.5937809938e+01    2.1117219613e+03   -8.0917889466e+01    3.4980079529e+01   -1.1517909445e+01   -5.1102678690e+01   -2.1542861780e+01    3.2455604497e+00   -1.1257730933e+01    1.0296874312e-01    8.0220000000e+03    2.8589863831e+00    9.9836878660e-01
       126   -4.5922900247e+01    2.1103149008e+03   -8.0903138440e+01    3.4980238193e+01   -1.1492770033e+01   -5.1102678690e+01   -2.1547410203e+01    3.2397204861e+00   -1.1228635897e+01    1.0296874312e-01    8.0330000000e+03    2.8636628401e+00    9.9841550392e-01
       127   -4.5920398899e+01    2.1100854398e+03   -8.0828316942e+01    3.4907918043e+01   -1.1546158964e+01   -5.1102678690e+01   -2.1355499506e+01    3.1760202187e+00   -1.1280658489e+01    1.0296874312e-01    8.0270000000e+03    2.8519166301e+00    9.9853248007e-01
       128   -4.5920072459e+01    2.1100339512e+03   -8.0660195819e+01    3.4740123360e+01   -1.1565972296e+01   -5.1102678690e+01   -2.1169226312e+01    3.1776814789e+00   -1.1299095121e+01    1.0296874312e-01    8.0130000000e+03    2.8497388650e+00    9.9847922386e-01
       129   -4.5925294153e+01    2.1105497017e+03   -8.0678165582e+01    3.4752871429e+01   -1.1586514474e+01   -5.1102678690e+01   -2.1191091030e+01    3.2021186123e+00   -1.1321895242e+01    1.0296874312e-01    8.0300000000e+03    2.8554692339e+00    9.9845092789e-01
       130   -4.5924149201e+01    2.1104987347e+03   -8.0625757249e+01    3.4701608048e+01   -1.1576655878e+01   -5.1102678690e+01   -2.1201034289e+01    3.2546116088e+00   -1.1316523175e+01    1.0296874312e-01    8.0180000000e+03    2.8505806570e+00    9.9844159082e-01
       131   -4.5947713377e+01    2.1126859473e+03   -8.0649903212e+01    3.4702189835e+01   -1.1608827140e+01   -5.1102678690e+01   -2.1185509680e+01    3.2471122993e+00   -1.1351391921e+01    1.0296874312e-01    8.0130000000e+03    2.8579244560e+00    9.9851431869e-01
       132   -4.5900484333e+01    2.1081797265e+03   -8.0639721611e+01    3.4739237279e+01   -1.1639961320e+01   -5.1102678690e+01   -2.1110438512e+01    3.2133569117e+00   -1.1382124257e+01    1.0296874312e-01    8.0090000000e+03    2.8333549700e+00    9.9852045597e-01
       133   -4.5938437435e+01    2.1119546515e+03   -8.0594897264e+01    3.4656459830e+01   -1.1649126279e+01   -5.1102678690e+01   -2.1046537135e+01    3.2034448397e+00   -1.1391999081e+01    1.0296874312e-01    8.0240000000e+03    2.8712397539e+00    9.9837495324e-01
       134   -4.5943032045e+01    2.1122104963e+03   -8.0619204659e+01    3.4676172614e+01   -1.1618063779e+01   -5.1102678690e+01   -2.1158735187e+01    3.2602729974e+00   -1.1356749996e+01    1.0296874312e-01    8.0720000000e+03    2.8821877741e+00    9.9851227374e-01
       135   -4.5922672441e+01    2.1104032894e+03   -8.0635978384e+01    3.4713305943e+01   -1.1589529748e+01   -5.1102678690e+01   -2.1304812481e+01    3.3610425348e+00   -1.1329357018e+01    1.0296874312e-01    8.0760000000e+03    2.8813963119e+00    9.9844427245e-01
       136   -4.5905868024e+01    2.1087809495e+03   -8.0562504815e+01    3.4656636791e+01   -1.1609111841e+01   -5.1102678690e+01   -2.1176837748e+01    3.3261234647e+00   -1.1347017609e+01    1.0296874312e-01    8.0720000000e+03    2.8697644300e+00    9.9840498018e-01
       137   -4.5918450376e+01    2.1098769149e+03   -8.0601443532e+01    3.4682993155e+01   -1.1641383365e+01   -5.1102678690e+01   -2.1267195998e+01    3.4098145211e+00   -1.1382768056e+01    1.0296874312e-01    8.0780000000e+03    2.8759118090e+00    9.9847542100e-01
       138   -4.5934097401e+01    2.1112975189e+03   -8.0781938615e+01    3.4847841213e+01   -1.1657886680e+01   -5.1102678690e+01   -2.1211658481e+01    3.1902852365e+00   -1.1398396167e+01    1.0296874312e-01    8.0930000000e+03    2.8798831870e+00    9.9852091572e-01
       139   -4.5928133231e+01    2.1107473177e+03   -8.0824450544e+01    3.4896317313e+01   -1.1673734946e+01   -5.1102678690e+01   -2.1255058399e+01    3.2070214913e+00   -1.1408776231e+01    1.0296874312e-01    8.0530000000e+03    2.8643669341e+00    9.9845435106e-01
       140   -4.5953905327e+01    2.1131607025e+03   -8.0805252535e+01    3.4851347208e+01   -1.1660206498e+01   -5.1102678690e+01   -2.1348768419e+01    3.3064010720e+00   -1.1391753462e+01    1.0296874312e-01    8.0380000000e+03    2.8551202450e+00    9.9837122154e-01
       141   -4.5943538455e+01    2.1122744386e+03   -8.0760823128e+01    3.4817284673e+01   -1.1697122376e+01   -5.1102678690e+01   -2.1193900549e+01    3.2328784880e+00   -1.1428501266e+01    1.0296874312e-01    8.0390000000e+03    2.8602117831e+00    9.9862675837e-01
       142   -4.5929486688e+01    2.1109342358e+03   -8.0793581918e+01    3.4864095230e+01   -1.1717033963e+01   -5.1102678690e+01   -2.1122391951e+01    3.1485226874e+00   -1.1450069432e+01    1.0296874312e-01    8.0460000000e+03    2.8799614290e+00    9.9845808476e-01
       143   -4.5929342072e+01    2.1110138757e+03   -8.0739026959e+01    3.4809684887e+01   -1.1737935225e+01   -5.1102678690e+01   -2.1152697370e+01    3.2542843260e+00   -1.1470923163e+01    1.0296874312e-01    8.0700000000e+03    2.8851452471e+00    9.9849714923e-01
       144   -4.5923970761e+01    2.1105238153e+03   -8.0707174789e+01    3.4783204028e+01   -1.1735852275e+01   -5.1102678690e+01   -2.1211845080e+01    3.3432012564e+00   -1.1468107502e+01    1.0296874312e-01    8.0680000000e+03    2.8762856181e+00    9.9845822487e-01
       145   -4.5945046535e+01    2.1123120774e+03   -8.0773803458e+01    3.4828756922e+01   -1.1681330494e+01   -5.1102678690e+01   -2.1295868084e+01    3.3060738113e+00   -1.1414513955e+01    1.0296874312e-01    8.0940000000e+03    2.8906822611e+00    9.9855846525e-01
       146   -4.5979092355e+01    2.1155471169e+03   -8.0828008807e+01    3.4848916452e+01   -1.1665569533e+01   -5.1102678690e+01   -2.1348590812e+01    3.2888302279e+00   -1.1401819793e+01    1.0296874312e-01    8.0770000000e+03    2.8949063590e+00    9.9856935165e-01
       147   -4.5978332281e+01    2.1154886320e+03   -8.0715342434e+01    3.4737010154e+01   -1.1664293517e+01   -5.1102678690e+01   -2.1143702353e+01    3.1953321267e+00   -1.1399141532e+01    1.0296874312e-01    8.0720000000e+03    2.8891955110e+00    9.9859080773e-01
       148   -4.5927694815e+01    2.1106459267e+03   -8.0688237568e+01    3.4760542754e+01   -1.1694114563e+01   -5.1102678690e+01   -2.1145307564e+01    3.2538632495e+00   -1.1430099526e+01    1.0296874312e-01    8.0970000000e+03    2.9039738830e+00    9.9838188952e-01
       149   -4.5930359065e+01    2.1108645556e+03   -8.0732552418e+01    3.4802193354e+01   -1.1678633007e+01   -5.1102678690e+01   -2.1241442462e+01    3.2902017415e+00   -1.1414362447e+01    1.0296874312e-01    8.0740000000e+03    2.8956483860e+00    9.9841062369e-01
       150   -4.5929483079e+01    2.1108860963e+03   -8.0696755585e+01    3.4767272505e+01   -1.1652139316e+01   -5.1102678690e+01   -2.1239243111e+01    3.2973055334e+00   -1.1389700728e+01    1.0296874312e-01    8.0700000000e+03    2.8866532049e+00    9.9861334903e-01
       151   -4.5961702886e+01    2.1138956195e+03   -8.0725687359e+01    3.4763984473e+01   -1.1605530759e+01   -5.1102678690e+01   -2.1304983419e+01    3.2875055104e+00   -1.1340841049e+01    1.0296874312e-01    8.0880000000e+03    2.8945451140e+00    9.9834529259e-01
       152   -4.5979762009e+01    2.1155108651e+03   -8.0736582032e+01    3.4756820023e+01   -1.1613026319e+01   -5.1102678690e+01   -2.1327706387e+01    3.3068293650e+00   -1.1348697142e+01    1.0296874312e-01    8.1030000000e+03    2.8907448971e+00    9.9856867284e-01
       153   -4.5964038492e+01    2.1142696822e+03   -8.0721655216e+01    3.4757616724e+01   -1.1639547279e+01   -5.1102678690e+01   -2.1254208142e+01    3.2747788963e+00   -1.1377728915e+01    1.0296874312e-01    8.1010000000e+03    2.8856115510e+00    9.9854991978e-01
       154   -4.5949861599e+01    2.1126325980e+03   -8.0534035765e+01    3.4584174166e+01   -1.1617835632e+01   -5.1102678690e+01   -2.1158608724e+01    3.3450872813e+00   -1.1356252016e+01    1.0296874312e-01    8.0830000000e+03    2.8856073851e+00    9.9844658093e-01
       155   -4.5978542171e+01    2.1153661313e+03   -8.0555254828e+01    3.4576712657e+01   -1.1622939964e+01   -5.1102678690e+01   -2.1174887756e+01    3.3452515818e+00   -1.1361775730e+01    1.0296874312e-01    8.1010000000e+03    2.8875438720e+00    9.9847108970e-01
       156   -4.5974532407e+01    2.1150709100e+03   -8.0633690141e+01    3.4659157734e+01   -1.1625227708e+01   -5.1102678690e+01   -2.1285377644e+01    3.3795939017e+00   -1.1363780301e+01    1.0296874312e-01    8.1080000000e+03    2.8850737360e+00    9.9843576624e-01
       157   -4.5966786204e+01    2.1144256245e+03   -8.0862794081e+01    3.4896007877e+01   -1.1610492279e+01   -5.1102678690e+01   -2.1337198000e+01    3.1875748894e+00   -1.1347231330e+01    1.0296874312e-01    8.1030000000e+03    2.8837590490e+00    9.9848050105e-01
       158   -4.5952578757e+01    2.1129299254e+03   -8.0699623682e+01    3.4747044926e+01   -1.1628502599e+01   -5.1102678690e+01   -2.1186761318e+01    3.2183189241e+00   -1.1364435977e+01    1.0296874312e-01    8.0930000000e+03    2.8787486620e+00    9.9857901891e-01
       159   -4.5925679825e+01    2.1104629518e+03   -8.0627536964e+01    3.4701857139e+01   -1.1610611528e+01   -5.1102678690e+01   -2.1190949582e+01    3.2767028366e+00   -1.1346090897e+01    1.0296874312e-01    8.1120000000e+03    2.8801442480e+00    9.9851227183e-01
       160   -4.5954382214e+01    2.1132096932e+03   -8.0797563625e+01    3.4843181411e+01   -1.1608442825e+01   -5.1102678690e+01   -2.1359202187e+01    3.2727600776e+00   -1.1345749215e+01    1.0296874312e-01    8.0940000000e+03    2.8836408940e+00    9.9849518459e-01
       161   -4.5947613449e+01    2.1125089879e+03   -8.0646430032e+01    3.4698816583e+01   -1.1605964616e+01   -5.1102678690e+01   -2.1266844910e+01    3.3290581842e+00   -1.1342809313e+01    1.0296874312e-01    8.1000000000e+03    2.8830115789e+00    9.9865657813e-01
       162   -4.5947934249e+01    2.1125413732e+03   -8.0635667900e+01    3.4687733651e+01   -1.1622628521e+01   -5.1102678690e+01   -2.1166619514e+01    3.2562588258e+00   -1.1362004973e+01    1.0296874312e-01    8.1260000000e+03    2.8905181179e+00    9.9840749631e-01
       163   -4.5941529497e+01    2.1118758980e+03   -8.0629807514e+01    3.4688278018e+01   -1.1583052954e+01   -5.1102678690e+01   -2.1171998717e+01    3.2279228474e+00   -1.1323064591e+01    1.0296874312e-01    8.0960000000e+03    2.8797616770e+00    9.9856955583e-01
       164   -4.5930248501e+01    2.1108341885e+03   -8.0565508378e+01    3.4635259877e+01   -1.1556434013e+01   -5.1102678690e+01   -2.1212249638e+01    3.3058539639e+00   -1.1295373018e+01    1.0296874312e-01    8.0970000000e+03    2.8859563749e+00    9.9840100111e-01
       165   -4.5933720942e+01    2.1115558961e+03   -8.0479362089e+01    3.4545641147e+01   -1.1529070320e+01   -5.1102678690e+01   -2.1271393751e+01    3.4237806711e+00   -1.1269709851e+01    1.0296874312e-01    8.1230000000e+03    2.8982668271e+00    9.9837167406e-01
       166   -4.5933213351e+01    2.1111564837e+03   -8.0605920691e+01    3.4672707340e+01   -1.1530077726e+01   -5.1102678690e+01   -2.1424142786e+01    3.4509785117e+00   -1.1272710471e+01    1.0296874312e-01    8.1400000000e+03    2.9001241130e+00    9.9842924296e-01
       167   -4.5950495430e+01    2.1127056436e+03   -8.0595770216e+01    3.4645274786e+01   -1.1524637552e+01   -5.1102678690e+01   -2.1374519939e+01    3.4060659653e+00   -1.1265339383e+01    1.0296874312e-01    8.1570000000e+03    2.9045193101e+00    9.9842407975e-01
       168   -4.5966910712e+01    2.1142741426e+03   -8.0658529619e+01    3.4691618907e+01   -1.1544990709e+01   -5.1102678690e+01   -2.1406479711e+01    3.3956194916e+00   -1.1288084426e+01    1.0296874312e-01    8.1720000000e+03    2.9079375169e+00    9.9850116236e-01
       169   -4.5958396754e+01    2.1134745712e+03   -8.0729626130e+01    3.4771229376e+01   -1.1545048266e+01   -5.1102678690e+01   -2.1389521447e+01    3.3076222738e+00   -1.1285068725e+01    1.0296874312e-01    8.1810000000e+03    2.9059529910e+00    9.9844437989e-01
       170   -4.5982268157e+01    2.1157614444e+03   -8.0649414641e+01    3.4667146483e+01   -1.1586232171e+01   -5.1102678690e+01   -2.1405818031e+01    3.4453142519e+00   -1.1321548022e+01    1.0296874312e-01    8.1970000000e+03    2.9060050750e+00    9.9842757694e-01
       171   -4.5987215454e+01    2.1163757404e+03   -8.0650471978e+01    3.4663256524e+01   -1.1550943389e+01   -5.1102678690e+01   -2.1408508769e+01    3.4116588702e+00   -1.1283552542e+01    1.0296874312e-01    8.2370000000e+03    2.9246970499e+00    9.9842896175e-01
       172   -4.5980956012e+01    2.1156562314e+03   -8.0662545771e+01    3.4681589759e+01   -1.1569993698e+01   -5.1102678690e+01   -2.1397952588e+01    3.4080792055e+00   -1.1303117305e+01    1.0296874312e-01    8.2510000000e+03    2.9286474080e+00    9.9837401455e-01
       173   -4.5956322299e+01    2.1133892423e+03   -8.0734775660e+01    3.4778453361e+01   -1.1559959903e+01   -5.1102678690e+01   -2.1487699183e+01    3.4155621161e+00   -1.1294450035e+01    1.0296874312e-01    8.2980000000e+03    2.9495407081e+00    9.9849897417e-01
       174   -4.5950567055e+01    2.1127666571e+03   -8.0748261953e+01    3.4797694899e+01   -1.1562837971e+01   -5.1102678690e+01   -2.1522828672e+01    3.4400833798e+00   -1.1299617267e+01    1.0296874312e-01    8.3050000000e+03    2.9578623279e+00    9.9843844070e-01
       175   -4.5986305841e+01    2.1160748751e+03   -8.0716275971e+01    3.4729970130e+01   -1.1550618765e+01   -5.1102678690e+01   -2.1461993767e+01    3.3990152515e+00   -1.1289085090e+01    1.0296874312e-01    8.2930000000e+03    2.9496684900e+00    9.9859529405e-01
       176   -4.5997203429e+01    2.1170621201e+03   -8.0776100061e+01    3.4778896632e+01   -1.1560969941e+01   -5.1102678690e+01   -2.1429462216e+01    3.3170107869e+00   -1.1296647141e+01    1.0296874312e-01    8.3040000000e+03    2.9591622710e+00    9.9846329999e-01
       177   -4.5999229840e+01    2.1174086738e+03   -8.0823301813e+01    3.4824071973e+01   -1.1591397493e+01   -5.1102678690e+01   -2.1433939802e+01    3.3047141727e+00   -1.1324729791e+01    1.0296874312e-01    8.3250000000e+03    2.9712738241e+00    9.9838809066e-01
       178   -4.5980355343e+01    2.1156051650e+03   -8.0933976854e+01    3.4953621511e+01   -1.1629855022e+01   -5.1102678690e+01   -2.1330119720e+01    3.1286765791e+00   -1.1362791145e+01    1.0296874312e-01    8.3500000000e+03    2.9836510371e+00    9.9837910278e-01
       179   -4.5967970746e+01    2.1145231854e+03   -8.0936799318e+01    3.4968828572e+01   -1.1628198687e+01   -5.1102678690e+01   -2.1365690913e+01    3.1597689720e+00   -1.1359954244e+01    1.0296874312e-01    8.3750000000e+03    2.9906983490e+00    9.9846886950e-01
       180   -4.5969805935e+01    2.1146241081e+03   -8.0955044076e+01    3.4985238142e+01   -1.1605375814e+01   -5.1102678690e+01   -2.1377377186e+01    3.1303876140e+00   -1.1335436474e+01    1.0296874312e-01    8.3620000000e+03    2.9881752201e+00    9.9849181699e-01
       181   -4.5915172402e+01    2.1106770525e+03   -8.0864718687e+01    3.4949546284e+01   -1.1559815192e+01   -5.1102678690e+01   -2.1331494646e+01    3.1292698417e+00   -1.1289576360e+01    1.0296874312e-01    8.3450000000e+03    2.9762911721e+00    9.9841577780e-01
       182   -4.5930652613e+01    2.1111301978e+03   -8.0801583037e+01    3.4870930424e+01   -1.1533997429e+01   -5.1102678690e+01   -2.1362772289e+01    3.1978653722e+00   -1.1263035684e+01    1.0296874312e-01    8.3510000000e+03    2.9822449951e+00    9.9844704227e-01
       183   -4.5959614891e+01    2.1136983437e+03   -8.0879854438e+01    3.4920239548e+01   -1.1551031091e+01   -5.1102678690e+01   -2.1460751208e+01    3.2346065509e+00   -1.1283140336e+01    1.0296874312e-01    8.3390000000e+03    2.9898338040e+00    9.9849478792e-01
       184   -4.5951314306e+01    2.1130235743e+03   -8.1003418174e+01    3.5052103868e+01   -1.1541830004e+01   -5.1102678690e+01   -2.1472677994e+01    3.1137685140e+00   -1.1273556785e+01    1.0296874312e-01    8.3320000000e+03    2.9836568550e+00    9.9850261199e-01
       185   -4.5935844885e+01    2.1114796614e+03   -8.1014494202e+01    3.5078649317e+01   -1.1556323659e+01   -5.1102678690e+01   -2.1386132631e+01    3.0306407788e+00   -1.1291892308e+01    1.0296874312e-01    8.3300000000e+03    2.9870090961e+00    9.9848941466e-01
       186   -4.5914892826e+01    2.1095867905e+03   -8.0885259630e+01    3.4970366804e+01   -1.1548772476e+01   -5.1102678690e+01   -2.1364427875e+01    3.1306194117e+00   -1.1281224007e+01    1.0296874312e-01    8.2990000000e+03    2.9648142869e+00    9.9846854305e-01
       187   -4.5906379152e+01    2.1088005941e+03   -8.0870194445e+01    3.4963815293e+01   -1.1556870758e+01   -5.1102678690e+01   -2.1486330107e+01    3.2756851104e+00   -1.1288693930e+01    1.0296874312e-01    8.2860000000e+03    2.9454825560e+00    9.9846218791e-01
       188   -4.5884565245e+01    2.1068392182e+03   -8.0973707590e+01    3.5089142346e+01   -1.1543909447e+01   -5.1102678690e+01   -2.1530356022e+01    3.2032365694e+00   -1.1279286068e+01    1.0296874312e-01    8.2570000000e+03    2.9284193270e+00    9.9844128329e-01
       189   -4.5918998088e+01    2.1099533876e+03   -8.1015545210e+01    3.5096547122e+01   -1.1537933638e+01   -5.1102678690e+01   -2.1554268977e+01    3.1793360964e+00   -1.1275981855e+01    1.0296874312e-01    8.2570000000e+03    2.9253124250e+00    9.9855786701e-01
       190   -4.5952020613e+01    2.1131529093e+03   -8.1092895863e+01    3.5140875250e+01   -1.1515639300e+01   -5.1102678690e+01   -2.1584458627e+01    3.1098807542e+00   -1.1254254525e+01    1.0296874312e-01    8.2600000000e+03    2.9346264839e+00    9.9839588378e-01
       191   -4.6007175728e+01    2.1195934888e+03   -8.1024235510e+01    3.5017059781e+01   -1.1479922337e+01   -5.1102678690e+01   -2.1673202708e+01    3.2315682257e+00   -1.1216902690e+01    1.0296874312e-01    8.2880000000e+03    2.9505642140e+00    9.9820641010e-01
       192   -4.5980812811e+01    2.1156253334e+03   -8.1171337914e+01    3.5190525103e+01   -1.1503096879e+01   -5.1102678690e+01   -2.1854221245e+01    3.2886589001e+00   -1.1242066110e+01    1.0296874312e-01    8.3180000000e+03    2.9876160710e+00    9.9836949988e-01
       193   -4.5951199553e+01    2.1129057883e+03   -8.1116974381e+01    3.5165774827e+01   -1.1505280978e+01   -5.1102678690e+01   -2.1785399085e+01    3.2763843721e+00   -1.1246106866e+01    1.0296874312e-01    8.2880000000e+03    2.9695187530e+00    9.9847873238e-01
       194   -4.5927978260e+01    2.1109696265e+03   -8.1219155375e+01    3.5291177115e+01   -1.1549678680e+01   -5.1102678690e+01   -2.1854541831e+01    3.2877438263e+00   -1.1293419862e+01    1.0296874312e-01    8.2610000000e+03    2.9393565611e+00    9.9844922537e-01
       195   -4.5952404014e+01    2.1128797802e+03   -8.1244702251e+01    3.5292298238e+01   -1.1555854780e+01   -5.1102678690e+01   -2.1699086606e+01    3.1129178250e+00   -1.1299988944e+01    1.0296874312e-01    8.2590000000e+03    2.9377856019e+00    9.9838035844e-01
       196   -4.5958180142e+01    2.1134609962e+03   -8.1386154266e+01    3.5427974124e+01   -1.1573639943e+01   -5.1102678690e+01   -2.1730764856e+01    3.0209292241e+00   -1.1316419896e+01    1.0296874312e-01    8.2770000000e+03    2.9437486801e+00    9.9846546928e-01
       197   -4.5933894792e+01    2.1112209006e+03   -8.1469783988e+01    3.5535889196e+01   -1.1566273568e+01   -5.1102678690e+01   -2.1830595403e+01    3.0297636731e+00   -1.1303839895e+01    1.0296874312e-01    8.2730000000e+03    2.9635285480e+00    9.9848765991e-01
       198   -4.5927097153e+01    2.1108711273e+03   -8.1426076109e+01    3.5498978956e+01   -1.1573087108e+01   -5.1102678690e+01   -2.1828625880e+01    3.0783155692e+00   -1.1313886069e+01    1.0296874312e-01    8.2600000000e+03    2.9570478239e+00    9.9833035498e-01
       199   -4.5927941022e+01    2.1108070469e+03   -8.1207280652e+01    3.5279339630e+01   -1.1559007858e+01   -5.1102678690e+01   -2.1743800158e+01    3.1982060545e+00   -1.1297875436e+01    1.0296874312e-01    8.2700000000e+03    2.9614204760e+00    9.9840538089e-01
