#   index    LocalEnergy         LocalEnergy_sq      LocalPotential      Kinetic             ElecElec            IonIon              LocalECP            NonLocalECP         MPC                 KEcorr              BlockWeight         BlockCPU            AcceptRatio         
         0   -4.5923387200e+01    2.1103354782e+03   -8.0837942063e+01    3.4914554863e+01   -1.1605978536e+01   -5.1102678690e+01   -2.1512437443e+01    3.3831526071e+00   -1.1338939717e+01    1.0296874312e-01    4.1330000000e+03    1.5048042629e+00    9.9579932789e-01
         1   -4.5936857885e+01    2.1115672804e+03   -8.0770803984e+01    3.4833946099e+01   -1.1603147624e+01   -5.1102678690e+01   -2.1419144387e+01    3.3541667180e+00   -1.1336760064e+01    1.0296874312e-01    4.1070000000e+03    1.4763917819e+00    9.9600804486e-01
         2   -4.5920993576e+01    2.1101300756e+03   -8.1088575189e+01    3.5167581613e+01   -1.1603749941e+01   -5.1102678690e+01   -2.1447695431e+01    3.0655488731e+00   -1.1336606923e+01    1.0296874312e-01    4.0880000000e+03    1.4804259171e+00    9.9610518293e-01
         3   -4.5945593030e+01    2.1125397131e+03   -8.0876481759e+01    3.4930888729e+01   -1.1593508990e+01   -5.1102678690e+01   -2.1417420873e+01    3.2371267948e+00   -1.1328379507e+01    1.0296874312e-01    4.1020000000e+03    1.4741224441e+00    9.9599163205e-01
         4   -4.5940639163e+01    2.1118604573e+03   -8.0931850043e+01    3.4991210879e+01   -1.1584020257e+01   -5.1102678690e+01   -2.1341106563e+01    3.0959554676e+00   -1.1323167033e+01    1.0296874312e-01    4.0940000000e+03    1.4818795080e+00    9.9600609756e-01
         5   -4.5922879630e+01    2.1102113577e+03   -8.1030660846e+01    3.5107781216e+01   -1.1581384595e+01   -5.1102678690e+01   -2.1463100358e+01    3.1165027973e+00   -1.1326712638e+01    1.0296874312e-01    4.0970000000e+03    1.4746208570e+00    9.9603840987e-01
         6   -4.5960698604e+01    2.1136974653e+03   -8.0949239745e+01    3.4988541142e+01   -1.1624880491e+01   -5.1102678690e+01   -2.1503308786e+01    3.2816282224e+00   -1.1370062619e+01    1.0296874312e-01    4.0970000000e+03    1.4867638060e+00    9.9637460395e-01
         7   -4.5960238410e+01    2.1136648098e+03   -8.1035755418e+01    3.5075517008e+01   -1.1634546424e+01   -5.1102678690e+01   -2.1650862170e+01    3.3523318670e+00   -1.1381563572e+01    1.0296874312e-01    4.0940000000e+03    1.4827895840e+00    9.9640892421e-01
         8   -4.5976553216e+01    2.1152357024e+03   -8.1029976417e+01    3.5053423202e+01   -1.1623693223e+01   -5.1102678690e+01   -2.1585962029e+01    3.2823575243e+00   -1.1367609473e+01    1.0296874312e-01    4.1010000000e+03    1.4872061269e+00    9.9605086606e-01
         9   -4.5965741431e+01    2.1141936691e+03   -8.0916325264e+01    3.4950583833e+01   -1.1608449098e+01   -5.1102678690e+01   -2.1566284084e+01    3.3610866089e+00   -1.1356726346e+01    1.0296874312e-01    4.0930000000e+03    1.4795997760e+00    9.9606130923e-01
        10   -4.5975882058e+01    2.1151711208e+03   -8.1037329881e+01    3.5061447823e+01   -1.1628144735e+01   -5.1102678690e+01   -2.1709236049e+01    3.4027295929e+00   -1.1377309147e+01    1.0296874312e-01    4.0930000000e+03    1.4889500880e+00    9.9601274701e-01
        11   -4.5998621230e+01    2.1173001268e+03   -8.1015856360e+01    3.5017235130e+01   -1.1596915911e+01   -5.1102678690e+01   -2.1757893861e+01    3.4416321025e+00   -1.1342686995e+01    1.0296874312e-01    4.0960000000e+03    1.4834509561e+00    9.9633072407e-01
        12   -4.5961565047e+01    2.1138364840e+03   -8.0874620693e+01    3.4913055646e+01   -1.1576607747e+01   -5.1102678690e+01   -2.1627599290e+01    3.4322650350e+00   -1.1320121589e+01    1.0296874312e-01    4.0930000000e+03    1.4837029420e+00    9.9612906181e-01
        13   -4.5981917832e+01    2.1156952650e+03   -8.0959894310e+01    3.4977976478e+01   -1.1635348244e+01   -5.1102678690e+01   -2.1581045744e+01    3.3591783683e+00   -1.1373788853e+01    1.0296874312e-01    4.0940000000e+03    1.4938199820e+00    9.9600804486e-01
        14   -4.5962986923e+01    2.1141310843e+03   -8.0969879959e+01    3.5006893036e+01   -1.1649022574e+01   -5.1102678690e+01   -2.1684710368e+01    3.4665316730e+00   -1.1391533850e+01    1.0296874312e-01    4.1070000000e+03    1.4799946740e+00    9.9606702102e-01
        15   -4.5935520610e+01    2.1114479905e+03   -8.0866397013e+01    3.4930876404e+01   -1.1597466165e+01   -5.1102678690e+01   -2.1661417526e+01    3.4951653676e+00   -1.1339181696e+01    1.0296874312e-01    4.0930000000e+03    1.4936161040e+00    9.9615267640e-01
        16   -4.5930343312e+01    2.1110075941e+03   -8.0806355596e+01    3.4876012283e+01   -1.1573983530e+01   -5.1102678690e+01   -2.1645407538e+01    3.5157141621e+00   -1.1318147444e+01    1.0296874312e-01    4.0980000000e+03    1.4860434430e+00    9.9611573281e-01
        17   -4.5980003733e+01    2.1155544994e+03   -8.0842925704e+01    3.4862921971e+01   -1.1591721742e+01   -5.1102678690e+01   -2.1580609827e+01    3.4320845553e+00   -1.1340151924e+01    1.0296874312e-01    4.1030000000e+03    1.4858353590e+00    9.9608231707e-01
        18   -4.5989989482e+01    2.1164112559e+03   -8.0777364311e+01    3.4787374829e+01   -1.1593260934e+01   -5.1102678690e+01   -2.1553431563e+01    3.4720068772e+00   -1.1345467239e+01    1.0296874312e-01    4.0930000000e+03    1.4806462760e+00    9.9626524390e-01
        19   -4.5976822814e+01    2.1152232168e+03   -8.0791828701e+01    3.4815005887e+01   -1.1610537001e+01   -5.1102678690e+01   -2.1527389270e+01    3.4487762608e+00   -1.1363300579e+01    1.0296874312e-01    4.0830000000e+03    1.4738212450e+00    9.9627630291e-01
        20   -4.5987285891e+01    2.1162896716e+03   -8.0726456605e+01    3.4739170715e+01   -1.1624515462e+01   -5.1102678690e+01   -2.1480606478e+01    3.4813440248e+00   -1.1373716906e+01    1.0296874312e-01    4.0880000000e+03    1.4811754270e+00    9.9598203373e-01
        21   -4.5960057340e+01    2.1136092595e+03   -8.0793575654e+01    3.4833518314e+01   -1.1590591100e+01   -5.1102678690e+01   -2.1449343373e+01    3.3490375102e+00   -1.1338656822e+01    1.0296874312e-01    4.0860000000e+03    1.4824145420e+00    9.9594354641e-01
        22   -4.5953760280e+01    2.1130258316e+03   -8.0691337194e+01    3.4737576914e+01   -1.1593727505e+01   -5.1102678690e+01   -2.1310484402e+01    3.3155534033e+00   -1.1341664611e+01    1.0296874312e-01    4.0840000000e+03    1.4795785180e+00    9.9624388005e-01
        23   -4.5940846079e+01    2.1118618588e+03   -8.0779864127e+01    3.4839018048e+01   -1.1659738570e+01   -5.1102678690e+01   -2.1315365705e+01    3.2979188385e+00   -1.1409260479e+01    1.0296874312e-01    4.0770000000e+03    1.4770424849e+00    9.9653118108e-01
        24   -4.5962020272e+01    2.1138471492e+03   -8.0693839123e+01    3.4731818851e+01   -1.1625078109e+01   -5.1102678690e+01   -2.1246488611e+01    3.2804062885e+00   -1.1373132444e+01    1.0296874312e-01    4.0620000000e+03    1.4711863230e+00    9.9648006135e-01
        25   -4.5954706237e+01    2.1131412598e+03   -8.0615445585e+01    3.4660739348e+01   -1.1651027922e+01   -5.1102678690e+01   -2.1120484511e+01    3.2587455377e+00   -1.1399818849e+01    1.0296874312e-01    4.0480000000e+03    1.4594374719e+00    9.9619410820e-01
        26   -4.5951904817e+01    2.1129651743e+03   -8.0610746016e+01    3.4658841200e+01   -1.1674714750e+01   -5.1102678690e+01   -2.1095899743e+01    3.2625471672e+00   -1.1426928837e+01    1.0296874312e-01    4.0510000000e+03    1.4658298159e+00    9.9622964471e-01
        27   -4.5941257603e+01    2.1118683329e+03   -8.0647260405e+01    3.4706002802e+01   -1.1671276542e+01   -5.1102678690e+01   -2.1122933184e+01    3.2496280117e+00   -1.1426017525e+01    1.0296874312e-01    4.0320000000e+03    1.4567444240e+00    9.9624659485e-01
        28   -4.5956691416e+01    2.1133965970e+03   -8.0538423266e+01    3.4581731850e+01   -1.1641354120e+01   -5.1102678690e+01   -2.1089346171e+01    3.2949557157e+00   -1.1397379666e+01    1.0296874312e-01    4.0400000000e+03    1.4582359991e+00    9.9642281962e-01
        29   -4.5994348642e+01    2.1167584223e+03   -8.0414248876e+01    3.4419900233e+01   -1.1607885791e+01   -5.1102678690e+01   -2.1083601764e+01    3.3799173702e+00   -1.1362364735e+01    1.0296874312e-01    4.0370000000e+03    1.4681407299e+00    9.9650371287e-01
        30   -4.5967927680e+01    2.1143632922e+03   -8.0512567878e+01    3.4544640198e+01   -1.1554783919e+01   -5.1102678690e+01   -2.1315936986e+01    3.4608317177e+00   -1.1303862515e+01    1.0296874312e-01    4.0270000000e+03    1.4654673660e+00    9.9629709965e-01
        31   -4.5974368929e+01    2.1150527926e+03   -8.0433413694e+01    3.4459044766e+01   -1.1568696582e+01   -5.1102678690e+01   -2.1270189921e+01    3.5081514997e+00   -1.1317157377e+01    1.0296874312e-01    4.0180000000e+03    1.4549013160e+00    9.9601311863e-01
        32   -4.5955415699e+01    2.1133742700e+03   -8.0480780211e+01    3.4525364512e+01   -1.1577685841e+01   -5.1102678690e+01   -2.1210074162e+01    3.4096584827e+00   -1.1326732334e+01    1.0296874312e-01    4.0100000000e+03    1.4545517711e+00    9.9614917849e-01
        33   -4.5959486199e+01    2.1136130420e+03   -8.0701291914e+01    3.4741805715e+01   -1.1586326513e+01   -5.1102678690e+01   -2.1346199961e+01    3.3339132508e+00   -1.1328936526e+01    1.0296874312e-01    3.9880000000e+03    1.4389667120e+00    9.9630696044e-01
        34   -4.5962657297e+01    2.1138802874e+03   -8.0765159562e+01    3.4802502265e+01   -1.1603151376e+01   -5.1102678690e+01   -2.1360708059e+01    3.3013785641e+00   -1.1346283101e+01    1.0296874312e-01    4.0050000000e+03    1.4443123051e+00    9.9638610763e-01
        35   -4.5965711328e+01    2.1143220111e+03   -8.0764092575e+01    3.4798381246e+01   -1.1547660740e+01   -5.1102678690e+01   -2.1498706940e+01    3.3849537954e+00   -1.1289909347e+01    1.0296874312e-01    4.0060000000e+03    1.4459630180e+00    9.9643770267e-01
        36   -4.5944708703e+01    2.1122651888e+03   -8.0896261054e+01    3.4951552351e+01   -1.1558762908e+01   -5.1102678690e+01   -2.1507547046e+01    3.2727275904e+00   -1.1303333281e+01    1.0296874312e-01    4.0120000000e+03    1.4429939861e+00    9.9623127341e-01
        37   -4.5918043367e+01    2.1097740704e+03   -8.0880220453e+01    3.4962177086e+01   -1.1594179964e+01   -5.1102678690e+01   -2.1412210652e+01    3.2288488528e+00   -1.1336602982e+01    1.0296874312e-01    4.0150000000e+03    1.4464559781e+00    9.9635740971e-01
        38   -4.5915845749e+01    2.1096585505e+03   -8.0725613429e+01    3.4809767681e+01   -1.1614406447e+01   -5.1102678690e+01   -2.1321243437e+01    3.3127151454e+00   -1.1358691533e+01    1.0296874312e-01    4.0380000000e+03    1.4501574630e+00    9.9609472050e-01
        39   -4.5933558666e+01    2.1112943896e+03   -8.0552532547e+01    3.4618973881e+01   -1.1622951263e+01   -5.1102678690e+01   -2.1258239027e+01    3.4313364331e+00   -1.1370237832e+01    1.0296874312e-01    4.0460000000e+03    1.4589338340e+00    9.9627902668e-01
        40   -4.5920774318e+01    2.1101281744e+03   -8.0601713501e+01    3.4680939183e+01   -1.1599005189e+01   -5.1102678690e+01   -2.1273720145e+01    3.3736905236e+00   -1.1349536384e+01    1.0296874312e-01    4.0650000000e+03    1.4558270510e+00    9.9608024691e-01
        41   -4.5914134893e+01    2.1094947632e+03   -8.0549063793e+01    3.4634928900e+01   -1.1565829682e+01   -5.1102678690e+01   -2.1237425568e+01    3.3568701484e+00   -1.1315142702e+01    1.0296874312e-01    4.0530000000e+03    1.4588695050e+00    9.9608606053e-01
        42   -4.5899264734e+01    2.1081880089e+03   -8.0726622173e+01    3.4827357439e+01   -1.1570780442e+01   -5.1102678690e+01   -2.1286677852e+01    3.2335148113e+00   -1.1319291338e+01    1.0296874312e-01    4.0620000000e+03    1.4623777880e+00    9.9620067818e-01
        43   -4.5927410795e+01    2.1106973602e+03   -8.0728478564e+01    3.4801067769e+01   -1.1619484359e+01   -5.1102678690e+01   -2.1247580387e+01    3.2412648730e+00   -1.1369427003e+01    1.0296874312e-01    4.0570000000e+03    1.4570696549e+00    9.9636788968e-01
        44   -4.5956808046e+01    2.1133761603e+03   -8.0763449107e+01    3.4806641061e+01   -1.1629293427e+01   -5.1102678690e+01   -2.1208220480e+01    3.1767434909e+00   -1.1382697123e+01    1.0296874312e-01    4.0610000000e+03    1.4621618091e+00    9.9621305419e-01
        45   -4.5931317409e+01    2.1110818477e+03   -8.0839096088e+01    3.4907778679e+01   -1.1615334309e+01   -5.1102678690e+01   -2.1322327245e+01    3.2012441562e+00   -1.1368608410e+01    1.0296874312e-01    4.0620000000e+03    1.4635645030e+00    9.9623707215e-01
        46   -4.5963940454e+01    2.1141144322e+03   -8.0778018654e+01    3.4814078200e+01   -1.1625530035e+01   -5.1102678690e+01   -2.1327181615e+01    3.2773716865e+00   -1.1378626237e+01    1.0296874312e-01    4.0550000000e+03    1.4609796080e+00    9.9655002464e-01
        47   -4.5965208501e+01    2.1142141207e+03   -8.0668070902e+01    3.4702862401e+01   -1.1647089801e+01   -5.1102678690e+01   -2.1131231046e+01    3.2129286346e+00   -1.1395575265e+01    1.0296874312e-01    4.0550000000e+03    1.4564972350e+00    9.9626140849e-01
        48   -4.5942000908e+01    2.1124408072e+03   -8.0450146644e+01    3.4508145735e+01   -1.1611070195e+01   -5.1102678690e+01   -2.1069165114e+01    3.3327673554e+00   -1.1360103285e+01    1.0296874312e-01    4.0590000000e+03    1.4581170989e+00    9.9640193540e-01
        49   -4.5948527348e+01    2.1126478374e+03   -8.0669606679e+01    3.4721079331e+01   -1.1601403163e+01   -5.1102678690e+01   -2.1077211815e+01    3.1116869893e+00   -1.1352764425e+01    1.0296874312e-01    4.0740000000e+03    1.4719297000e+00    9.9618021397e-01
        50   -4.5974165855e+01    2.1149631891e+03   -8.0626425094e+01    3.4652259239e+01   -1.1574098850e+01   -5.1102678690e+01   -2.1055684970e+01    3.1060374157e+00   -1.1323920766e+01    1.0296874312e-01    4.0790000000e+03    1.4760733530e+00    9.9622210642e-01
        51   -4.5968547283e+01    2.1145146017e+03   -8.0706144598e+01    3.4737597315e+01   -1.1521314350e+01   -5.1102678690e+01   -2.1352058561e+01    3.2699070038e+00   -1.1264669850e+01    1.0296874312e-01    4.0810000000e+03    1.4746933790e+00    9.9613875950e-01
        52   -4.5958373174e+01    2.1136256069e+03   -8.0608589683e+01    3.4650216509e+01   -1.1537113148e+01   -5.1102678690e+01   -2.1224962558e+01    3.2561647139e+00   -1.1279656571e+01    1.0296874312e-01    4.0850000000e+03    1.4720282049e+00    9.9641042126e-01
        53   -4.5944463800e+01    2.1124200538e+03   -8.0531854262e+01    3.4587390463e+01   -1.1501821242e+01   -5.1102678690e+01   -2.1136847712e+01    3.2094933821e+00   -1.1243080200e+01    1.0296874312e-01    4.0970000000e+03    1.4827836660e+00    9.9621790954e-01
        54   -4.5973773702e+01    2.1149771748e+03   -8.0529022628e+01    3.4555248926e+01   -1.1517626350e+01   -5.1102678690e+01   -2.1048550716e+01    3.1398331276e+00   -1.1261294213e+01    1.0296874312e-01    4.1030000000e+03    1.4818733911e+00    9.9623567423e-01
        55   -4.5977152647e+01    2.1152020407e+03   -8.0547340767e+01    3.4570188121e+01   -1.1523785643e+01   -5.1102678690e+01   -2.1054153311e+01    3.1332768770e+00   -1.1268777313e+01    1.0296874312e-01    4.0870000000e+03    1.4822516470e+00    9.9615091463e-01
        56   -4.5983921148e+01    2.1158651863e+03   -8.0606955209e+01    3.4623034061e+01   -1.1517446510e+01   -5.1102678690e+01   -2.1163700867e+01    3.1768708578e+00   -1.1264370988e+01    1.0296874312e-01    4.0800000000e+03    1.4744832329e+00    9.9646905637e-01
        57   -4.5970250841e+01    2.1146604787e+03   -8.0764773082e+01    3.4794522241e+01   -1.1460171650e+01   -5.1102678690e+01   -2.1253483622e+01    3.0515608807e+00   -1.1209716914e+01    1.0296874312e-01    4.0680000000e+03    1.4680475510e+00    9.9588856161e-01
        58   -4.5972106787e+01    2.1147982315e+03   -8.0699349934e+01    3.4727243147e+01   -1.1479144618e+01   -5.1102678690e+01   -2.1309107622e+01    3.1915809970e+00   -1.1222993012e+01    1.0296874312e-01    4.0740000000e+03    1.4578494580e+00    9.9611295477e-01
        59   -4.5935170692e+01    2.1113679228e+03   -8.0760088611e+01    3.4824917919e+01   -1.1522291455e+01   -5.1102678690e+01   -2.1266693054e+01    3.1315745880e+00   -1.1261805405e+01    1.0296874312e-01    4.0800000000e+03    1.4776204471e+00    9.9617034314e-01
        60   -4.5953763963e+01    2.1131642334e+03   -8.0842652148e+01    3.4888888185e+01   -1.1520626202e+01   -5.1102678690e+01   -2.1520147847e+01    3.3008005913e+00   -1.1265407451e+01    1.0296874312e-01    4.0760000000e+03    1.4838526510e+00    9.9623069380e-01
        61   -4.5964540285e+01    2.1143390443e+03   -8.0802600617e+01    3.4838060332e+01   -1.1545432246e+01   -5.1102678690e+01   -2.1487541163e+01    3.3330514824e+00   -1.1295299645e+01    1.0296874312e-01    4.0760000000e+03    1.4762248570e+00    9.9653459274e-01
        62   -4.5956241608e+01    2.1133851126e+03   -8.0885214347e+01    3.4928972739e+01   -1.1590118324e+01   -5.1102678690e+01   -2.1458213919e+01    3.2657965868e+00   -1.1339273591e+01    1.0296874312e-01    4.0740000000e+03    1.4704113030e+00    9.9644764301e-01
        63   -4.5979320506e+01    2.1154116760e+03   -8.0882817930e+01    3.4903497425e+01   -1.1581493739e+01   -5.1102678690e+01   -2.1543396048e+01    3.3447505477e+00   -1.1326467613e+01    1.0296874312e-01    4.0720000000e+03    1.4806342860e+00    9.9604294479e-01
        64   -4.5988100311e+01    2.1163047236e+03   -8.0929780025e+01    3.4941679714e+01   -1.1588548538e+01   -5.1102678690e+01   -2.1528686648e+01    3.2901338515e+00   -1.1333824038e+01    1.0296874312e-01    4.0870000000e+03    1.4767677421e+00    9.9631992149e-01
        65   -4.5978565025e+01    2.1153881443e+03   -8.1098155915e+01    3.5119590890e+01   -1.1597212756e+01   -5.1102678690e+01   -2.1545697068e+01    3.1474326000e+00   -1.1344434951e+01    1.0296874312e-01    4.0760000000e+03    1.4799506549e+00    9.9635684546e-01
        66   -4.5989828379e+01    2.1164223528e+03   -8.0949283518e+01    3.4959455139e+01   -1.1609000319e+01   -5.1102678690e+01   -2.1425236651e+01    3.1876321424e+00   -1.1361025454e+01    1.0296874312e-01    4.0700000000e+03    1.4763261520e+00    9.9627392051e-01
        67   -4.5967728814e+01    2.1144436674e+03   -8.0859483750e+01    3.4891754935e+01   -1.1594941186e+01   -5.1102678690e+01   -2.1408733070e+01    3.2468691971e+00   -1.1342957750e+01    1.0296874312e-01    4.0700000000e+03    1.4794241551e+00    9.9619558534e-01
        68   -4.5959088821e+01    2.1135015523e+03   -8.0978806263e+01    3.5019717442e+01   -1.1609673256e+01   -5.1102678690e+01   -2.1544138844e+01    3.2776845277e+00   -1.1357850749e+01    1.0296874312e-01    4.0690000000e+03    1.4799822699e+00    9.9594325153e-01
        69   -4.5985507613e+01    2.1160602538e+03   -8.0898332740e+01    3.4912825127e+01   -1.1599013876e+01   -5.1102678690e+01   -2.1463658876e+01    3.2670187030e+00   -1.1350547605e+01    1.0296874312e-01    4.0700000000e+03    1.4833039430e+00    9.9617064469e-01
        70   -4.6007278037e+01    2.1180504022e+03   -8.0996415564e+01    3.4989137526e+01   -1.1554620114e+01   -5.1102678690e+01   -2.1561384113e+01    3.2222673538e+00   -1.1303075843e+01    1.0296874312e-01    4.0700000000e+03    1.4755598610e+00    9.9605537819e-01
        71   -4.5981380273e+01    2.1158303888e+03   -8.1077238308e+01    3.5095858035e+01   -1.1565243761e+01   -5.1102678690e+01   -2.1561802190e+01    3.1524863338e+00   -1.1313559402e+01    1.0296874312e-01    4.0770000000e+03    1.4827043330e+00    9.9604770383e-01
        72   -4.5965189252e+01    2.1140620520e+03   -8.1088944042e+01    3.5123754789e+01   -1.1594751024e+01   -5.1102678690e+01   -2.1502383022e+01    3.1108686944e+00   -1.1340670908e+01    1.0296874312e-01    4.0820000000e+03    1.4874259370e+00    9.9649203431e-01
        73   -4.5976903759e+01    2.1152974907e+03   -8.0940666563e+01    3.4963762804e+01   -1.1599854589e+01   -5.1102678690e+01   -2.1575908850e+01    3.3377755667e+00   -1.1346907060e+01    1.0296874312e-01    4.0840000000e+03    1.4916375311e+00    9.9610331945e-01
        74   -4.5962429199e+01    2.1140384169e+03   -8.0932116578e+01    3.4969687379e+01   -1.1541873962e+01   -5.1102678690e+01   -2.1598960883e+01    3.3113969569e+00   -1.1291656556e+01    1.0296874312e-01    4.1000000000e+03    1.4921591750e+00    9.9598967245e-01
        75   -4.5965395708e+01    2.1142219312e+03   -8.0992805762e+01    3.5027410054e+01   -1.1495472075e+01   -5.1102678690e+01   -2.1634692456e+01    3.2400374593e+00   -1.1242434071e+01    1.0296874312e-01    4.1060000000e+03    1.4910063500e+00    9.9640419308e-01
        76   -4.6009461061e+01    2.1182675236e+03   -8.0929833967e+01    3.4920372905e+01   -1.1558381269e+01   -5.1102678690e+01   -2.1436852672e+01    3.1680786641e+00   -1.1306509145e+01    1.0296874312e-01    4.1160000000e+03    1.4963273040e+00    9.9578873753e-01
        77   -4.5972466806e+01    2.1148182248e+03   -8.0787465583e+01    3.4814998777e+01   -1.1514480145e+01   -5.1102678690e+01   -2.1414423034e+01    3.2441162870e+00   -1.1263982473e+01    1.0296874312e-01    4.1240000000e+03    1.5041659570e+00    9.9609090909e-01
        78   -4.5966219048e+01    2.1142387348e+03   -8.0838472647e+01    3.4872253599e+01   -1.1562015480e+01   -5.1102678690e+01   -2.1423443744e+01    3.2496652682e+00   -1.1312462327e+01    1.0296874312e-01    4.1070000000e+03    1.4869261760e+00    9.9629314536e-01
        79   -4.5936023663e+01    2.1114368345e+03   -8.0860148297e+01    3.4924124634e+01   -1.1547107774e+01   -5.1102678690e+01   -2.1617249608e+01    3.4068877757e+00   -1.1297871213e+01    1.0296874312e-01    4.0980000000e+03    1.4859884999e+00    9.9603948330e-01
        80   -4.5922555573e+01    2.1102429160e+03   -8.0918883587e+01    3.4996328014e+01   -1.1535997319e+01   -5.1102678690e+01   -2.1591193391e+01    3.3109858139e+00   -1.1287441717e+01    1.0296874312e-01    4.0920000000e+03    1.4838324450e+00    9.9629392387e-01
        81   -4.5931201502e+01    2.1109658084e+03   -8.0910231383e+01    3.4979029881e+01   -1.1571222893e+01   -5.1102678690e+01   -2.1524377619e+01    3.2880478203e+00   -1.1318086027e+01    1.0296874312e-01    4.0770000000e+03    1.4791928009e+00    9.9628523284e-01
        82   -4.5935767046e+01    2.1117326150e+03   -8.0958395615e+01    3.5022628569e+01   -1.1585750629e+01   -5.1102678690e+01   -2.1452982424e+01    3.1830161284e+00   -1.1333834946e+01    1.0296874312e-01    4.0830000000e+03    1.4736336170e+00    9.9630821078e-01
        83   -4.5924650764e+01    2.1104795865e+03   -8.1070205674e+01    3.5145554909e+01   -1.1615612319e+01   -5.1102678690e+01   -2.1432720025e+01    3.0808053611e+00   -1.1364846981e+01    1.0296874312e-01    4.0640000000e+03    1.4695832520e+00    9.9614841640e-01
        84   -4.5949483518e+01    2.1127716530e+03   -8.1162471583e+01    3.5212988064e+01   -1.1632361117e+01   -5.1102678690e+01   -2.1405760731e+01    2.9783289561e+00   -1.1382763597e+01    1.0296874312e-01    4.0630000000e+03    1.4730858360e+00    9.9598609744e-01
        85   -4.5956508367e+01    2.1133925268e+03   -8.1129751788e+01    3.5173243421e+01   -1.1634694412e+01   -5.1102678690e+01   -2.1439807216e+01    3.0474285297e+00   -1.1385457111e+01    1.0296874312e-01    4.0620000000e+03    1.4734589610e+00    9.9620233702e-01
        86   -4.5961001357e+01    2.1137523017e+03   -8.1219476737e+01    3.5258475381e+01   -1.1700772427e+01   -5.1102678690e+01   -2.1416527305e+01    3.0005016855e+00   -1.1450424804e+01    1.0296874312e-01    4.0530000000e+03    1.4789694130e+00    9.9601473853e-01
        87   -4.5988846012e+01    2.1162509054e+03   -8.1123761400e+01    3.5134915388e+01   -1.1693464347e+01   -5.1102678690e+01   -2.1375890655e+01    3.0482722920e+00   -1.1445210016e+01    1.0296874312e-01    4.0680000000e+03    1.4860611870e+00    9.9615431947e-01
        88   -4.5995194804e+01    2.1168387528e+03   -8.1273299847e+01    3.5278105043e+01   -1.1674411508e+01   -5.1102678690e+01   -2.1574076115e+01    3.0778664661e+00   -1.1426875218e+01    1.0296874312e-01    4.0800000000e+03    1.4770351431e+00    9.9623466258e-01
        89   -4.5971242883e+01    2.1147097589e+03   -8.1118098136e+01    3.5146855253e+01   -1.1716576060e+01   -5.1102678690e+01   -2.1533030132e+01    3.2341867464e+00   -1.1468743490e+01    1.0296874312e-01    4.0790000000e+03    1.4775530989e+00    9.9628743250e-01
        90   -4.5974899834e+01    2.1150860015e+03   -8.1095824337e+01    3.5120924503e+01   -1.1668757340e+01   -5.1102678690e+01   -2.1531859257e+01    3.2074709498e+00   -1.1415394064e+01    1.0296874312e-01    4.1000000000e+03    1.4974192270e+00    9.9632757146e-01
        91   -4.5954529831e+01    2.1132765214e+03   -8.1139777395e+01    3.5185247564e+01   -1.1670475805e+01   -5.1102678690e+01   -2.1555877819e+01    3.1892549193e+00   -1.1415473713e+01    1.0296874312e-01    4.1220000000e+03    1.4993405030e+00    9.9599768688e-01
        92   -4.5962309176e+01    2.1138795374e+03   -8.0987231982e+01    3.5024922807e+01   -1.1624178887e+01   -5.1102678690e+01   -2.1453537774e+01    3.1931633690e+00   -1.1372647621e+01    1.0296874312e-01    4.1100000000e+03    1.4999083771e+00    9.9615629549e-01
        93   -4.5958574450e+01    2.1135945181e+03   -8.0981176733e+01    3.5022602283e+01   -1.1634529390e+01   -5.1102678690e+01   -2.1358856545e+01    3.1148878929e+00   -1.1384087927e+01    1.0296874312e-01    4.1030000000e+03    1.4942659121e+00    9.9599573691e-01
        94   -4.5975663325e+01    2.1152046205e+03   -8.0940945585e+01    3.4965282260e+01   -1.1711304592e+01   -5.1102678690e+01   -2.1331857226e+01    3.2048949238e+00   -1.1461899794e+01    1.0296874312e-01    4.1070000000e+03    1.4878777280e+00    9.9606329191e-01
        95   -4.5960968837e+01    2.1137171650e+03   -8.0970318567e+01    3.5009349730e+01   -1.1734903996e+01   -5.1102678690e+01   -2.1330886951e+01    3.1981510708e+00   -1.1484842877e+01    1.0296874312e-01    4.1160000000e+03    1.4943924419e+00    9.9647790896e-01
        96   -4.5960394107e+01    2.1136763710e+03   -8.0976806200e+01    3.5016412094e+01   -1.1749259011e+01   -5.1102678690e+01   -2.1338110518e+01    3.2132420193e+00   -1.1502008810e+01    1.0296874312e-01    4.1240000000e+03    1.5044701940e+00    9.9624151309e-01
        97   -4.5940211804e+01    2.1118849578e+03   -8.1003428921e+01    3.5063217117e+01   -1.1729711257e+01   -5.1102678690e+01   -2.1388663530e+01    3.2176245563e+00   -1.1481702841e+01    1.0296874312e-01    4.1130000000e+03    1.5004994600e+00    9.9607476919e-01
        98   -4.5943101610e+01    2.1121063203e+03   -8.0936640443e+01    3.4993538833e+01   -1.1718675283e+01   -5.1102678690e+01   -2.1370656025e+01    3.2553695559e+00   -1.1471208586e+01    1.0296874312e-01    4.1200000000e+03    1.5027768840e+00    9.9629764506e-01
        99   -4.5934574244e+01    2.1112607879e+03   -8.1082287745e+01    3.5147713501e+01   -1.1726927636e+01   -5.1102678690e+01   -2.1364216805e+01    3.1115353863e+00   -1.1480714522e+01    1.0296874312e-01    4.1190000000e+03    1.4932514500e+00    9.9629584649e-01
       100   -4.5972564550e+01    2.1148394575e+03   -8.0839798338e+01    3.4867233788e+01   -1.1687162466e+01   -5.1102678690e+01   -2.1358841873e+01    3.3088846911e+00   -1.1440545683e+01    1.0296874312e-01    4.1180000000e+03    1.5097050010e+00    9.9633913413e-01
       101   -4.5950203419e+01    2.1127489088e+03   -8.0821889116e+01    3.4871685697e+01   -1.1672396008e+01   -5.1102678690e+01   -2.1343125802e+01    3.2963113844e+00   -1.1422099988e+01    1.0296874312e-01    4.1200000000e+03    1.5048088270e+00    9.9614684466e-01
       102   -4.5967387953e+01    2.1144157140e+03   -8.0858916290e+01    3.4891528338e+01   -1.1662585435e+01   -5.1102678690e+01   -2.1368127113e+01    3.2744749488e+00   -1.1409850096e+01    1.0296874312e-01    4.1160000000e+03    1.5042028819e+00    9.9619347192e-01
       103   -4.5963985122e+01    2.1140511710e+03   -8.1066955760e+01    3.5102970638e+01   -1.1644473629e+01   -5.1102678690e+01   -2.1431900011e+01    3.1120965715e+00   -1.1393268004e+01    1.0296874312e-01    4.1230000000e+03    1.5077615550e+00    9.9654042243e-01
       104   -4.5912215889e+01    2.1092155990e+03   -8.0951438373e+01    3.5039222484e+01   -1.1650169998e+01   -5.1102678690e+01   -2.1381842367e+01    3.1832526826e+00   -1.1394804312e+01    1.0296874312e-01    4.1320000000e+03    1.5192236670e+00    9.9628480630e-01
       105   -4.5912175653e+01    2.1092760866e+03   -8.0939236036e+01    3.5027060383e+01   -1.1644081269e+01   -5.1102678690e+01   -2.1321295299e+01    3.1288192228e+00   -1.1388266361e+01    1.0296874312e-01    4.1320000000e+03    1.5150168630e+00    9.9659159613e-01
       106   -4.5911809625e+01    2.1092669510e+03   -8.0769150200e+01    3.4857340575e+01   -1.1619707585e+01   -5.1102678690e+01   -2.1319543324e+01    3.2727793993e+00   -1.1361304856e+01    1.0296874312e-01    4.1170000000e+03    1.4996656600e+00    9.9628337379e-01
       107   -4.5928171845e+01    2.1107944056e+03   -8.0935437979e+01    3.5007266134e+01   -1.1644158342e+01   -5.1102678690e+01   -2.1504970598e+01    3.3163696522e+00   -1.1385233794e+01    1.0296874312e-01    4.1260000000e+03    1.5072753030e+00    9.9642835477e-01
       108   -4.5948047285e+01    2.1125562544e+03   -8.0814737820e+01    3.4866690535e+01   -1.1596956593e+01   -5.1102678690e+01   -2.1411112120e+01    3.2960095836e+00   -1.1341333993e+01    1.0296874312e-01    4.1260000000e+03    1.5173706351e+00    9.9632085756e-01
       109   -4.5976613420e+01    2.1151818924e+03   -8.0943358937e+01    3.4966745517e+01   -1.1617451911e+01   -5.1102678690e+01   -2.1567085960e+01    3.3438576248e+00   -1.1363308957e+01    1.0296874312e-01    4.1170000000e+03    1.5051316719e+00    9.9621419034e-01
       110   -4.5941925462e+01    2.1120938249e+03   -8.1031112553e+01    3.5089187091e+01   -1.1654810235e+01   -5.1102678690e+01   -2.1471567446e+01    3.1979438184e+00   -1.1400419813e+01    1.0296874312e-01    4.1060000000e+03    1.4990575480e+00    9.9623997326e-01
       111   -4.5942907588e+01    2.1121489683e+03   -8.0980119220e+01    3.5037211632e+01   -1.1642451317e+01   -5.1102678690e+01   -2.1496330640e+01    3.2613414279e+00   -1.1391083668e+01    1.0296874312e-01    4.1210000000e+03    1.5043266200e+00    9.9623054475e-01
       112   -4.5944024471e+01    2.1122804679e+03   -8.0799317122e+01    3.4855292652e+01   -1.1647001289e+01   -5.1102678690e+01   -2.1330980560e+01    3.2813434166e+00   -1.1393702629e+01    1.0296874312e-01    4.1280000000e+03    1.5157752440e+00    9.9616759573e-01
       113   -4.5933944237e+01    2.1111714367e+03   -8.0877817971e+01    3.4943873734e+01   -1.1607411506e+01   -5.1102678690e+01   -2.1408916895e+01    3.2411891199e+00   -1.1354880945e+01    1.0296874312e-01    4.1310000000e+03    1.5165899670e+00    9.9636135318e-01
       114   -4.5945389231e+01    2.1124098507e+03   -8.0958492359e+01    3.5013103128e+01   -1.1633469807e+01   -5.1102678690e+01   -2.1515045870e+01    3.2927020088e+00   -1.1380204589e+01    1.0296874312e-01    4.1220000000e+03    1.5071728141e+00    9.9601708263e-01
       115   -4.5959591533e+01    2.1137310437e+03   -8.0986571786e+01    3.5026980253e+01   -1.1622727459e+01   -5.1102678690e+01   -2.1596813748e+01    3.3356481120e+00   -1.1371001515e+01    1.0296874312e-01    4.1100000000e+03    1.4945719790e+00    9.9621350365e-01
       116   -4.5973431770e+01    2.1149415278e+03   -8.1003772394e+01    3.5030340624e+01   -1.1628760906e+01   -5.1102678690e+01   -2.1784951687e+01    3.5126188899e+00   -1.1375562925e+01    1.0296874312e-01    4.1180000000e+03    1.5092839920e+00    9.9606908694e-01
       117   -4.5959670690e+01    2.1137201613e+03   -8.1032824554e+01    3.5073153864e+01   -1.1643055943e+01   -5.1102678690e+01   -2.1699440188e+01    3.4123502674e+00   -1.1388731165e+01    1.0296874312e-01    4.1070000000e+03    1.5007654569e+00    9.9640533804e-01
       118   -4.5963622820e+01    2.1139491487e+03   -8.0799925062e+01    3.4836302242e+01   -1.1631561286e+01   -5.1102678690e+01   -2.1428556772e+01    3.3628716868e+00   -1.1379249728e+01    1.0296874312e-01    4.1040000000e+03    1.4978577819e+00    9.9611087433e-01
       119   -4.5971187437e+01    2.1147212902e+03   -8.0764497691e+01    3.4793310254e+01   -1.1665793521e+01   -5.1102678690e+01   -2.1280624178e+01    3.2845986987e+00   -1.1414959577e+01    1.0296874312e-01    4.1100000000e+03    1.4938740460e+00    9.9615560292e-01
       120   -4.5915091504e+01    2.1096245606e+03   -8.0689172722e+01    3.4774081218e+01   -1.1684495178e+01   -5.1102678690e+01   -2.1264493228e+01    3.3624943745e+00   -1.1428432201e+01    1.0296874312e-01    4.1150000000e+03    1.5037213400e+00    9.9617439883e-01
       121   -4.5933140415e+01    2.1111705737e+03   -8.0791673748e+01    3.4858533333e+01   -1.1705625290e+01   -5.1102678690e+01   -2.1211252925e+01    3.2278831577e+00   -1.1446695326e+01    1.0296874312e-01    4.0990000000e+03    1.4893066339e+00    9.9658440847e-01
       122   -4.5930834562e+01    2.1110238802e+03   -8.0760401356e+01    3.4829566794e+01   -1.1794066796e+01   -5.1102678690e+01   -2.1052189225e+01    3.1885333551e+00   -1.1538883943e+01    1.0296874312e-01    4.0890000000e+03    1.4856856700e+00    9.9591164267e-01
       123   -4.5950328681e+01    2.1128032683e+03   -8.0735539741e+01    3.4785211060e+01   -1.1770417540e+01   -5.1102678690e+01   -2.1029028455e+01    3.1665849445e+00   -1.1519927536e+01    1.0296874312e-01    4.0720000000e+03    1.4700193851e+00    9.9579857704e-01
       124   -4.5935055699e+01    2.1113522388e+03   -8.0693160600e+01    3.4758104901e+01   -1.1771672905e+01   -5.1102678690e+01   -2.0990878028e+01    3.1720690237e+00   -1.1524430216e+01    1.0296874312e-01    4.0500000000e+03    1.4609522800e+00    9.9593026834e-01
       125   -4.5929997697e+01    2.1108610250e+03   -8.0557027941e+01    3.4627030243e+01   -1.1798507802e+01   -5.1102678690e+01   -2.0891623093e+01    3.2357816453e+00   -1.1550493081e+01    1.0296874312e-01    4.0340000000e+03    1.4534663841e+00    9.9607151695e-01
       126   -4.5957368719e+01    2.1135225762e+03   -8.0485193751e+01    3.4527825033e+01   -1.1773458013e+01   -5.1102678690e+01   -2.0823130269e+01    3.2140732217e+00   -1.1519556054e+01    1.0296874312e-01    4.0300000000e+03    1.4543153780e+00    9.9655707196e-01
       127   -4.5956811087e+01    2.1134354783e+03   -8.0566359166e+01    3.4609548079e+01   -1.1766523517e+01   -5.1102678690e+01   -2.0943090253e+01    3.2459332947e+00   -1.1508696472e+01    1.0296874312e-01    4.0330000000e+03    1.4469130230e+00    9.9640884835e-01
       128   -4.5951115300e+01    2.1130526892e+03   -8.0539166310e+01    3.4588051010e+01   -1.1745814690e+01   -5.1102678690e+01   -2.0972768308e+01    3.2820953788e+00   -1.1481939145e+01    1.0296874312e-01    4.0450000000e+03    1.4729070440e+00    9.9625526120e-01
       129   -4.5952968422e+01    2.1130796527e+03   -8.0317412766e+01    3.4364444344e+01   -1.1736292790e+01   -5.1102678690e+01   -2.0916349242e+01    3.4379079561e+00   -1.1468990656e+01    1.0296874312e-01    4.0810000000e+03    1.4713166190e+00    9.9603028065e-01
       130   -4.5975397674e+01    2.1151288190e+03   -8.0225824578e+01    3.4250426903e+01   -1.1726590462e+01   -5.1102678690e+01   -2.0863819657e+01    3.4672642313e+00   -1.1462305047e+01    1.0296874312e-01    4.0930000000e+03    1.4891559210e+00    9.9637836186e-01
       131   -4.5953529928e+01    2.1130786261e+03   -8.0295157825e+01    3.4341627897e+01   -1.1681674755e+01   -5.1102678690e+01   -2.1010840834e+01    3.5000364547e+00   -1.1421075929e+01    1.0296874312e-01    4.1020000000e+03    1.4876743259e+00    9.9639129639e-01
       132   -4.5929460749e+01    2.1108188916e+03   -8.0568442572e+01    3.4638981823e+01   -1.1672287421e+01   -5.1102678690e+01   -2.1071129311e+01    3.2776528508e+00   -1.1412292238e+01    1.0296874312e-01    4.1010000000e+03    1.4925318089e+00    9.9617362463e-01
       133   -4.5948815231e+01    2.1127374756e+03   -8.0707864027e+01    3.4759048796e+01   -1.1688569053e+01   -5.1102678690e+01   -2.1193094317e+01    3.2764780345e+00   -1.1433095814e+01    1.0296874312e-01    4.0920000000e+03    1.4742254340e+00    9.9626466634e-01
       134   -4.5942448470e+01    2.1121237174e+03   -8.0555554030e+01    3.4613105559e+01   -1.1685101220e+01   -5.1102678690e+01   -2.1207534664e+01    3.4397605447e+00   -1.1435433167e+01    1.0296874312e-01    4.0980000000e+03    1.4946778070e+00    9.9617860630e-01
       135   -4.5953526067e+01    2.1130598256e+03   -8.0551033981e+01    3.4597507914e+01   -1.1699346321e+01   -5.1102678690e+01   -2.1143027687e+01    3.3940187179e+00   -1.1448677352e+01    1.0296874312e-01    4.0960000000e+03    1.4886234010e+00    9.9629120879e-01
       136   -4.5947866176e+01    2.1127394259e+03   -8.0367891799e+01    3.4420025623e+01   -1.1705704907e+01   -5.1102678690e+01   -2.1133227268e+01    3.5737190662e+00   -1.1452431975e+01    1.0296874312e-01    4.1000000000e+03    1.4842665950e+00    9.9634997562e-01
       137   -4.5922829812e+01    2.1102203876e+03   -8.0451551086e+01    3.4528721274e+01   -1.1715422003e+01   -5.1102678690e+01   -2.0990979786e+01    3.3575293933e+00   -1.1457974161e+01    1.0296874312e-01    4.0910000000e+03    1.4734704100e+00    9.9608516484e-01
       138   -4.5961457155e+01    2.1138870570e+03   -8.0642284042e+01    3.4680826888e+01   -1.1726324413e+01   -5.1102678690e+01   -2.1055970224e+01    3.2426892854e+00   -1.1470312802e+01    1.0296874312e-01    4.1000000000e+03    1.4748636630e+00    9.9640040352e-01
       139   -4.5959620163e+01    2.1135783541e+03   -8.0775448969e+01    3.4815828806e+01   -1.1747974557e+01   -5.1102678690e+01   -2.1138950942e+01    3.2141552202e+00   -1.1493015868e+01    1.0296874312e-01    4.1130000000e+03    1.4937850969e+00    9.9628374270e-01
       140   -4.5983376905e+01    2.1158119324e+03   -8.0717750516e+01    3.4734373610e+01   -1.1683177866e+01   -5.1102678690e+01   -2.1098740484e+01    3.1668465253e+00   -1.1430652810e+01    1.0296874312e-01    4.0940000000e+03    1.4941223600e+00    9.9624329432e-01
       141   -4.5977988912e+01    2.1155320657e+03   -8.0711119520e+01    3.4733130608e+01   -1.1691054058e+01   -5.1102678690e+01   -2.1194123943e+01    3.2767371714e+00   -1.1437089911e+01    1.0296874312e-01    4.1020000000e+03    1.4957180839e+00    9.9628810976e-01
       142   -4.5992368714e+01    2.1167605796e+03   -8.0732047654e+01    3.4739678940e+01   -1.1625159929e+01   -5.1102678690e+01   -2.1296032002e+01    3.2918229672e+00   -1.1370782539e+01    1.0296874312e-01    4.1190000000e+03    1.5034240979e+00    9.9629443633e-01
       143   -4.5973530781e+01    2.1150213702e+03   -8.0838584591e+01    3.4865053810e+01   -1.1645176303e+01   -5.1102678690e+01   -2.1360877903e+01    3.2701483052e+00   -1.1391005429e+01    1.0296874312e-01    4.1100000000e+03    1.5018266321e+00    9.9615536278e-01
       144   -4.5998023339e+01    2.1173571022e+03   -8.0836259622e+01    3.4838236283e+01   -1.1611039234e+01   -5.1102678690e+01   -2.1495063742e+01    3.3725220439e+00   -1.1357262028e+01    1.0296874312e-01    4.1100000000e+03    1.4948341961e+00    9.9605191091e-01
       145   -4.5994046592e+01    2.1167646030e+03   -8.0852757013e+01    3.4858710421e+01   -1.1610214151e+01   -5.1102678690e+01   -2.1442588713e+01    3.3027245404e+00   -1.1352792182e+01    1.0296874312e-01    4.1040000000e+03    1.4940345200e+00    9.9627740560e-01
       146   -4.5968070787e+01    2.1145030619e+03   -8.0796659726e+01    3.4828588939e+01   -1.1600058760e+01   -5.1102678690e+01   -2.1382826280e+01    3.2889040049e+00   -1.1341205102e+01    1.0296874312e-01    4.1250000000e+03    1.5049995930e+00    9.9625698494e-01
       147   -4.5971176181e+01    2.1148150103e+03   -8.0673154265e+01    3.4701978084e+01   -1.1612608972e+01   -5.1102678690e+01   -2.1187325817e+01    3.2294592137e+00   -1.1352875099e+01    1.0296874312e-01    4.1330000000e+03    1.5007796680e+00    9.9637384932e-01
       148   -4.5964661240e+01    2.1141468763e+03   -8.0738122963e+01    3.4773461723e+01   -1.1661641683e+01   -5.1102678690e+01   -2.1213856707e+01    3.2400541172e+00   -1.1401554093e+01    1.0296874312e-01    4.1460000000e+03    1.5186825411e+00    9.9616360561e-01
       149   -4.5956638023e+01    2.1134299140e+03   -8.0844018835e+01    3.4887380811e+01   -1.1723680689e+01   -5.1102678690e+01   -2.1237210904e+01    3.2195514484e+00   -1.1463176735e+01    1.0296874312e-01    4.1440000000e+03    1.5124111050e+00    9.9632352941e-01
       150   -4.5968873322e+01    2.1144691667e+03   -8.0755578169e+01    3.4786704847e+01   -1.1707693367e+01   -5.1102678690e+01   -2.1281064959e+01    3.3358588478e+00   -1.1446341954e+01    1.0296874312e-01    4.1580000000e+03    1.5067018680e+00    9.9657296939e-01
       151   -4.5952064795e+01    2.1129382143e+03   -8.0713063637e+01    3.4760998841e+01   -1.1753264952e+01   -5.1102678690e+01   -2.1239678342e+01    3.3825583475e+00   -1.1488087041e+01    1.0296874312e-01    4.1740000000e+03    1.5198930830e+00    9.9616688670e-01
       152   -4.5939759197e+01    2.1117430414e+03   -8.0667896911e+01    3.4728137714e+01   -1.1710444586e+01   -5.1102678690e+01   -2.1238493904e+01    3.3837202695e+00   -1.1444714301e+01    1.0296874312e-01    4.1700000000e+03    1.5141866470e+00    9.9615269461e-01
       153   -4.5900562949e+01    2.1082222053e+03   -8.0426687663e+01    3.4526124714e+01   -1.1734156053e+01   -5.1102678690e+01   -2.1176569206e+01    3.5867162862e+00   -1.1466926895e+01    1.0296874312e-01    4.1590000000e+03    1.5041476010e+00    9.9621485220e-01
       154   -4.5921010647e+01    2.1100520547e+03   -8.0525609621e+01    3.4604598973e+01   -1.1764863974e+01   -5.1102678690e+01   -2.1081866225e+01    3.4237992681e+00   -1.1501524857e+01    1.0296874312e-01    4.1570000000e+03    1.5013956339e+00    9.9651777137e-01
       155   -4.5953260338e+01    2.1130885316e+03   -8.0628606215e+01    3.4675345877e+01   -1.1737096478e+01   -5.1102678690e+01   -2.1003928004e+01    3.2150969577e+00   -1.1479172343e+01    1.0296874312e-01    4.1520000000e+03    1.4881892990e+00    9.9649680569e-01
       156   -4.5991320217e+01    2.1165516504e+03   -8.0460218263e+01    3.4468898047e+01   -1.1764412912e+01   -5.1102678690e+01   -2.0886878707e+01    3.2937520457e+00   -1.1505003679e+01    1.0296874312e-01    4.1510000000e+03    1.4870036320e+00    9.9621508548e-01
       157   -4.6000451544e+01    2.1174195880e+03   -8.0425004708e+01    3.4424553164e+01   -1.1792442913e+01   -5.1102678690e+01   -2.0892183511e+01    3.3623004061e+00   -1.1532540478e+01    1.0296874312e-01    4.1500000000e+03    1.4842314360e+00    9.9631112985e-01
       158   -4.5992989654e+01    2.1168541225e+03   -8.0340816509e+01    3.4347826855e+01   -1.1761593564e+01   -5.1102678690e+01   -2.0835491322e+01    3.3589470676e+00   -1.1496616249e+01    1.0296874312e-01    4.1630000000e+03    1.4883874500e+00    9.9641997593e-01
       159   -4.5999765775e+01    2.1173612959e+03   -8.0352926567e+01    3.4353160792e+01   -1.1705634789e+01   -5.1102678690e+01   -2.0895945376e+01    3.3513322888e+00   -1.1439491169e+01    1.0296874312e-01    4.1740000000e+03    1.4949115639e+00    9.9638126349e-01
       160   -4.5980297078e+01    2.1155330293e+03   -8.0353758829e+01    3.4373461750e+01   -1.1696946551e+01   -5.1102678690e+01   -2.0949784080e+01    3.3956504934e+00   -1.1432773247e+01    1.0296874312e-01    4.1720000000e+03    1.4954778871e+00    9.9644120115e-01
       161   -4.5965974236e+01    2.1144042209e+03   -8.0356664497e+01    3.4390690260e+01   -1.1694659301e+01   -5.1102678690e+01   -2.0942306660e+01    3.3829801551e+00   -1.1429655075e+01    1.0296874312e-01    4.1620000000e+03    1.4905461110e+00    9.9618097239e-01
       162   -4.5987926169e+01    2.1165976332e+03   -8.0349604735e+01    3.4361678566e+01   -1.1716756441e+01   -5.1102678690e+01   -2.1010256163e+01    3.4800865596e+00   -1.1453248532e+01    1.0296874312e-01    4.1580000000e+03    1.4951814340e+00    9.9635354142e-01
       163   -4.5942850636e+01    2.1120413744e+03   -8.0282249129e+01    3.4339398493e+01   -1.1655741525e+01   -5.1102678690e+01   -2.0982940473e+01    3.4591115594e+00   -1.1390913616e+01    1.0296874312e-01    4.1630000000e+03    1.4864177280e+00    9.9635579466e-01
       164   -4.5967620164e+01    2.1144093207e+03   -8.0366099074e+01    3.4398478911e+01   -1.1644374321e+01   -5.1102678690e+01   -2.1050916269e+01    3.4318702064e+00   -1.1382851799e+01    1.0296874312e-01    4.1460000000e+03    1.4950248720e+00    9.9610880299e-01
       165   -4.5983851306e+01    2.1159520260e+03   -8.0417941448e+01    3.4434090142e+01   -1.1609501390e+01   -5.1102678690e+01   -2.1048335612e+01    3.3425742447e+00   -1.1351552061e+01    1.0296874312e-01    4.1480000000e+03    1.4869502950e+00    9.9619912091e-01
       166   -4.5958224969e+01    2.1136659677e+03   -8.0682078576e+01    3.4723853607e+01   -1.1665270907e+01   -5.1102678690e+01   -2.1170296798e+01    3.2561678187e+00   -1.1406022136e+01    1.0296874312e-01    4.1510000000e+03    1.4910909790e+00    9.9620115774e-01
       167   -4.5965164457e+01    2.1141184273e+03   -8.0663782955e+01    3.4698618498e+01   -1.1693757112e+01   -5.1102678690e+01   -2.1172899789e+01    3.3055526367e+00   -1.1436816301e+01    1.0296874312e-01    4.1460000000e+03    1.5013251330e+00    9.9636207520e-01
       168   -4.5935887536e+01    2.1113917138e+03   -8.0870574208e+01    3.4934686672e+01   -1.1665611455e+01   -5.1102678690e+01   -2.1180608304e+01    3.0783242415e+00   -1.1408942254e+01    1.0296874312e-01    4.1470000000e+03    1.4975664860e+00    9.9641133896e-01
       169   -4.5915224113e+01    2.1095298474e+03   -8.0731968933e+01    3.4816744820e+01   -1.1652966088e+01   -5.1102678690e+01   -2.1238495709e+01    3.2621715545e+00   -1.1392569094e+01    1.0296874312e-01    4.1520000000e+03    1.5134573110e+00    9.9592064066e-01
       170   -4.5932214549e+01    2.1112122120e+03   -8.0800472198e+01    3.4868257649e+01   -1.1657655531e+01   -5.1102678690e+01   -2.1278597301e+01    3.2384593247e+00   -1.1399650154e+01    1.0296874312e-01    4.1570000000e+03    1.5079020030e+00    9.9625361098e-01
       171   -4.5948252660e+01    2.1125479221e+03   -8.0738340346e+01    3.4790087686e+01   -1.1679270346e+01   -5.1102678690e+01   -2.1124607009e+01    3.1682156996e+00   -1.1420297190e+01    1.0296874312e-01    4.1550000000e+03    1.5044440679e+00    9.9624127977e-01
       172   -4.5954315926e+01    2.1131050609e+03   -8.0608095953e+01    3.4653780026e+01   -1.1667322700e+01   -5.1102678690e+01   -2.0995927782e+01    3.1578332195e+00   -1.1412199996e+01    1.0296874312e-01    4.1550000000e+03    1.5074085910e+00    9.9611352133e-01
       173   -4.5962816618e+01    2.1139394590e+03   -8.0536385498e+01    3.4573568880e+01   -1.1665225258e+01   -5.1102678690e+01   -2.0845956978e+01    3.0774754278e+00   -1.1410927768e+01    1.0296874312e-01    4.1470000000e+03    1.5053359650e+00    9.9615199615e-01
       174   -4.5948325858e+01    2.1125424651e+03   -8.0417408162e+01    3.4469082304e+01   -1.1677030299e+01   -5.1102678690e+01   -2.0779261148e+01    3.1415619756e+00   -1.1422526732e+01    1.0296874312e-01    4.1300000000e+03    1.4937307680e+00    9.9599746254e-01
       175   -4.5986528469e+01    2.1160747166e+03   -8.0479007232e+01    3.4492478763e+01   -1.1616425817e+01   -5.1102678690e+01   -2.0795357189e+01    3.0354544645e+00   -1.1361540530e+01    1.0296874312e-01    4.1300000000e+03    1.4941968120e+00    9.9623849600e-01
       176   -4.5992111388e+01    2.1166128912e+03   -8.0559199130e+01    3.4567087742e+01   -1.1652502124e+01   -5.1102678690e+01   -2.0803243541e+01    2.9992252257e+00   -1.1400493830e+01    1.0296874312e-01    4.1350000000e+03    1.4974539250e+00    9.9633109417e-01
       177   -4.5959027337e+01    2.1135474501e+03   -8.0470936410e+01    3.4511909073e+01   -1.1632772044e+01   -5.1102678690e+01   -2.0711697588e+01    2.9762119122e+00   -1.1379389348e+01    1.0296874312e-01    4.1290000000e+03    1.5041950090e+00    9.9652525985e-01
       178   -4.5941620535e+01    2.1118943768e+03   -8.0457325411e+01    3.4515704876e+01   -1.1633801721e+01   -5.1102678690e+01   -2.0630693298e+01    2.9098482988e+00   -1.1381643953e+01    1.0296874312e-01    4.1110000000e+03    1.4876960330e+00    9.9662141642e-01
       179   -4.5930953514e+01    2.1110444479e+03   -8.0467160881e+01    3.4536207367e+01   -1.1643404623e+01   -5.1102678690e+01   -2.0715746095e+01    2.9946685279e+00   -1.1390811956e+01    1.0296874312e-01    4.0990000000e+03    1.4826608860e+00    9.9614799026e-01
       180   -4.5936295389e+01    2.1114737945e+03   -8.0621562702e+01    3.4685267313e+01   -1.1632145794e+01   -5.1102678690e+01   -2.0805321479e+01    2.9185832616e+00   -1.1377764454e+01    1.0296874312e-01    4.1000000000e+03    1.4795352879e+00    9.9639980474e-01
       181   -4.5944645142e+01    2.1121783775e+03   -8.0457767569e+01    3.4513122427e+01   -1.1590081919e+01   -5.1102678690e+01   -2.0743840215e+01    2.9788332560e+00   -1.1338955962e+01    1.0296874312e-01    4.0820000000e+03    1.4760975410e+00    9.9640156136e-01
       182   -4.5944883972e+01    2.1121513366e+03   -8.0595636146e+01    3.4650752174e+01   -1.1602440943e+01   -5.1102678690e+01   -2.0883724590e+01    2.9932080780e+00   -1.1350312555e+01    1.0296874312e-01    4.0660000000e+03    1.4735727350e+00    9.9661311133e-01
       183   -4.5941317593e+01    2.1119803618e+03   -8.0628172420e+01    3.4686854827e+01   -1.1603974514e+01   -5.1102678690e+01   -2.1013977860e+01    3.0924586452e+00   -1.1351914712e+01    1.0296874312e-01    4.0640000000e+03    1.4686048370e+00    9.9644833948e-01
       184   -4.5934090564e+01    2.1112695952e+03   -8.0582392639e+01    3.4648302075e+01   -1.1559647555e+01   -5.1102678690e+01   -2.1101541159e+01    3.1814747654e+00   -1.1309208687e+01    1.0296874312e-01    4.0670000000e+03    1.4809875820e+00    9.9648591289e-01
       185   -4.5944446130e+01    2.1121895607e+03   -8.0516779989e+01    3.4572333859e+01   -1.1586061703e+01   -5.1102678690e+01   -2.1042818245e+01    3.2147786492e+00   -1.1332726302e+01    1.0296874312e-01    4.0750000000e+03    1.4780383351e+00    9.9602272727e-01
       186   -4.5968310904e+01    2.1143499679e+03   -8.0615805098e+01    3.4647494194e+01   -1.1588893224e+01   -5.1102678690e+01   -2.1135095659e+01    3.2108624760e+00   -1.1335168572e+01    1.0296874312e-01    4.0850000000e+03    1.4703774679e+00    9.9593190733e-01
       187   -4.5977902616e+01    2.1152168434e+03   -8.0554604895e+01    3.4576702279e+01   -1.1605311078e+01   -5.1102678690e+01   -2.1116204096e+01    3.2695889691e+00   -1.1354505073e+01    1.0296874312e-01    4.1000000000e+03    1.4840620720e+00    9.9657952602e-01
       188   -4.6002136449e+01    2.1175369713e+03   -8.0645589070e+01    3.4643452621e+01   -1.1676838254e+01   -5.1102678690e+01   -2.1043589238e+01    3.1775171121e+00   -1.1422188740e+01    1.0296874312e-01    4.1030000000e+03    1.4974894570e+00    9.9663520097e-01
       189   -4.5997914816e+01    2.1170955445e+03   -8.0605487758e+01    3.4607572941e+01   -1.1690693314e+01   -5.1102678690e+01   -2.1060742123e+01    3.2486263697e+00   -1.1440190171e+01    1.0296874312e-01    4.0950000000e+03    1.4996121200e+00    9.9648542327e-01
       190   -4.5969419928e+01    2.1144836490e+03   -8.0821014661e+01    3.4851594733e+01   -1.1666995355e+01   -5.1102678690e+01   -2.1298465582e+01    3.2471249664e+00   -1.1414076595e+01    1.0296874312e-01    4.0810000000e+03    1.4925216630e+00    9.9644625825e-01
       191   -4.6002594006e+01    2.1174901095e+03   -8.0845466076e+01    3.4842872070e+01   -1.1665636520e+01   -5.1102678690e+01   -2.1396490529e+01    3.3193396637e+00   -1.1409354870e+01    1.0296874312e-01    4.0650000000e+03    1.4808720450e+00    9.9639984033e-01
       192   -4.6002815093e+01    2.1175324445e+03   -8.0903797347e+01    3.4900982254e+01   -1.1641489491e+01   -5.1102678690e+01   -2.1302784190e+01    3.1431550247e+00   -1.1388148102e+01    1.0296874312e-01    4.0660000000e+03    1.4730217591e+00    9.9631311576e-01
       193   -4.5970632557e+01    2.1146239937e+03   -8.0629884942e+01    3.4659252385e+01   -1.1615880747e+01   -5.1102678690e+01   -2.1300482736e+01    3.3891572312e+00   -1.1364066063e+01    1.0296874312e-01    4.0790000000e+03    1.4752954911e+00    9.9650987973e-01
       194   -4.5986631017e+01    2.1161456772e+03   -8.0885250333e+01    3.4898619317e+01   -1.1625209120e+01   -5.1102678690e+01   -2.1430071206e+01    3.2727086831e+00   -1.1377311409e+01    1.0296874312e-01    4.0960000000e+03    1.4966076480e+00    9.9608706285e-01
       195   -4.5948562611e+01    2.1126456969e+03   -8.0939528267e+01    3.4990965656e+01   -1.1654767749e+01   -5.1102678690e+01   -2.1437057916e+01    3.2549760876e+00   -1.1406157875e+01    1.0296874312e-01    4.0890000000e+03    1.5018403400e+00    9.9624450415e-01
       196   -4.5903622357e+01    2.1084600243e+03   -8.0953916168e+01    3.5050293811e+01   -1.1658959266e+01   -5.1102678690e+01   -2.1408427458e+01    3.2161492453e+00   -1.1409560300e+01    1.0296874312e-01    4.1040000000e+03    1.5008815341e+00    9.9636166707e-01
       197   -4.5918303354e+01    2.1097954254e+03   -8.1005688249e+01    3.5087384894e+01   -1.1659701920e+01   -5.1102678690e+01   -2.1463481146e+01    3.2201735081e+00   -1.1410259264e+01    1.0296874312e-01    4.1060000000e+03    1.5066691980e+00    9.9613943713e-01
       198   -4.5911815964e+01    2.1091946366e+03   -8.0850055597e+01    3.4938239633e+01   -1.1681007485e+01   -5.1102678690e+01   -2.1458055885e+01    3.3916864642e+00   -1.1429884059e+01    1.0296874312e-01    4.1090000000e+03    1.5187876620e+00    9.9608329277e-01
       199   -4.5947022446e+01    2.1124158674e+03   -8.0878234075e+01    3.4931211629e+01   -1.1657874348e+01   -5.1102678690e+01   -2.1411110867e+01    3.2934298309e+00   -1.1407989808e+01    1.0296874312e-01    4.1080000000e+03    1.5034327250e+00    9.9610040136e-01
