#   index    LocalEnergy         LocalEnergy_sq      LocalPotential      Kinetic             ElecElec            IonIon              LocalECP            NonLocalECP         BlockWeight         BlockCPU            AcceptRatio         
         0   -1.0998416026e+00    1.8493016493e+00   -2.4333169500e+00    1.3334753474e+00    3.0026979871e-01    3.3179334769e-01   -2.4300290277e+00   -6.3535106871e-01    1.2000000000e+01    6.5273999996e-04    9.7222222222e-01
         1   -6.9685788953e-01    5.4230702504e-01   -1.1725174746e+00    4.7565958505e-01    4.1396753197e-01    3.3179334769e-01   -2.3769815953e+00    4.5870324106e-01    1.2000000000e+01    1.1672525000e-04    9.5833333333e-01
         2   -5.8180247713e-01    6.1674369433e-01   -1.1390488673e+00    5.5724639014e-01    5.9055884654e-01    3.3179334769e-01   -2.2115625025e+00    1.5016144104e-01    1.2000000000e+01    1.1725049990e-04    9.4444444444e-01
         3   -7.5362156522e-01    5.9518995521e-01   -1.1682489006e+00    4.1462733537e-01    3.5395140766e-01    3.3179334769e-01   -1.9807719886e+00    1.2677833267e-01    1.2000000000e+01    1.0591224986e-04    9.7222222222e-01
         4   -8.2103020537e-01    6.9266596627e-01   -1.0854244221e+00    2.6439421676e-01    3.2612953451e-01    3.3179334769e-01   -1.8490221913e+00    1.0567488699e-01    1.2000000000e+01    1.0346875013e-04    1.0000000000e+00
         5   -8.4464385683e-01    7.2346973335e-01   -1.2022698087e+00    3.5762595189e-01    3.0928094845e-01    3.3179334769e-01   -1.8477038484e+00    4.3597435837e-03    1.2000000000e+01    9.1371750045e-05    9.7222222222e-01
         6   -7.8245771805e-01    6.5052109382e-01   -1.3635920462e+00    5.8113432810e-01    4.1885442910e-01    3.3179334769e-01   -2.1146586384e+00    4.1881546370e-04    1.2000000000e+01    9.9991000070e-05    1.0000000000e+00
         7   -7.5141036858e-01    7.1655153838e-01   -1.5123752440e+00    7.6096487545e-01    5.2908768535e-01    3.3179334769e-01   -2.3733580214e+00    1.0174435630e-04    1.2000000000e+01    9.3085249773e-05    9.8611111111e-01
         8   -2.8008852488e-01    1.8763638978e+00   -1.0888137452e+00    8.0872522028e-01    1.0177708871e+00    3.3179334769e-01   -2.4385334015e+00    1.5542159135e-04    1.2000000000e+01    1.0353225014e-04    9.8611111111e-01
         9   -7.5807397593e-01    6.2428945514e-01   -1.4964520406e+00    7.3837806463e-01    5.3863423133e-01    3.3179334769e-01   -2.3675027634e+00    6.2314385857e-04    1.2000000000e+01    1.0066100003e-04    9.8611111111e-01
        10   -8.8696187165e-01    7.9830578596e-01   -2.0242112113e+00    1.1372493396e+00    4.2941885600e-01    3.3179334769e-01   -2.7863835730e+00    9.6015802349e-04    1.2000000000e+01    1.0732275007e-04    9.7222222222e-01
        11   -7.3162484001e-01    6.4186257442e-01   -1.1752189829e+00    4.4359414293e-01    5.0628830159e-01    3.3179334769e-01   -2.0274442668e+00    1.4143634592e-02    1.2000000000e+01    1.5581349999e-04    9.7222222222e-01
        12   -8.4086540487e-01    7.2034679726e-01   -8.9455730590e-01    5.3691901025e-02    3.3441413074e-01    3.3179334769e-01   -2.1722530102e+00    6.1148822586e-01    1.2000000000e+01    1.0834050011e-04    1.0000000000e+00
        13   -9.1129960562e-01    8.3348042546e-01   -1.4861691046e+00    5.7486949896e-01    3.1471558127e-01    3.3179334769e-01   -2.1901358731e+00    5.7457839575e-02    1.2000000000e+01    1.5049325009e-04    9.8611111111e-01
        14   -8.7088340668e-01    7.6744605543e-01   -1.2472673416e+00    3.7638393492e-01    3.6493942823e-01    3.3179334769e-01   -1.9657155810e+00    2.1715463441e-02    1.2000000000e+01    8.0417999925e-05    1.0000000000e+00
        15   -8.3262708687e-01    7.0282829321e-01   -1.6836852603e+00    8.5105817340e-01    3.7062991103e-01    3.3179334769e-01   -2.4010582918e+00    1.4949772835e-02    1.2000000000e+01    8.3305000089e-05    9.4444444444e-01
        16   -6.0579686980e-01    4.5957172493e-01   -1.3152953704e+00    7.0949850056e-01    6.8829569345e-01    3.3179334769e-01   -2.3356230775e+00    2.3866602887e-04    1.2000000000e+01    7.5675250059e-05    1.0000000000e+00
        17   -6.8044999852e-01    5.2593188045e-01   -9.0425615022e-01    2.2380615170e-01    4.6793922154e-01    3.3179334769e-01   -1.7040114142e+00    2.2694746792e-05    1.2000000000e+01    1.0686700000e-04    1.0000000000e+00
        18   -7.4032292306e-01    5.7268587168e-01   -8.7713313613e-01    1.3681021307e-01    3.8426352913e-01    3.3179334769e-01   -1.5932411884e+00    5.1175470687e-05    1.2000000000e+01    8.4167999830e-05    1.0000000000e+00
        19   -8.2979458262e-01    7.0858407775e-01   -1.6633692651e+00    8.3357468245e-01    4.1023247303e-01    3.3179334769e-01   -2.4053974028e+00    2.3170249593e-06    1.2000000000e+01    6.9034750140e-05    1.0000000000e+00
        20   -7.3377178737e-01    6.7522734148e-01   -1.1559441771e+00    4.2217238975e-01    5.2952127112e-01    3.3179334769e-01   -2.0172653660e+00    6.5700413803e-06    1.2000000000e+01    7.2961249884e-05    1.0000000000e+00
        21   -7.3299313992e-01    5.6719557207e-01   -1.7872184125e+00    1.0542252726e+00    5.8846959826e-01    3.3179334769e-01   -2.7075404973e+00    5.9138832343e-05    1.2000000000e+01    7.8758499967e-05    9.7222222222e-01
        22   -5.0247682513e-01    1.3187028379e+00   -1.5757329101e+00    1.0732560849e+00    8.4908561952e-01    3.3179334769e-01   -2.7568492476e+00    2.3737028504e-04    1.2000000000e+01    8.5339749944e-05    9.8611111111e-01
        23   -6.9220393377e-01    5.3018515665e-01   -1.3290058206e+00    6.3680188683e-01    6.3955072075e-01    3.3179334769e-01   -2.3033637616e+00    3.0138725239e-03    1.2000000000e+01    9.2815749895e-05    9.7222222222e-01
        24   -8.3018589112e-01    7.2206153163e-01   -1.5008914841e+00    6.7070559300e-01    4.4217217624e-01    3.3179334769e-01   -2.3540591202e+00    7.9202112122e-02    1.2000000000e+01    8.2045749878e-05    9.8611111111e-01
        25   -9.0358965533e-01    8.3079321059e-01   -2.5900661805e+00    1.6864765252e+00    4.8198823154e-01    3.3179334769e-01   -3.4056058824e+00    1.7581227011e-03    1.2000000000e+01    8.5780500058e-05    9.7222222222e-01
        26   -9.0944372934e-01    8.3682595339e-01   -1.8209463854e+00    9.1150265606e-01    4.0071978270e-01    3.3179334769e-01   -2.6117622492e+00    5.8302733445e-02    1.2000000000e+01    8.1794999915e-05    1.0000000000e+00
        27   -8.6622318054e-01    7.6630250007e-01   -1.6810845376e+00    8.1486135710e-01    3.6765660483e-01    3.3179334769e-01   -2.4648334871e+00    8.4298996920e-02    1.2000000000e+01    8.2457999952e-05    9.7222222222e-01
        28   -8.4236068701e-01    7.2395394399e-01   -2.0130163313e+00    1.1706556443e+00    4.0085798082e-01    3.3179334769e-01   -2.7786434874e+00    3.2975827583e-02    1.2000000000e+01    9.5855500035e-05    9.5833333333e-01
        29   -8.1033715385e-01    6.7302325071e-01   -1.1770322945e+00    3.6669514066e-01    4.0233734733e-01    3.3179334769e-01   -1.9926902577e+00    8.1527268182e-02    1.2000000000e+01    8.1687749912e-05    1.0000000000e+00
        30   -7.9476042333e-01    6.8014059763e-01   -1.1060188477e+00    3.1125842435e-01    4.2585339167e-01    3.3179334769e-01   -1.8944840263e+00    3.0818439276e-02    1.2000000000e+01    8.1820749983e-05    1.0000000000e+00
        31   -5.3671035794e-01    4.9436925202e-01   -1.5175012874e+00    9.8079092944e-01    8.2677720558e-01    3.3179334769e-01   -2.6771364085e+00    1.0645678149e-03    1.2000000000e+01    8.8861999870e-05    9.8611111111e-01
        32   -8.1196817968e-01    6.7044378945e-01   -1.6498504460e+00    8.3788226636e-01    4.6154234667e-01    3.3179334769e-01   -2.4562491539e+00    1.3063013501e-02    1.2000000000e+01    8.5228999978e-05    9.7222222222e-01
        33   -8.9448763868e-01    8.3538160888e-01   -1.2171908163e+00    3.2270317758e-01    3.4361368594e-01    3.3179334769e-01   -2.1070050154e+00    2.1440716549e-01    1.2000000000e+01    9.3418249890e-05    1.0000000000e+00
        34   -7.8005659821e-01    6.2876857134e-01   -1.2581213528e+00    4.7806475462e-01    3.5756523278e-01    3.3179334769e-01   -1.9932163566e+00    4.5736423345e-02    1.2000000000e+01    8.8001749987e-05    1.0000000000e+00
        35   -8.4161631652e-01    7.1644772533e-01   -1.5137003744e+00    6.7208405789e-01    4.1571332036e-01    3.3179334769e-01   -2.2692313952e+00    8.0243527223e-03    1.2000000000e+01    9.0585499947e-05    9.5833333333e-01
        36   -8.1768303724e-01    6.8167456907e-01   -1.4039106105e+00    5.8622757330e-01    4.4132037663e-01    3.3179334769e-01   -2.1771413722e+00    1.1703732586e-04    1.2000000000e+01    7.2258750038e-05    9.7222222222e-01
        37   -8.3349353452e-01    7.0502634393e-01   -1.6105260390e+00    7.7703250447e-01    4.8315253880e-01    3.3179334769e-01   -2.4752264263e+00    4.9754500791e-02    1.2000000000e+01    8.1524749817e-05    9.8611111111e-01
        38   -8.2494306011e-01    7.1945113726e-01   -1.7422075103e+00    9.1726445017e-01    5.4448940399e-01    3.3179334769e-01   -2.6773918249e+00    5.8901562953e-02    1.2000000000e+01    8.2584249867e-05    9.8611111111e-01
        39   -8.8953598677e-01    8.0260816424e-01   -1.8214998994e+00    9.3196391261e-01    4.9604945678e-01    3.3179334769e-01   -2.6502931102e+00    9.5040638783e-04    1.2000000000e+01    1.0676975012e-04    9.8611111111e-01
        40   -7.3361254775e-01    6.3936769665e-01   -2.4048508159e+00    1.6712382682e+00    6.5844165215e-01    3.3179334769e-01   -3.3974814071e+00    2.3955913354e-03    1.2000000000e+01    8.8742000003e-05    9.8611111111e-01
        41   -8.1632251474e-01    6.7677479816e-01   -2.2770137644e+00    1.4606912497e+00    5.6447242792e-01    3.3179334769e-01   -3.1974809236e+00    2.4201383551e-02    1.2000000000e+01    1.3234399989e-04    1.0000000000e+00
        42   -8.2179065701e-01    6.8092862760e-01   -1.3865897278e+00    5.6479907077e-01    4.0762527624e-01    3.3179334769e-01   -2.2057855765e+00    7.9777224792e-02    1.2000000000e+01    1.0449649994e-04    1.0000000000e+00
        43   -8.7907906360e-01    7.8159026114e-01   -1.4298979121e+00    5.5081884849e-01    3.0896465678e-01    3.3179334769e-01   -2.2050297678e+00    1.3437385127e-01    1.2000000000e+01    1.2247300003e-04    9.7222222222e-01
        44   -8.5270211838e-01    7.6067180894e-01   -1.3654526322e+00    5.1275051380e-01    3.5110699405e-01    3.3179334769e-01   -2.0997787445e+00    5.1425770541e-02    1.2000000000e+01    9.4044999969e-05    9.8611111111e-01
        45   -8.7951089059e-01    7.8301558117e-01   -1.2551741655e+00    3.7566327487e-01    2.8243645156e-01    3.3179334769e-01   -1.8858492979e+00    1.6445333151e-02    1.2000000000e+01    8.8304499968e-05    9.8611111111e-01
        46   -7.3796693335e-01    6.4507657762e-01   -1.0841121049e+00    3.4614517153e-01    4.1872042856e-01    3.3179334769e-01   -1.8422825205e+00    7.6566393908e-03    1.2000000000e+01    1.0455200004e-04    1.0000000000e+00
        47   -7.2074921075e-01    5.6245570765e-01   -1.0128676041e+00    2.9211839335e-01    4.2502744405e-01    3.3179334769e-01   -1.7805640744e+00    1.0875678541e-02    1.2000000000e+01    1.0735374997e-04    9.7222222222e-01
        48   -6.2612567699e-01    4.2147619772e-01   -8.9337528231e-01    2.6724960532e-01    4.9625228156e-01    3.3179334769e-01   -1.7808215289e+00    5.9400617356e-02    1.2000000000e+01    9.0204749881e-05    9.8611111111e-01
        49   -6.5271967606e-01    5.8298091442e-01   -1.0681367619e+00    4.1541708583e-01    5.4073029751e-01    3.3179334769e-01   -1.9997096868e+00    5.9049279756e-02    1.2000000000e+01    8.8462999884e-05    9.7222222222e-01
        50   -8.2267022890e-01    7.0055734709e-01   -1.4812393342e+00    6.5856910532e-01    3.8098025909e-01    3.3179334769e-01   -2.2727093306e+00    7.8696389586e-02    1.2000000000e+01    8.3562749978e-05    9.8611111111e-01
        51   -7.2044066708e-01    5.8969697884e-01   -1.1026087219e+00    3.8216805485e-01    3.7320192998e-01    3.3179334769e-01   -1.8111198829e+00    3.5158833011e-03    1.2000000000e+01    8.7879999910e-05    9.5833333333e-01
        52   -1.4487197840e-01    1.5654597987e+00   -5.6819474502e-01    4.2332276662e-01    1.0027795911e+00    3.3179334769e-01   -1.9068532948e+00    4.0856109281e-03    1.2000000000e+01    1.1220550005e-04    1.0000000000e+00
        53   -7.0533509804e-01    5.4465630064e-01   -1.0955794257e+00    3.9024432763e-01    4.1671656108e-01    3.3179334769e-01   -1.8446631644e+00    5.7382996987e-04    1.2000000000e+01    7.7742750022e-05    9.8611111111e-01
        54   -8.5393703047e-01    7.5417186155e-01   -1.6754882463e+00    8.2155121580e-01    3.2054809782e-01    3.3179334769e-01   -2.3280748555e+00    2.4516369760e-04    1.2000000000e+01    7.7936500134e-05    1.0000000000e+00
        55   -4.1703165022e-01    1.3511730831e+00   -1.1325485032e+00    7.1551685293e-01    7.9322331529e-01    3.3179334769e-01   -2.2576139153e+00    4.8749143815e-05    1.2000000000e+01    8.4231999949e-05    9.7222222222e-01
        56   -4.1142306853e-01    9.8358123491e-01   -1.4378446166e+00    1.0264215481e+00    7.8821253625e-01    3.3179334769e-01   -2.5615786981e+00    3.7281975865e-03    1.2000000000e+01    7.3589000067e-05    1.0000000000e+00
        57   -7.4175225679e-01    5.5736277162e-01   -1.1764116186e+00    4.3465936185e-01    4.1719898817e-01    3.3179334769e-01   -1.9307329015e+00    5.3289469678e-03    1.2000000000e+01    8.0266000055e-05    1.0000000000e+00
        58   -8.6753548307e-01    7.6176505928e-01   -1.5469492544e+00    6.7941377134e-01    3.8607652468e-01    3.3179334769e-01   -2.2660619705e+00    1.2428437615e-03    1.2000000000e+01    7.7891249816e-05    9.5833333333e-01
        59   -8.3245404230e-01    6.9916988768e-01   -1.0208512351e+00    1.8839719280e-01    3.0630565146e-01    3.3179334769e-01   -1.6734044592e+00    1.4454224993e-02    1.2000000000e+01    7.0072250082e-05    1.0000000000e+00
        60   -5.7282482029e-01    6.9041134443e-01   -1.0275949365e+00    4.5477011619e-01    6.7522135489e-01    3.3179334769e-01   -2.0377990316e+00    3.1893925155e-03    1.2000000000e+01    7.2458500085e-05    9.7222222222e-01
        61   -4.1341595830e-01    6.9204283531e-01   -1.6350345119e+00    1.2216185536e+00    9.5757833805e-01    3.3179334769e-01   -2.9244061976e+00    0.0000000000e+00    1.2000000000e+01    6.3635250058e-05    9.4444444444e-01
        62   -8.8985733185e-01    7.9848231899e-01   -1.4294714441e+00    5.3961411224e-01    3.6852288932e-01    3.3179334769e-01   -2.1298322804e+00    4.4599284304e-05    1.2000000000e+01    6.8593499918e-05    9.7222222222e-01
        63   -7.4525059220e-01    6.0629360568e-01   -1.4391939502e+00    6.9394335804e-01    5.9477808417e-01    3.3179334769e-01   -2.3659156340e+00    1.5025194643e-04    1.2000000000e+01    7.3977750048e-05    1.0000000000e+00
        64   -7.3443970751e-01    7.0570262891e-01   -1.1852868414e+00    4.5084713393e-01    5.4178676254e-01    3.3179334769e-01   -2.0625708566e+00    3.7039049657e-03    1.2000000000e+01    7.5233999951e-05    9.8611111111e-01
        65   -2.1486647678e-02    5.4827843359e+00   -5.9249422629e-01    5.7100757861e-01    1.1839398343e+00    3.3179334769e-01   -2.1137100339e+00    5.4826255568e-03    1.2000000000e+01    7.9305249983e-05    9.8611111111e-01
        66   -7.2018764276e-01    5.4419890091e-01   -1.0004966233e+00    2.8030898050e-01    4.4030257775e-01    3.3179334769e-01   -1.7892058027e+00    1.6613254004e-02    1.2000000000e+01    9.0975500029e-05    1.0000000000e+00
        67   -7.6435626283e-01    6.0051337387e-01   -1.3569698143e+00    5.9261355146e-01    4.5736508594e-01    3.3179334769e-01   -2.2312725516e+00    8.5144303643e-02    1.2000000000e+01    8.4643500031e-05    9.8611111111e-01
        68   -7.6555178107e-01    6.1727858808e-01   -1.2150406207e+00    4.4948883964e-01    4.3020105362e-01    3.3179334769e-01   -2.0367837724e+00    5.9748750410e-02    1.2000000000e+01    8.8590000018e-05    9.8611111111e-01
        69   -7.5329276416e-01    5.9073083462e-01   -1.2400989984e+00    4.8680623422e-01    3.8834388820e-01    3.3179334769e-01   -1.9719097289e+00    1.1673494596e-02    1.2000000000e+01    8.9574249841e-05    9.8611111111e-01
        70   -7.2223291130e-01    5.4159999670e-01   -1.1328148699e+00    4.1058195865e-01    4.3284464399e-01    3.3179334769e-01   -1.9960199818e+00    9.8567120166e-02    1.2000000000e+01    8.0526999909e-05    9.5833333333e-01
        71   -7.4902813995e-01    5.8139506196e-01   -1.0972137903e+00    3.4818565035e-01    4.2145137011e-01    3.3179334769e-01   -1.8933261530e+00    4.2867644866e-02    1.2000000000e+01    8.1448500055e-05    9.8611111111e-01
        72   -6.8575779319e-01    4.9038986255e-01   -1.2500670398e+00    5.6430924663e-01    4.1830520319e-01    3.3179334769e-01   -2.0103113673e+00    1.0145776596e-02    1.2000000000e+01    7.5418999813e-05    9.8611111111e-01
        73   -7.2325932478e-01    5.3716202349e-01   -8.6374174586e-01    1.4048242108e-01    3.6347204064e-01    3.3179334769e-01   -1.5818171761e+00    2.2810041913e-02    1.2000000000e+01    7.4625749903e-05    1.0000000000e+00
        74   -7.9682865329e-01    6.5136548232e-01   -8.9404674943e-01    9.7218096146e-02    2.9724891306e-01    3.3179334769e-01   -1.5547590006e+00    3.1669990454e-02    1.2000000000e+01    8.0094499936e-05    1.0000000000e+00
        75   -7.9414218228e-01    6.5835541086e-01   -1.2944215262e+00    5.0027934394e-01    3.1657435161e-01    3.3179334769e-01   -1.9434358247e+00    6.4659919539e-04    1.2000000000e+01    1.1921249995e-04    9.8611111111e-01
        76   -7.5440089911e-01    6.5954444592e-01   -1.3369557792e+00    5.8255488012e-01    4.1902344429e-01    3.3179334769e-01   -2.0918558301e+00    4.0832588516e-03    1.2000000000e+01    1.0874675002e-04    9.5833333333e-01
        77   -7.9866446506e-01    6.5300655080e-01   -1.0180562070e+00    2.1939174198e-01    3.0737017828e-01    3.3179334769e-01   -1.6654727300e+00    8.2529969733e-03    1.2000000000e+01    8.5005999949e-05    1.0000000000e+00
        78   -7.1791328160e-01    5.2652952047e-01   -1.1658000951e+00    4.4788681349e-01    3.9387656517e-01    3.3179334769e-01   -1.8915081272e+00    3.8119291258e-05    1.2000000000e+01    7.4314500011e-05    9.4444444444e-01
        79   -6.9878214167e-01    4.9550268744e-01   -8.2271289943e-01    1.2393075775e-01    3.5331415447e-01    3.3179334769e-01   -1.5100673829e+00    2.2469812877e-03    1.2000000000e+01    6.8725000006e-05    9.7222222222e-01
        80   -7.7262506513e-01    6.1279518251e-01   -1.0780909206e+00    3.0546585550e-01    2.9836635932e-01    3.3179334769e-01   -1.7461811022e+00    3.7930474515e-02    1.2000000000e+01    7.8095750041e-05    1.0000000000e+00
        81   -8.4590652085e-01    7.7866641423e-01   -1.4760320444e+00    6.3012552353e-01    3.8437423118e-01    3.3179334769e-01   -2.3757385000e+00    1.8353887678e-01    1.2000000000e+01    9.8016500147e-05    1.0000000000e+00
        82   -8.7595413956e-01    7.7612904528e-01   -1.5421858422e+00    6.6623170266e-01    3.4648929128e-01    3.3179334769e-01   -2.2212019340e+00    7.3345284344e-04    1.2000000000e+01    8.8026749950e-05    9.8611111111e-01
        83   -8.8064492779e-01    7.9806295958e-01   -1.7841531732e+00    9.0350824544e-01    3.9039075254e-01    3.3179334769e-01   -2.5065958745e+00    2.5860105424e-04    1.2000000000e+01    8.5735499965e-05    9.7222222222e-01
        84   -7.8027494378e-01    6.6690103892e-01   -1.2019835284e+00    4.2170858467e-01    4.8245848217e-01    3.3179334769e-01   -2.0168694708e+00    6.3411251965e-04    1.2000000000e+01    7.7393500078e-05    1.0000000000e+00
        85   -8.6580002207e-01    7.5973145921e-01   -1.4187869065e+00    5.5298688442e-01    4.0340365743e-01    3.3179334769e-01   -2.1546325766e+00    6.4866502588e-04    1.2000000000e+01    7.3264750085e-05    1.0000000000e+00
        86   -9.2980974898e-01    8.6865589788e-01   -1.5580845276e+00    6.2827477865e-01    3.5640713426e-01    3.3179334769e-01   -2.2586623203e+00    1.2377310748e-02    1.2000000000e+01    8.2109750110e-05    9.8611111111e-01
        87   -8.6415309047e-01    7.5068403295e-01   -1.3402152116e+00    4.7606212115e-01    3.1130959438e-01    3.3179334769e-01   -2.0265027486e+00    4.3184594942e-02    1.2000000000e+01    7.8534249724e-05    1.0000000000e+00
        88   -8.5839471015e-01    7.4374284404e-01   -1.5521551797e+00    6.9376046953e-01    3.8750476894e-01    3.3179334769e-01   -2.2980558423e+00    2.6602545947e-02    1.2000000000e+01    1.1764374995e-04    9.8611111111e-01
        89   -6.7882662911e-01    5.3477870482e-01   -1.1109269637e+00    4.3210033457e-01    5.5184092132e-01    3.3179334769e-01   -2.0206371282e+00    2.6075895517e-02    1.2000000000e+01    1.1730900007e-04    9.8611111111e-01
        90   -7.8054920080e-01    6.5728878178e-01   -1.7680821743e+00    9.8753297347e-01    5.4369786175e-01    3.3179334769e-01   -2.6755016659e+00    3.1928282158e-02    1.2000000000e+01    8.6932750037e-05    9.5833333333e-01
        91   -8.9408781592e-01    8.1577150018e-01   -1.9937010833e+00    1.0996132674e+00    4.2348096809e-01    3.3179334769e-01   -2.7558388212e+00    6.8634221061e-03    1.2000000000e+01    8.7358250084e-05    9.7222222222e-01
        92   -7.7880652552e-01    6.4032731452e-01   -1.6833106300e+00    9.0450410446e-01    4.5976592255e-01    3.3179334769e-01   -2.5085918077e+00    3.3721907475e-02    1.2000000000e+01    8.3166500076e-05    9.7222222222e-01
        93   -7.5608196273e-01    6.2505841812e-01   -1.3832936749e+00    6.2721171213e-01    3.8113022516e-01    3.3179334769e-01   -2.1835802852e+00    8.7363037541e-02    1.2000000000e+01    8.2417750036e-05    9.8611111111e-01
        94   -6.9879089725e-01    5.8656609521e-01   -1.1836321025e+00    4.8484120529e-01    4.2877248804e-01    3.3179334769e-01   -1.9860242025e+00    4.1826264194e-02    1.2000000000e+01    8.5266750034e-05    1.0000000000e+00
        95   -6.2029308984e-01    4.6045439720e-01   -1.0191215971e+00    3.9882850729e-01    4.9101758243e-01    3.3179334769e-01   -1.8439474987e+00    2.0149714164e-03    1.2000000000e+01    8.4037500073e-05    1.0000000000e+00
        96   -6.8635874230e-01    5.0767065455e-01   -1.1184398434e+00    4.3208110109e-01    3.7913807410e-01    3.3179334769e-01   -1.8451252601e+00    1.5753994904e-02    1.2000000000e+01    1.4015099998e-04    9.8611111111e-01
        97   -7.5107640443e-01    6.0637178283e-01   -1.0224113259e+00    2.7133492143e-01    3.3371908539e-01    3.3179334769e-01   -1.7095591298e+00    2.1635370900e-02    1.2000000000e+01    8.9295750172e-05    1.0000000000e+00
        98   -7.7857082939e-01    6.5266213956e-01   -1.1478443365e+00    3.6927350713e-01    3.8138289592e-01    3.3179334769e-01   -1.8760298575e+00    1.5009277335e-02    1.2000000000e+01    8.9790500169e-05    9.8611111111e-01
        99   -7.0102373973e-01    5.5169089253e-01   -1.2206264613e+00    5.1960272154e-01    5.2903386000e-01    3.3179334769e-01   -2.0828945749e+00    1.4409059752e-03    1.2000000000e+01    8.3310249920e-05    1.0000000000e+00
       100   -5.7926844589e-01    5.7080346989e-01   -1.1606727301e+00    5.8140428419e-01    5.4267643452e-01    3.3179334769e-01   -2.0367763970e+00    1.6338847583e-03    1.2000000000e+01    7.5499499985e-05    9.8611111111e-01
       101   -6.5972677936e-01    4.7468446692e-01   -9.6219217124e-01    3.0246539189e-01    4.3428263414e-01    3.3179334769e-01   -1.7290070359e+00    7.3888282283e-04    1.2000000000e+01    8.2858500036e-05    9.8611111111e-01
       102   -7.9095090119e-01    6.3966342906e-01   -1.6415049652e+00    8.5055406404e-01    4.6537972919e-01    3.3179334769e-01   -2.4394093400e+00    7.3129788909e-04    1.2000000000e+01    8.7718500140e-05    1.0000000000e+00
       103   -8.0211900136e-01    6.5685882249e-01   -1.4838291654e+00    6.8171016400e-01    4.6266080792e-01    3.3179334769e-01   -2.2873396424e+00    9.0563214181e-03    1.2000000000e+01    8.6921749926e-05    1.0000000000e+00
       104   -6.8278370499e-01    5.4911551790e-01   -1.6357448933e+00    9.5296118835e-01    5.9847943380e-01    3.3179334769e-01   -2.5663997150e+00    3.8204020664e-04    1.2000000000e+01    7.9343250036e-05    1.0000000000e+00
       105   -6.3855240482e-01    5.0713024697e-01   -1.2624401491e+00    6.2388774429e-01    6.1651859013e-01    3.3179334769e-01   -2.2122373811e+00    1.4852941707e-03    1.2000000000e+01    7.5242000094e-05    9.8611111111e-01
       106   -6.9024535576e-01    5.2558817713e-01   -1.3504283560e+00    6.6018300025e-01    5.7443859834e-01    3.3179334769e-01   -2.2620738368e+00    5.4135347593e-03    1.2000000000e+01    8.1330249941e-05    1.0000000000e+00
       107   -7.1218275399e-01    5.5418081540e-01   -1.3110633354e+00    5.9888058145e-01    5.2679762385e-01    3.3179334769e-01   -2.1788551064e+00    9.2007994126e-03    1.2000000000e+01    7.6415500075e-05    9.8611111111e-01
       108   -8.5216419163e-01    7.3914198488e-01   -1.8138653975e+00    9.6170120589e-01    4.2220502126e-01    3.3179334769e-01   -2.6251176856e+00    5.7253919152e-02    1.2000000000e+01    8.3455499862e-05    9.8611111111e-01
       109   -8.7949826849e-01    7.8109344725e-01   -2.0210840467e+00    1.1415857783e+00    4.4383742670e-01    3.3179334769e-01   -2.7970714626e+00    3.5664148641e-04    1.2000000000e+01    8.2680249875e-05    1.0000000000e+00
       110   -6.8080899630e-01    5.7496304705e-01   -1.4842376278e+00    8.0342863150e-01    6.6775926442e-01    3.3179334769e-01   -2.4853209618e+00    1.5307218914e-03    1.2000000000e+01    8.3670500089e-05    9.8611111111e-01
       111   -5.5937957162e-01    5.6211070937e-01   -1.5378269962e+00    9.7844742457e-01    8.1824480879e-01    3.3179334769e-01   -2.7054519938e+00    1.7586841082e-02    1.2000000000e+01    1.1835775001e-04    9.8611111111e-01
       112   -7.7246371206e-01    6.1507700814e-01   -1.8423966657e+00    1.0699329536e+00    5.9341564982e-01    3.3179334769e-01   -2.7844841602e+00    1.6878497025e-02    1.2000000000e+01    9.6421500075e-05    9.7222222222e-01
       113   -7.3907494769e-01    5.7026210285e-01   -1.7727237112e+00    1.0336487635e+00    6.0238583239e-01    3.3179334769e-01   -2.8027559927e+00    9.5853101503e-02    1.2000000000e+01    1.0351025003e-04    9.8611111111e-01
       114   -5.8957802770e-01    5.4547176436e-01   -1.3780580698e+00    7.8848004214e-01    7.5010723887e-01    3.3179334769e-01   -2.5018162157e+00    4.1857559326e-02    1.2000000000e+01    9.5798749953e-05    1.0000000000e+00
       115   -8.4892584210e-01    7.7164507094e-01   -2.0446929523e+00    1.1957671102e+00    5.3538747264e-01    3.3179334769e-01   -3.0027115324e+00    9.0837759833e-02    1.2000000000e+01    9.4194999861e-05    9.5833333333e-01
       116   -8.6567035572e-01    7.9334553773e-01   -2.2003376412e+00    1.3346672855e+00    5.2165046001e-01    3.3179334769e-01   -3.0641572775e+00    1.0375828585e-02    1.2000000000e+01    9.3030500011e-05    9.7222222222e-01
       117   -7.0587742517e-01    9.2323377707e-01   -2.2860677519e+00    1.5801903268e+00    7.1188259599e-01    3.3179334769e-01   -3.3344720927e+00    4.7283970366e-03    1.2000000000e+01    9.2778749945e-05    9.8611111111e-01
       118   -5.9567485064e-01    5.3811483516e-01   -1.1207624600e+00    5.2508760938e-01    6.4553676162e-01    3.3179334769e-01   -2.1754830953e+00    7.7390526009e-02    1.2000000000e+01    9.0240500072e-05    9.8611111111e-01
       119   -6.7705252346e-01    5.2543010557e-01   -1.6144564885e+00    9.3740396500e-01    5.6128194631e-01    3.3179334769e-01   -2.5268646634e+00    1.9332880968e-02    1.2000000000e+01    9.0536000016e-05    1.0000000000e+00
       120   -8.7256363893e-01    7.8566844954e-01   -2.8740233063e+00    2.0014596674e+00    4.8561745072e-01    3.3179334769e-01   -3.6915999022e+00    1.6579746613e-04    1.2000000000e+01    8.6769500058e-05    9.7222222222e-01
       121   -7.2410695285e-01    6.0200630686e-01   -1.7282681928e+00    1.0041612399e+00    5.9645831548e-01    3.3179334769e-01   -2.6602832702e+00    3.7634142366e-03    1.2000000000e+01    9.0402250066e-05    1.0000000000e+00
       122   -8.2671948545e-01    7.0335309662e-01   -1.3090482234e+00    4.8232873797e-01    4.0164469696e-01    3.3179334769e-01   -2.1434178475e+00    1.0093157947e-01    1.2000000000e+01    9.0772750127e-05    9.8611111111e-01
       123   -8.8300561214e-01    7.9160524712e-01   -1.7313438821e+00    8.4833826992e-01    4.4434225848e-01    3.3179334769e-01   -2.5229176099e+00    1.5438121666e-02    1.2000000000e+01    8.5641999931e-05    9.5833333333e-01
       124   -8.2490536627e-01    7.0041583211e-01   -1.5743855365e+00    7.4948017025e-01    4.5667661458e-01    3.3179334769e-01   -2.4724610698e+00    1.0960557105e-01    1.2000000000e+01    7.8052250160e-05    9.8611111111e-01
       125   -8.6066114771e-01    7.7986537199e-01   -2.1617738110e+00    1.3011126632e+00    4.7894089883e-01    3.3179334769e-01   -2.9826822029e+00    1.0174145416e-02    1.2000000000e+01    8.4202500034e-05    9.5833333333e-01
       126   -8.2478334586e-01    7.0885667964e-01   -2.2660355534e+00    1.4412522076e+00    5.1546810474e-01    3.3179334769e-01   -3.1178649390e+00    4.5679331925e-03    1.2000000000e+01    9.6809999945e-05    9.7222222222e-01
       127   -7.6272071967e-01    6.2242365632e-01   -1.6232337633e+00    8.6051304363e-01    5.9722434660e-01    3.3179334769e-01   -2.5996601633e+00    4.7408705687e-02    1.2000000000e+01    9.4033000096e-05    9.7222222222e-01
       128   -6.8387404924e-01    5.6020078931e-01   -1.1905496733e+00    5.0667562410e-01    6.2744508233e-01    3.3179334769e-01   -2.3346132946e+00    1.8482519127e-01    1.2000000000e+01    1.0186950010e-04    1.0000000000e+00
       129   -6.8310325102e-01    5.6075307252e-01   -1.8117737604e+00    1.1286705093e+00    6.9717946494e-01    3.3179334769e-01   -2.8634431315e+00    2.2696558552e-02    1.2000000000e+01    9.3990499977e-05    9.8611111111e-01
       130   -8.0742246170e-01    6.9230862327e-01   -1.7069894274e+00    8.9956696569e-01    4.8345552607e-01    3.3179334769e-01   -2.5235437725e+00    1.3054713820e-03    1.2000000000e+01    1.0841975006e-04    9.8611111111e-01
       131   -8.9019010554e-01    7.9865507910e-01   -1.6277396474e+00    7.3754954182e-01    3.8845693583e-01    3.3179334769e-01   -2.3483567728e+00    3.6684195080e-04    1.2000000000e+01    1.4634874992e-04    9.7222222222e-01
       132   -9.0326052475e-01    8.2308622959e-01   -1.7216280883e+00    8.1836756352e-01    3.5501942027e-01    3.3179334769e-01   -2.4471906374e+00    3.8749781179e-02    1.2000000000e+01    1.4136549999e-04    9.8611111111e-01
       133   -9.2598837400e-01    8.7143276018e-01   -2.2511877798e+00    1.3251994058e+00    2.8881193608e-01    3.3179334769e-01   -2.8732021729e+00    1.4091093648e-03    1.2000000000e+01    1.6116375002e-04    9.7222222222e-01
       134   -9.2554957607e-01    8.5976318771e-01   -1.4453365751e+00    5.1978699899e-01    2.6523684237e-01    3.3179334769e-01   -2.0427926018e+00    4.2583663715e-04    1.2000000000e+01    1.0582649998e-04    9.7222222222e-01
       135   -9.5961186790e-01    9.2507669371e-01   -1.8111391917e+00    8.5152732381e-01    3.0964700983e-01    3.3179334769e-01   -2.4528875040e+00    3.0795475496e-04    1.2000000000e+01    1.4729350005e-04    9.8611111111e-01
       136   -8.9461563125e-01    8.0316576407e-01   -1.3256218491e+00    4.3100621788e-01    3.3140845647e-01    3.3179334769e-01   -1.9900364092e+00    1.2127558794e-03    1.2000000000e+01    9.9754750067e-05    9.7222222222e-01
       137   -8.9743450772e-01    8.2023370568e-01   -2.0815808669e+00    1.1841463592e+00    3.3293405394e-01    3.3179334769e-01   -2.7478602514e+00    1.5519828870e-03    1.2000000000e+01    1.0038699986e-04    9.8611111111e-01
       138   -9.1160330613e-01    8.3577413489e-01   -1.9543279397e+00    1.0427246335e+00    3.8781591695e-01    3.3179334769e-01   -2.6787289056e+00    4.7917012788e-03    1.2000000000e+01    1.0597075004e-04    9.4444444444e-01
       139   -6.9834997738e-01    5.5800798660e-01   -1.2068566170e+00    5.0850663962e-01    5.6991511981e-01    3.3179334769e-01   -2.1734383147e+00    6.4873230158e-02    1.2000000000e+01    9.6799249832e-05    9.8611111111e-01
       140   -8.4564496698e-01    7.3540536148e-01   -2.0905803259e+00    1.2449353589e+00    4.7118725017e-01    3.3179334769e-01   -3.0444477481e+00    1.5088682430e-01    1.2000000000e+01    9.4306250162e-05    9.5833333333e-01
       141   -8.6507921860e-01    7.6422339657e-01   -1.2878148194e+00    4.2273560081e-01    3.3543437900e-01    3.3179334769e-01   -1.9964383284e+00    4.1395782305e-02    1.2000000000e+01    9.5044999853e-05    9.8611111111e-01
       142   -7.5237624467e-01    6.0117288431e-01   -1.4982112205e+00    7.4583497580e-01    5.0855062082e-01    3.3179334769e-01   -2.4976978681e+00    1.5914267913e-01    1.2000000000e+01    9.5681000062e-05    9.7222222222e-01
       143   -7.4268256722e-01    6.1677626387e-01   -1.1905110454e+00    4.4782847813e-01    4.8690401908e-01    3.3179334769e-01   -2.2144033560e+00    2.0519494384e-01    1.2000000000e+01    9.7043749861e-05    9.7222222222e-01
       144   -8.0881070288e-01    6.7777393579e-01   -1.4732969079e+00    6.6448620506e-01    4.0757106576e-01    3.3179334769e-01   -2.2822969788e+00    6.9635657381e-02    1.2000000000e+01    9.3980499969e-05    9.7222222222e-01
       145   -7.9258357127e-01    6.4274941897e-01   -1.6803459536e+00    8.8776238232e-01    4.8364589143e-01    3.3179334769e-01   -2.5631566216e+00    6.7371428910e-02    1.2000000000e+01    1.3371075011e-04    1.0000000000e+00
       146   -4.9202168538e-01    7.7970144310e-01   -9.0632923894e-01    4.1430755356e-01    7.3719243375e-01    3.3179334769e-01   -2.0455938888e+00    7.0278868444e-02    1.2000000000e+01    8.1027500073e-05    9.8611111111e-01
       147   -7.7380693804e-01    6.3887102477e-01   -2.0810144099e+00    1.3072074718e+00    6.5886005331e-01    3.3179334769e-01   -3.1064461239e+00    3.4778313068e-02    1.2000000000e+01    9.6979249975e-05    9.7222222222e-01
       148   -7.7767632979e-01    6.4356835852e-01   -1.7305478342e+00    9.5287150444e-01    6.1175666604e-01    3.3179334769e-01   -2.8618408764e+00    1.8774302842e-01    1.2000000000e+01    1.3433649997e-04    9.8611111111e-01
       149   -7.6301520095e-01    6.2538738333e-01   -1.5934531988e+00    8.3043799784e-01    6.1810772687e-01    3.3179334769e-01   -2.5478106666e+00    4.4563932474e-03    1.2000000000e+01    9.6997000242e-05    9.8611111111e-01
       150   -8.0293394360e-01    6.8230018970e-01   -1.7730590255e+00    9.7012508188e-01    5.6419863617e-01    3.3179334769e-01   -2.6771098516e+00    8.0588423020e-03    1.2000000000e+01    9.4321500001e-05    9.8611111111e-01
       151   -6.1494476217e-01    4.8192079060e-01   -1.3879036912e+00    7.7295892905e-01    7.5258078481e-01    3.3179334769e-01   -2.4773295297e+00    5.0517060308e-03    1.2000000000e+01    9.0421999971e-05    1.0000000000e+00
       152   -7.1689411451e-01    6.9624426200e-01   -1.1296369784e+00    4.1274286387e-01    5.6745411512e-01    3.3179334769e-01   -2.0296166996e+00    7.3225837646e-04    1.2000000000e+01    8.0088000004e-05    9.8611111111e-01
       153   -8.6418433283e-01    7.5468946399e-01   -1.2566369911e+00    3.9245265823e-01    3.1670486717e-01    3.3179334769e-01   -1.9063121584e+00    1.1769524306e-03    1.2000000000e+01    7.7823750075e-05    9.5833333333e-01
       154   -8.4642992104e-01    7.2721423942e-01   -1.3064448386e+00    4.6001491752e-01    2.4575667617e-01    3.3179334769e-01   -1.9000707569e+00    1.6075894478e-02    1.2000000000e+01    8.9298000034e-05    9.7222222222e-01
       155   -9.9163361111e-01    9.9772678335e-01   -1.9734162141e+00    9.8178260300e-01    3.3878146242e-01    3.3179334769e-01   -2.8019518112e+00    1.5796078696e-01    1.2000000000e+01    8.4867750047e-05    9.8611111111e-01
       156   -8.4719294596e-01    7.5160381874e-01   -1.1415339923e+00    2.9434104632e-01    3.8892198302e-01    3.3179334769e-01   -1.9811694225e+00    1.1892009950e-01    1.2000000000e+01    7.9789999972e-05    1.0000000000e+00
       157   -7.8111137551e-01    6.6911058007e-01   -1.6592066115e+00    8.7809523595e-01    6.2478547145e-01    3.3179334769e-01   -2.6197387238e+00    3.9532931859e-03    1.2000000000e+01    9.8827249985e-05    9.8611111111e-01
       158   -7.1858605357e-01    5.4453007627e-01   -1.3380605715e+00    6.1947451789e-01    6.3441201184e-01    3.3179334769e-01   -2.3056710114e+00    1.4050803892e-03    1.2000000000e+01    9.2403750159e-05    1.0000000000e+00
       159   -6.7297837906e-01    7.8676822876e-01   -1.4742281118e+00    8.0124973279e-01    6.5850058911e-01    3.3179334769e-01   -2.4721495767e+00    7.6275280570e-03    1.2000000000e+01    9.7564750035e-05    9.8611111111e-01
       160   -6.7567547495e-01    6.2986846440e-01   -1.4250306339e+00    7.4935515892e-01    6.2200331326e-01    3.3179334769e-01   -2.3884267632e+00    9.5994684122e-03    1.2000000000e+01    9.1875500175e-05    9.8611111111e-01
       161   -8.8199650362e-01    7.8382863632e-01   -2.0443617927e+00    1.1623652891e+00    4.7370894835e-01    3.3179334769e-01   -2.8519568554e+00    2.0927666518e-03    1.2000000000e+01    1.0630849988e-04    9.4444444444e-01
       162   -5.0468013266e-01    4.6050906236e-01   -1.5646865665e+00    1.0600064338e+00    8.8128631421e-01    3.3179334769e-01   -2.7778153383e+00    4.9109891850e-05    1.2000000000e+01    9.1506999865e-05    1.0000000000e+00
       163   -8.2419681114e-01    7.1509393872e-01   -2.6117058059e+00    1.7875089948e+00    5.9162025537e-01    3.3179334769e-01   -3.6151648362e+00    8.0045427222e-02    1.2000000000e+01    9.7693999919e-05    9.4444444444e-01
       164   -8.6318667272e-01    7.7386932862e-01   -1.7863920647e+00    9.2320539194e-01    5.1685395041e-01    3.3179334769e-01   -2.8284244765e+00    1.9338511377e-01    1.2000000000e+01    1.0052649986e-04    9.3055555556e-01
       165   -8.9509685641e-01    8.0823817057e-01   -1.7398861315e+00    8.4478927511e-01    5.2332380338e-01    3.3179334769e-01   -2.6366682652e+00    4.1664982648e-02    1.2000000000e+01    8.6296249947e-05    9.3055555556e-01
       166   -7.7784207120e-01    7.1158701669e-01   -1.5191529931e+00    7.4131092189e-01    6.5303113149e-01    3.3179334769e-01   -2.5082399195e+00    4.2624471929e-03    1.2000000000e+01    9.5687500107e-05    1.0000000000e+00
       167   -6.7235367369e-01    5.3377879133e-01   -1.8251743096e+00    1.1528206359e+00    7.3331629483e-01    3.3179334769e-01   -2.9010185971e+00    1.0734644935e-02    1.2000000000e+01    8.2643250039e-05    9.8611111111e-01
       168   -8.2804084067e-01    7.2219900712e-01   -1.9292240036e+00    1.1011831630e+00    6.0232596843e-01    3.3179334769e-01   -2.8966158830e+00    3.3272563272e-02    1.2000000000e+01    9.1337249842e-05    9.8611111111e-01
       169   -7.0765226820e-01    7.0060502877e-01   -1.3674967307e+00    6.5984446246e-01    5.8810793176e-01    3.3179334769e-01   -2.4508919357e+00    1.6349392559e-01    1.2000000000e+01    9.9337000051e-05    9.5833333333e-01
       170   -7.9209052103e-01    6.4951985575e-01   -2.1370122516e+00    1.3449217306e+00    5.2213788246e-01    3.3179334769e-01   -3.1117668735e+00    1.2082339174e-01    1.2000000000e+01    9.8553250155e-05    9.5833333333e-01
       171   -7.2901178253e-01    5.7323213692e-01   -1.7841143366e+00    1.0551025540e+00    5.9479061166e-01    3.3179334769e-01   -2.7339009309e+00    2.3202635020e-02    1.2000000000e+01    1.0757324992e-04    9.7222222222e-01
       172   -7.3542061998e-01    6.5029264972e-01   -1.8155506656e+00    1.0801300456e+00    6.8357195953e-01    3.3179334769e-01   -2.8387616403e+00    7.8456675302e-03    1.2000000000e+01    1.0390099999e-04    9.5833333333e-01
       173   -4.6424747732e-01    7.8959796011e-01   -1.6032789967e+00    1.1390315194e+00    9.7714063923e-01    3.3179334769e-01   -2.9193251320e+00    7.1121483417e-03    1.2000000000e+01    1.5032925012e-04    9.8611111111e-01
       174   -7.0335513365e-01    5.8350244470e-01   -1.3992995648e+00    6.9594443111e-01    6.3214705376e-01    3.3179334769e-01   -2.5099278140e+00    1.4668784780e-01    1.2000000000e+01    1.2705750009e-04    9.7222222222e-01
       175   -7.0122271727e-01    5.3167329837e-01   -1.3141201701e+00    6.1289745282e-01    5.8185347022e-01    3.3179334769e-01   -2.3715585276e+00    1.4379153959e-01    1.2000000000e+01    1.2068324986e-04    1.0000000000e+00
       176   -8.3085125961e-01    7.1745716598e-01   -1.5231875672e+00    6.9233630758e-01    5.6824902713e-01    3.3179334769e-01   -2.7270356972e+00    3.0380575516e-01    1.2000000000e+01    1.2735149994e-04    9.8611111111e-01
       177   -7.3963090842e-01    6.7920835216e-01   -1.5010472114e+00    7.6141630297e-01    5.9439204810e-01    3.3179334769e-01   -2.6235846977e+00    1.9635209051e-01    1.2000000000e+01    1.4270300005e-04    9.8611111111e-01
       178   -6.9864111058e-01    6.5711774594e-01   -2.0745606295e+00    1.3759195190e+00    6.3562442065e-01    3.3179334769e-01   -3.0932447681e+00    5.1266370194e-02    1.2000000000e+01    1.1332650001e-04    9.8611111111e-01
       179   -3.8389072037e-01    1.6150630101e+00   -1.6683257416e+00    1.2844350212e+00    1.1188514028e+00    3.3179334769e-01   -3.1194826439e+00    5.1215179694e-04    1.2000000000e+01    3.0350849988e-04    1.0000000000e+00
       180   -5.5145482741e-01    4.1014056775e-01   -1.5740633515e+00    1.0226085241e+00    8.5394960915e-01    3.3179334769e-01   -2.7603152983e+00    5.0898991216e-04    1.2000000000e+01    9.6068749940e-05    9.8611111111e-01
       181   -6.9211283566e-01    5.3502483558e-01   -1.4976227345e+00    8.0550989885e-01    6.2628310549e-01    3.3179334769e-01   -2.4572564408e+00    1.5572531455e-03    1.2000000000e+01    9.2041000016e-05    1.0000000000e+00
       182   -8.1577238178e-01    6.8289658230e-01   -2.3202089485e+00    1.5044365667e+00    6.0083347011e-01    3.3179334769e-01   -3.2539877684e+00    1.1520021454e-03    1.2000000000e+01    9.4083250019e-05    1.0000000000e+00
       183   -8.2020793237e-01    6.9410575119e-01   -1.5741463388e+00    7.5393840640e-01    5.7305982368e-01    3.3179334769e-01   -2.4790665239e+00    6.7013806643e-05    1.2000000000e+01    8.9581749876e-05    9.8611111111e-01
       184   -6.7508264015e-01    6.1802898258e-01   -1.7460432325e+00    1.0709605923e+00    7.2175640986e-01    3.3179334769e-01   -2.8008449672e+00    1.2519771282e-03    1.2000000000e+01    1.1209349998e-04    1.0000000000e+00
       185   -9.0636826300e-01    8.4228313579e-01   -2.4509103079e+00    1.5445420449e+00    4.4870399855e-01    3.3179334769e-01   -3.2333467918e+00    1.9391376494e-03    1.2000000000e+01    9.5456750159e-05    9.8611111111e-01
       186   -7.3940503014e-01    5.7251294717e-01   -1.2977058933e+00    5.5830086313e-01    5.6980643168e-01    3.3179334769e-01   -2.2058476515e+00    6.5419788651e-03    1.2000000000e+01    9.1706500029e-05    1.0000000000e+00
       187   -3.8674698212e-01    1.1298366084e+00   -1.0798186121e+00    6.9307162996e-01    9.1479319371e-01    3.3179334769e-01   -2.3402087946e+00    1.3803641156e-02    1.2000000000e+01    9.5505249988e-05    9.5833333333e-01
       188   -7.5529812237e-01    5.9173815801e-01   -9.6847319838e-01    2.1317507601e-01    4.1215377133e-01    3.3179334769e-01   -1.9338843155e+00    2.2146399808e-01    1.2000000000e+01    8.1880750031e-05    9.7222222222e-01
       189   -7.8341352895e-01    6.3763765933e-01   -1.0993380334e+00    3.1592450443e-01    3.5127482140e-01    3.3179334769e-01   -1.7868956461e+00    4.4894436174e-03    1.2000000000e+01    8.1100249872e-05    1.0000000000e+00
       190   -6.1441172838e-01    4.8526136998e-01   -9.7791422780e-01    3.6350249943e-01    4.8940196872e-01    3.3179334769e-01   -1.7991314924e+00    2.1948207891e-05    1.2000000000e+01    8.2374500039e-05    1.0000000000e+00
       191   -7.7268720292e-01    6.1485206347e-01   -1.3011736533e+00    5.2848645040e-01    3.7238116874e-01    3.3179334769e-01   -2.0064478298e+00    1.0996600133e-03    1.2000000000e+01    8.3454499986e-05    9.7222222222e-01
       192   -6.7848937753e-01    5.3032101723e-01   -9.9071113302e-01    3.1222175548e-01    5.2237078616e-01    3.3179334769e-01   -1.8681456915e+00    2.3270424679e-02    1.2000000000e+01    7.9779500084e-05    1.0000000000e+00
       193   -7.2856631576e-01    6.4969824661e-01   -2.3580257049e+00    1.6294593891e+00    6.2935717847e-01    3.3179334769e-01   -3.3192376887e+00    6.1457622038e-05    1.2000000000e+01    7.6483750149e-05    9.7222222222e-01
       194   -7.5815737427e-01    5.9390710952e-01   -1.2774313808e+00    5.1927400652e-01    3.9842164159e-01    3.3179334769e-01   -2.0262775708e+00    1.8631200724e-02    1.2000000000e+01    9.5288249895e-05    9.8611111111e-01
       195   -7.0174414584e-01    5.0755819927e-01   -8.8243755691e-01    1.8069341107e-01    3.9397714040e-01    3.3179334769e-01   -1.7112332127e+00    1.0302516774e-01    1.2000000000e+01    9.0917249850e-05    1.0000000000e+00
       196   -7.8202263012e-01    6.4548581992e-01   -1.5550712752e+00    7.7304864512e-01    5.1288864410e-01    3.3179334769e-01   -2.4260892990e+00    2.6336032021e-02    1.2000000000e+01    9.5894999959e-05    9.7222222222e-01
       197   -7.6877895648e-01    6.7210883438e-01   -1.2798400430e+00    5.1106108650e-01    4.8485471152e-01    3.3179334769e-01   -2.0967421175e+00    2.5401527316e-04    1.2000000000e+01    9.5874750059e-05    1.0000000000e+00
       198   -7.5458925801e-01    5.8349891444e-01   -1.1071138522e+00    3.5252459424e-01    3.8720870797e-01    3.3179334769e-01   -1.8398420154e+00    1.3726107504e-02    1.2000000000e+01    9.1794999889e-05    1.0000000000e+00
       199   -5.9379929130e-01    4.6354444992e-01   -1.2006815741e+00    6.0688228281e-01    5.5683723953e-01    3.3179334769e-01   -2.0993854878e+00    1.0073326474e-02    1.2000000000e+01    8.6860749889e-05    9.8611111111e-01
