#   index    LocalEnergy         LocalEnergy_sq      LocalPotential      Kinetic             ElecElec            LocalECP            NonLocalECP         BlockWeight         BlockCPU            AcceptRatio         
         0   -4.6519030343e+01    2.1645765939e+03   -6.5790089513e+01    1.9271059170e+01    3.0242087479e+01   -1.0436806589e+02    8.3358889023e+00    4.0954300000e+05    1.0914752352e+00    9.9350809279e-01
         1   -4.6524986263e+01    2.1651551798e+03   -6.5910554335e+01    1.9385568071e+01    3.0263763118e+01   -1.0454066178e+02    8.3663443314e+00    4.0957600000e+05    1.1161139616e+00    9.9343359552e-01
         2   -4.6521327676e+01    2.1647925224e+03   -6.5725214657e+01    1.9203886981e+01    3.0176499496e+01   -1.0417194005e+02    8.2702258935e+00    4.0837600000e+05    1.0559125959e+00    9.9354554436e-01
         3   -4.6524446365e+01    2.1651195147e+03   -6.5671762623e+01    1.9147316258e+01    3.0133653865e+01   -1.0403443450e+02    8.2290180136e+00    4.0914800000e+05    1.0519893367e+00    9.9349361182e-01
         4   -4.6519995643e+01    2.1647217095e+03   -6.5756111561e+01    1.9236115918e+01    3.0177811767e+01   -1.0418345093e+02    8.2495276035e+00    4.1121800000e+05    1.0502946903e+00    9.9335892026e-01
         5   -4.6517526645e+01    2.1644105926e+03   -6.5703184236e+01    1.9185657591e+01    3.0160033700e+01   -1.0406504758e+02    8.2018296433e+00    4.1169400000e+05    1.1149817517e+00    9.9349103302e-01
         6   -4.6517373815e+01    2.1644371193e+03   -6.5793633867e+01    1.9276260052e+01    3.0227449508e+01   -1.0429148719e+02    8.2704038196e+00    4.1036200000e+05    1.0621917480e+00    9.9343715776e-01
         7   -4.6518816132e+01    2.1645867002e+03   -6.5747798431e+01    1.9228982299e+01    3.0179968091e+01   -1.0411992084e+02    8.1921543193e+00    4.1183100000e+05    1.0683182899e+00    9.9342572761e-01
         8   -4.6523279681e+01    2.1649717650e+03   -6.5720689211e+01    1.9197409530e+01    3.0196064221e+01   -1.0410578922e+02    8.1890357905e+00    4.1082800000e+05    1.0551736434e+00    9.9355852737e-01
         9   -4.6514011467e+01    2.1640911169e+03   -6.5819761269e+01    1.9305749802e+01    3.0241738668e+01   -1.0422023603e+02    8.1587360949e+00    4.1236000000e+05    1.0656406971e+00    9.9349606079e-01
        10   -4.6515954785e+01    2.1642948975e+03   -6.5660943948e+01    1.9144989163e+01    3.0179727216e+01   -1.0403934176e+02    8.1986705916e+00    4.1098400000e+05    1.0532693219e+00    9.9359493209e-01
        11   -4.6522106270e+01    2.1648732578e+03   -6.5871922744e+01    1.9349816474e+01    3.0254623020e+01   -1.0437542474e+02    8.2488789776e+00    4.1498800000e+05    1.0652049219e+00    9.9344815273e-01
        12   -4.6521748346e+01    2.1648647919e+03   -6.5802326694e+01    1.9280578349e+01    3.0223135376e+01   -1.0423500406e+02    8.2095419941e+00    4.1054000000e+05    1.1787544550e+00    9.9347996507e-01
        13   -4.6520210015e+01    2.1647035124e+03   -6.5718671088e+01    1.9198461073e+01    3.0195604966e+01   -1.0421442231e+02    8.3001462527e+00    4.1059300000e+05    1.1460355183e+00    9.9341221769e-01
        14   -4.6523082746e+01    2.1649556828e+03   -6.5685597280e+01    1.9162514534e+01    3.0205645408e+01   -1.0413365203e+02    8.2424093465e+00    4.1254300000e+05    1.1773934325e+00    9.9345700893e-01
        15   -4.6525198277e+01    2.1651293128e+03   -6.5712033954e+01    1.9186835677e+01    3.0198519645e+01   -1.0411305241e+02    8.2024988127e+00    4.0961700000e+05    1.0544680633e+00    9.9351637398e-01
        16   -4.6527413201e+01    2.1654070667e+03   -6.5682070914e+01    1.9154657713e+01    3.0185422089e+01   -1.0408175107e+02    8.2142580646e+00    4.0869600000e+05    1.0695056398e+00    9.9356859264e-01
        17   -4.6519521032e+01    2.1646284881e+03   -6.5690092527e+01    1.9170571494e+01    3.0207614373e+01   -1.0411354566e+02    8.2158387617e+00    4.1033900000e+05    1.0644797174e+00    9.9352400031e-01
        18   -4.6524253016e+01    2.1650682293e+03   -6.5735221087e+01    1.9210968071e+01    3.0183090439e+01   -1.0413349182e+02    8.2151802978e+00    4.0933800000e+05    1.1110896214e+00    9.9349676070e-01
        19   -4.6520890080e+01    2.1647677288e+03   -6.5709824981e+01    1.9188934901e+01    3.0191091011e+01   -1.0415678965e+02    8.2558736554e+00    4.0892100000e+05    1.0666776580e+00    9.9352932848e-01
        20   -4.6525589134e+01    2.1652339287e+03   -6.5736468034e+01    1.9210878899e+01    3.0176903241e+01   -1.0421391339e+02    8.3005421151e+00    4.0889300000e+05    1.1063842747e+00    9.9348577490e-01
        21   -4.6518138885e+01    2.1644984794e+03   -6.5662018520e+01    1.9143879636e+01    3.0215703565e+01   -1.0418858368e+02    8.3108615924e+00    4.1123500000e+05    1.0527581800e+00    9.9347799722e-01
        22   -4.6521090183e+01    2.1647922449e+03   -6.5807164809e+01    1.9286074627e+01    3.0239388789e+01   -1.0434693653e+02    8.3003829267e+00    4.0988000000e+05    1.0901186703e+00    9.9349284157e-01
        23   -4.6519118832e+01    2.1646129008e+03   -6.5695619231e+01    1.9176500399e+01    3.0184366007e+01   -1.0412394805e+02    8.2439628095e+00    4.0800700000e+05    1.0501346536e+00    9.9355745195e-01
        24   -4.6519383375e+01    2.1646231137e+03   -6.5681800646e+01    1.9162417271e+01    3.0156334671e+01   -1.0407338094e+02    8.2352456234e+00    4.1192000000e+05    1.0707319063e+00    9.9347461695e-01
        25   -4.6520165477e+01    2.1646553881e+03   -6.5629996516e+01    1.9109831039e+01    3.0169574596e+01   -1.0399396153e+02    8.1943904190e+00    4.0646500000e+05    1.0542526661e+00    9.9359612588e-01
        26   -4.6520215210e+01    2.1646780057e+03   -6.5714405794e+01    1.9194190584e+01    3.0237373410e+01   -1.0419154560e+02    8.2397663942e+00    4.0087200000e+05    1.0484846629e+00    9.9344044232e-01
        27   -4.6519595974e+01    2.1646276401e+03   -6.5708343508e+01    1.9188747534e+01    3.0166854518e+01   -1.0409098818e+02    8.2157901538e+00    4.0819500000e+05    1.0621669897e+00    9.9350229086e-01
        28   -4.6521032304e+01    2.1647764541e+03   -6.5735385215e+01    1.9214352912e+01    3.0152519447e+01   -1.0399376464e+02    8.1058599817e+00    4.0571900000e+05    1.0435357795e+00    9.9353513555e-01
        29   -4.6513893878e+01    2.1641495920e+03   -6.5703415343e+01    1.9189521464e+01    3.0138443813e+01   -1.0398280559e+02    8.1409464344e+00    4.0608500000e+05    1.0544233265e+00    9.9349899212e-01
        30   -4.6521382185e+01    2.1648127523e+03   -6.5801376758e+01    1.9279994573e+01    3.0172813496e+01   -1.0427297710e+02    8.2987868484e+00    4.0703700000e+05    1.0535294957e+00    9.9347626744e-01
        31   -4.6525971328e+01    2.1652090807e+03   -6.5797015611e+01    1.9271044283e+01    3.0185179183e+01   -1.0423268883e+02    8.2504940374e+00    4.0721500000e+05    1.0357253227e+00    9.9348854263e-01
        32   -4.6529245110e+01    2.1655334308e+03   -6.5755084224e+01    1.9225839114e+01    3.0180369332e+01   -1.0423581787e+02    8.3003643183e+00    4.1050000000e+05    1.0759469845e+00    9.9348103121e-01
        33   -4.6524288217e+01    2.1650304558e+03   -6.5522456669e+01    1.8998168452e+01    3.0031792800e+01   -1.0376890600e+02    8.2146565273e+00    4.0717300000e+05    1.0457254622e+00    9.9357492839e-01
        34   -4.6523486973e+01    2.1649966421e+03   -6.5662364569e+01    1.9138877596e+01    3.0134578303e+01   -1.0400821426e+02    8.2112713853e+00    4.0847500000e+05    1.1794645501e+00    9.9352451397e-01
        35   -4.6523939226e+01    2.1650436488e+03   -6.5706906641e+01    1.9182967415e+01    3.0139180082e+01   -1.0406202981e+02    8.2159430876e+00    4.0868700000e+05    1.2987920914e+00    9.9344088349e-01
        36   -4.6522355559e+01    2.1648955113e+03   -6.5633236636e+01    1.9110881076e+01    3.0154789256e+01   -1.0408462102e+02    8.2965951275e+00    4.1076500000e+05    1.0465893780e+00    9.9343195194e-01
        37   -4.6526371652e+01    2.1652814385e+03   -6.5774782452e+01    1.9248410800e+01    3.0176546021e+01   -1.0426586724e+02    8.3145387700e+00    4.1086500000e+05    1.0413748451e+00    9.9342556866e-01
        38   -4.6526126389e+01    2.1652484130e+03   -6.5673820460e+01    1.9147694071e+01    3.0102695526e+01   -1.0399296119e+02    8.2164452057e+00    4.1044100000e+05    1.1518230811e+00    9.9354639870e-01
        39   -4.6520718383e+01    2.1647137902e+03   -6.5745411866e+01    1.9224693483e+01    3.0205061752e+01   -1.0418775305e+02    8.2372794346e+00    4.1274900000e+05    1.0784535395e+00    9.9353424334e-01
        40   -4.6524434983e+01    2.1650841666e+03   -6.5813277424e+01    1.9288842440e+01    3.0235112620e+01   -1.0425924277e+02    8.2108527290e+00    4.1049400000e+05    1.0722315382e+00    9.9344318805e-01
        41   -4.6518742358e+01    2.1645559240e+03   -6.5705085817e+01    1.9186343459e+01    3.0195324875e+01   -1.0408143156e+02    8.1810208710e+00    4.0712900000e+05    1.0478542167e+00    9.9354901800e-01
        42   -4.6520080477e+01    2.1646753404e+03   -6.5743082213e+01    1.9223001737e+01    3.0218347900e+01   -1.0423861503e+02    8.2771849208e+00    4.0668600000e+05    1.0962682529e+00    9.9345256296e-01
        43   -4.6523238412e+01    2.1649669667e+03   -6.5721110928e+01    1.9197872516e+01    3.0229508789e+01   -1.0420825198e+02    8.2576322617e+00    4.0872700000e+05    1.0539871546e+00    9.9350805595e-01
        44   -4.6523594691e+01    2.1650308118e+03   -6.5715848796e+01    1.9192254105e+01    3.0150347737e+01   -1.0405095118e+02    8.1847546485e+00    4.1162300000e+05    1.0492907079e+00    9.9354193464e-01
        45   -4.6518444024e+01    2.1645601527e+03   -6.5746762474e+01    1.9228318450e+01    3.0174863254e+01   -1.0413409304e+02    8.2124673070e+00    4.1426600000e+05    1.0605678225e+00    9.9346568097e-01
        46   -4.6517929231e+01    2.1644916338e+03   -6.5690052141e+01    1.9172122909e+01    3.0189209954e+01   -1.0413038138e+02    8.2511192864e+00    4.1013100000e+05    1.0641500095e+00    9.9350779326e-01
        47   -4.6524577961e+01    2.1651080785e+03   -6.5756684586e+01    1.9232106625e+01    3.0154474297e+01   -1.0410859056e+02    8.1974316757e+00    4.0515600000e+05    1.0392498045e+00    9.9358153531e-01
        48   -4.6525111315e+01    2.1651299920e+03   -6.5694052283e+01    1.9168940967e+01    3.0116574470e+01   -1.0399583298e+02    8.1852062266e+00    4.0535300000e+05    1.0535806886e+00    9.9347982444e-01
        49   -4.6518306324e+01    2.1644840860e+03   -6.5658571092e+01    1.9140264768e+01    3.0092089121e+01   -1.0398130297e+02    8.2306427592e+00    4.0499300000e+05    1.0260215516e+00    9.9353700381e-01
        50   -4.6523373428e+01    2.1650189413e+03   -6.5740528285e+01    1.9217154857e+01    3.0113778748e+01   -1.0407452956e+02    8.2202225235e+00    4.0872700000e+05    1.1103167161e+00    9.9341417412e-01
        51   -4.6523287905e+01    2.1649823699e+03   -6.5660232543e+01    1.9136944638e+01    3.0118434080e+01   -1.0402871033e+02    8.2500437059e+00    4.0720800000e+05    1.0506070550e+00    9.9353955959e-01
        52   -4.6521031135e+01    2.1648145793e+03   -6.5653313915e+01    1.9132282780e+01    3.0151363625e+01   -1.0398671835e+02    8.1820408106e+00    4.0691500000e+05    1.0538674106e+00    9.9355939773e-01
        53   -4.6525357325e+01    2.1651653770e+03   -6.5663057660e+01    1.9137700335e+01    3.0161360492e+01   -1.0405869127e+02    8.2342731141e+00    4.1053800000e+05    1.0414325713e+00    9.9349069915e-01
        54   -4.6521514685e+01    2.1648033824e+03   -6.5677307212e+01    1.9155792527e+01    3.0164970177e+01   -1.0409283510e+02    8.2505577070e+00    4.0982300000e+05    1.0602074401e+00    9.9349363846e-01
        55   -4.6522411945e+01    2.1649119518e+03   -6.5788710504e+01    1.9266298559e+01    3.0213932210e+01   -1.0429296016e+02    8.2903174502e+00    4.1038900000e+05    1.0726615418e+00    9.9340220226e-01
        56   -4.6518286690e+01    2.1645037153e+03   -6.5731788415e+01    1.9213501724e+01    3.0199902881e+01   -1.0419106886e+02    8.2593775620e+00    4.0809400000e+05    1.0754206259e+00    9.9354947703e-01
        57   -4.6517128089e+01    2.1643919681e+03   -6.5600012600e+01    1.9082884511e+01    3.0168393673e+01   -1.0396040363e+02    8.1919973599e+00    4.0912000000e+05    1.0595638923e+00    9.9353155991e-01
        58   -4.6515184453e+01    2.1642175328e+03   -6.5680429597e+01    1.9165245144e+01    3.0225808021e+01   -1.0412462345e+02    8.2183858361e+00    4.0900800000e+05    1.0710492476e+00    9.9347527553e-01
        59   -4.6518561253e+01    2.1645530751e+03   -6.5674795438e+01    1.9156234184e+01    3.0206718580e+01   -1.0414614293e+02    8.2646289084e+00    4.0994000000e+05    1.0707358043e+00    9.9351313776e-01
        60   -4.6522004990e+01    2.1648743363e+03   -6.5721989674e+01    1.9199984684e+01    3.0177476714e+01   -1.0417511223e+02    8.2756458440e+00    4.1105500000e+05    1.1883276372e+00    9.9351219668e-01
        61   -4.6520489645e+01    2.1647343991e+03   -6.5727783775e+01    1.9207294130e+01    3.0159746453e+01   -1.0419955648e+02    8.3120262468e+00    4.1100300000e+05    1.0383475085e+00    9.9349430041e-01
        62   -4.6516965295e+01    2.1643990264e+03   -6.5643274334e+01    1.9126309039e+01    3.0182511699e+01   -1.0400166535e+02    8.1758793195e+00    4.1137800000e+05    1.0397655697e+00    9.9350880427e-01
        63   -4.6519225132e+01    2.1645982057e+03   -6.5770053665e+01    1.9250828533e+01    3.0253478190e+01   -1.0420600066e+02    8.1824688009e+00    4.0810200000e+05    1.1082912657e+00    9.9356173362e-01
        64   -4.6522069960e+01    2.1649086024e+03   -6.5708575744e+01    1.9186505785e+01    3.0228316455e+01   -1.0425090241e+02    8.3140102123e+00    4.0966900000e+05    1.0527230817e+00    9.9345514333e-01
        65   -4.6517733169e+01    2.1644932674e+03   -6.5734869744e+01    1.9217136574e+01    3.0202594529e+01   -1.0414838556e+02    8.2109212853e+00    4.1001600000e+05    1.0493959938e+00    9.9358024935e-01
        66   -4.6520411617e+01    2.1647243172e+03   -6.5712714680e+01    1.9192303063e+01    3.0197486036e+01   -1.0415918416e+02    8.2489834465e+00    4.0958800000e+05    1.0512577230e+00    9.9347655827e-01
        67   -4.6521273573e+01    2.1647674138e+03   -6.5603290744e+01    1.9082017171e+01    3.0110999592e+01   -1.0384552037e+02    8.1312300362e+00    4.0562400000e+05    1.1327683268e+00    9.9359586688e-01
        68   -4.6519609812e+01    2.1646140627e+03   -6.5597743114e+01    1.9078133302e+01    3.0091674626e+01   -1.0389246156e+02    8.2030438237e+00    4.0823800000e+05    1.0624214301e+00    9.9354586293e-01
        69   -4.6521610002e+01    2.1648376962e+03   -6.5579470834e+01    1.9057860833e+01    3.0060475681e+01   -1.0390476412e+02    8.2648176033e+00    4.0888700000e+05    1.0537931086e+00    9.9348164296e-01
        70   -4.6523155785e+01    2.1649544997e+03   -6.5669806549e+01    1.9146650764e+01    3.0087885180e+01   -1.0386378188e+02    8.1060901508e+00    4.0762400000e+05    1.0505509363e+00    9.9353493677e-01
        71   -4.6522637590e+01    2.1649528100e+03   -6.5678941287e+01    1.9156303697e+01    3.0220730089e+01   -1.0421253676e+02    8.3128653888e+00    4.0920300000e+05    1.0485585669e+00    9.9348942985e-01
        72   -4.6520859339e+01    2.1647785953e+03   -6.5700920069e+01    1.9180060730e+01    3.0216709911e+01   -1.0421539176e+02    8.2977617799e+00    4.1113600000e+05    1.1249555853e+00    9.9349821986e-01
        73   -4.6521483499e+01    2.1648178408e+03   -6.5624867138e+01    1.9103383639e+01    3.0155757631e+01   -1.0403035681e+02    8.2497320423e+00    4.0997900000e+05    1.0451972507e+00    9.9352762643e-01
        74   -4.6522541979e+01    2.1649080130e+03   -6.5706557688e+01    1.9184015708e+01    3.0222961979e+01   -1.0421102770e+02    8.2815080320e+00    4.0893800000e+05    1.0509054735e+00    9.9348955417e-01
        75   -4.6527680711e+01    2.1654011859e+03   -6.5805635749e+01    1.9277955037e+01    3.0228459872e+01   -1.0431361072e+02    8.2795150978e+00    4.1100500000e+05    1.0615534090e+00    9.9345610854e-01
        76   -4.6520352238e+01    2.1647274649e+03   -6.5789579594e+01    1.9269227356e+01    3.0255095824e+01   -1.0428266631e+02    8.2379908945e+00    4.1158400000e+05    1.0675627094e+00    9.9354726570e-01
        77   -4.6521044815e+01    2.1647748349e+03   -6.5666724185e+01    1.9145679370e+01    3.0143868635e+01   -1.0402941919e+02    8.2188263702e+00    4.1262000000e+05    1.0520759440e+00    9.9354807518e-01
        78   -4.6517502709e+01    2.1644447456e+03   -6.5627763250e+01    1.9110260541e+01    3.0183771118e+01   -1.0399940279e+02    8.1878684247e+00    4.0861900000e+05    1.0415332089e+00    9.9352200732e-01
        79   -4.6517406946e+01    2.1644330814e+03   -6.5675244626e+01    1.9157837680e+01    3.0205539499e+01   -1.0410176001e+02    8.2209758824e+00    4.1107000000e+05    1.0623381366e+00    9.9354939880e-01
        80   -4.6523412260e+01    2.1649772986e+03   -6.5728121313e+01    1.9204709053e+01    3.0136574387e+01   -1.0402703114e+02    8.1623354358e+00    4.0930200000e+05    1.0542393436e+00    9.9359037379e-01
        81   -4.6521129277e+01    2.1647705024e+03   -6.5760621038e+01    1.9239491761e+01    3.0176452912e+01   -1.0415374097e+02    8.2166670174e+00    4.0907700000e+05    1.0930325503e+00    9.9353044850e-01
        82   -4.6530283613e+01    2.1656416883e+03   -6.5764498680e+01    1.9234215067e+01    3.0183099887e+01   -1.0419150845e+02    8.2439098859e+00    4.1106200000e+05    1.0339162735e+00    9.9355024667e-01
        83   -4.6521902403e+01    2.1648374936e+03   -6.5718764879e+01    1.9196862476e+01    3.0154874438e+01   -1.0407325460e+02    8.1996152876e+00    4.1040100000e+05    1.0630164392e+00    9.9355041092e-01
        84   -4.6524885041e+01    2.1651268550e+03   -6.5685522972e+01    1.9160637931e+01    3.0152726722e+01   -1.0406864833e+02    8.2303986319e+00    4.0912300000e+05    1.0374832929e+00    9.9352044235e-01
        85   -4.6517783825e+01    2.1644919684e+03   -6.5714634536e+01    1.9196850711e+01    3.0179820436e+01   -1.0408166778e+02    8.1872128071e+00    4.0717800000e+05    1.2329254321e+00    9.9356075236e-01
        86   -4.6519476188e+01    2.1646412266e+03   -6.5641651587e+01    1.9122175399e+01    3.0195245881e+01   -1.0409310095e+02    8.2562034861e+00    4.0852300000e+05    1.1708460503e+00    9.9353134576e-01
        87   -4.6525409161e+01    2.1651807798e+03   -6.5693270708e+01    1.9167861547e+01    3.0144005432e+01   -1.0410490614e+02    8.2676300008e+00    4.0799900000e+05    1.0434015893e+00    9.9341900253e-01
        88   -4.6521469499e+01    2.1648056218e+03   -6.5682411089e+01    1.9160941590e+01    3.0164436383e+01   -1.0413788679e+02    8.2910393171e+00    4.1169000000e+05    1.0567666682e+00    9.9351994169e-01
        89   -4.6522119689e+01    2.1648846435e+03   -6.5609288652e+01    1.9087168963e+01    3.0124490547e+01   -1.0398925375e+02    8.2554745513e+00    4.1011500000e+05    1.0513549057e+00    9.9350158470e-01
        90   -4.6524663012e+01    2.1650841337e+03   -6.5568510494e+01    1.9043847482e+01    3.0108578186e+01   -1.0387329671e+02    8.1962080307e+00    4.0882400000e+05    1.0672740739e+00    9.9356346641e-01
        91   -4.6525819024e+01    2.1652014859e+03   -6.5650830920e+01    1.9125011896e+01    3.0175561314e+01   -1.0411610062e+02    8.2897083881e+00    4.1152600000e+05    1.0587018382e+00    9.9350545376e-01
        92   -4.6518235791e+01    2.1645794904e+03   -6.5673764342e+01    1.9155528551e+01    3.0194553997e+01   -1.0397672672e+02    8.1084083841e+00    4.1073700000e+05    1.0458951023e+00    9.9353827110e-01
        93   -4.6524101840e+01    2.1650592330e+03   -6.5701648983e+01    1.9177547143e+01    3.0194118107e+01   -1.0412307039e+02    8.2273033035e+00    4.1139600000e+05    1.0726819762e+00    9.9345907210e-01
        94   -4.6518970953e+01    2.1645697950e+03   -6.5653298062e+01    1.9134327110e+01    3.0189181159e+01   -1.0407699913e+02    8.2345199123e+00    4.1118600000e+05    1.1376213681e+00    9.9355587845e-01
        95   -4.6525265012e+01    2.1651927997e+03   -6.5720623950e+01    1.9195358938e+01    3.0195228907e+01   -1.0417848503e+02    8.2626321699e+00    4.0678200000e+05    1.0409128885e+00    9.9348549083e-01
        96   -4.6523811295e+01    2.1650316120e+03   -6.5706775369e+01    1.9182964074e+01    3.0153123509e+01   -1.0410920804e+02    8.2493091628e+00    4.0794300000e+05    1.0408572914e+00    9.9343472247e-01
        97   -4.6515253410e+01    2.1642774534e+03   -6.5694608008e+01    1.9179354598e+01    3.0147137559e+01   -1.0400611807e+02    8.1643725022e+00    4.0798300000e+05    1.0470737460e+00    9.9351520039e-01
        98   -4.6523566297e+01    2.1650131832e+03   -6.5750763344e+01    1.9227197047e+01    3.0235067619e+01   -1.0424821795e+02    8.2623869846e+00    4.0938200000e+05    1.1125975396e+00    9.9348530969e-01
        99   -4.6519187365e+01    2.1645602483e+03   -6.5594920794e+01    1.9075733428e+01    3.0178030917e+01   -1.0406804320e+02    8.2950914910e+00    4.0943800000e+05    1.0536607329e+00    9.9351766160e-01
