#   index    LocalEnergy         LocalEnergy_sq      LocalPotential      Kinetic             ElecElec            LocalECP            NonLocalECP         BlockWeight         BlockCPU            AcceptRatio         
         0   -4.6516568573e+01    2.1643474631e+03   -6.5708801386e+01    1.9192232814e+01    3.0193427090e+01   -1.0405444826e+02    8.1522197800e+00    8.1921500000e+05    2.2007105000e+00    9.9746600190e-01
         1   -4.6517808466e+01    2.1644382917e+03   -6.5706851542e+01    1.9189043076e+01    3.0192102764e+01   -1.0403474839e+02    8.1357940796e+00    8.2196100000e+05    2.1192645045e+00    9.9744230143e-01
         2   -4.6523713149e+01    2.1650319725e+03   -6.5679554015e+01    1.9155840866e+01    3.0154100172e+01   -1.0400350935e+02    8.1698551678e+00    8.1861900000e+05    2.1093720233e+00    9.9745338298e-01
         3   -4.6520792394e+01    2.1647656508e+03   -6.5578693923e+01    1.9057901529e+01    3.0123917421e+01   -1.0391239284e+02    8.2097814997e+00    8.2006300000e+05    2.1462143541e+00    9.9743620387e-01
         4   -4.6524302457e+01    2.1650755384e+03   -6.5618869224e+01    1.9094566767e+01    3.0141761319e+01   -1.0399774060e+02    8.2371100525e+00    8.1865100000e+05    2.0747823093e+00    9.9743603303e-01
         5   -4.6518552715e+01    2.1645342319e+03   -6.5681198209e+01    1.9162645494e+01    3.0151369765e+01   -1.0402427734e+02    8.1917093611e+00    8.1875400000e+05    2.3594405178e+00    9.9743460097e-01
         6   -4.6520763634e+01    2.1647320052e+03   -6.5623278008e+01    1.9102514374e+01    3.0139818324e+01   -1.0389050915e+02    8.1274128141e+00    8.1855600000e+05    2.1083441324e+00    9.9741705113e-01
         7   -4.6518531411e+01    2.1645737760e+03   -6.5667728431e+01    1.9149197020e+01    3.0139281645e+01   -1.0415652746e+02    8.3495173828e+00    8.1949100000e+05    2.1478184286e+00    9.9743170502e-01
         8   -4.6517535687e+01    2.1644441838e+03   -6.5675163395e+01    1.9157627708e+01    3.0172620391e+01   -1.0407847449e+02    8.2306907025e+00    8.1764600000e+05    2.0982103790e+00    9.9739285046e-01
         9   -4.6517929166e+01    2.1644861508e+03   -6.5702389883e+01    1.9184460717e+01    3.0144748455e+01   -1.0413986948e+02    8.2927311397e+00    8.1528600000e+05    2.1162188461e+00    9.9740468419e-01
        10   -4.6520637846e+01    2.1647668953e+03   -6.5600381922e+01    1.9079744076e+01    3.0119546769e+01   -1.0398884855e+02    8.2689198554e+00    8.1818700000e+05    2.2168927491e+00    9.9742589479e-01
        11   -4.6518003250e+01    2.1644878704e+03   -6.5704636369e+01    1.9186633119e+01    3.0193473838e+01   -1.0420593400e+02    8.3078237961e+00    8.2418900000e+05    2.1169585450e+00    9.9743985856e-01
        12   -4.6523846119e+01    2.1650308372e+03   -6.5668352228e+01    1.9144506109e+01    3.0187422509e+01   -1.0408895545e+02    8.2331807142e+00    8.1671800000e+05    2.1330772117e+00    9.9740938407e-01
        13   -4.6520915296e+01    2.1647570639e+03   -6.5673054731e+01    1.9152139435e+01    3.0161523655e+01   -1.0408308556e+02    8.2485071732e+00    8.1136000000e+05    2.1307907087e+00    9.9743782577e-01
        14   -4.6524365254e+01    2.1650303534e+03   -6.5654264772e+01    1.9129899518e+01    3.0095227122e+01   -1.0389607525e+02    8.1465833562e+00    8.2145100000e+05    2.1421373241e+00    9.9745653632e-01
        15   -4.6520483032e+01    2.1647081195e+03   -6.5674104509e+01    1.9153621477e+01    3.0170966713e+01   -1.0401708767e+02    8.1720164496e+00    8.2298800000e+05    2.1158854440e+00    9.9741337004e-01
        16   -4.6521220429e+01    2.1647882973e+03   -6.5803751995e+01    1.9282531566e+01    3.0240215714e+01   -1.0437129936e+02    8.3273316513e+00    8.2436900000e+05    2.1008206304e+00    9.9740754712e-01
        17   -4.6518780418e+01    2.1645506100e+03   -6.5721709149e+01    1.9202928731e+01    3.0226802491e+01   -1.0423707970e+02    8.2885680596e+00    8.2831400000e+05    2.1492552972e+00    9.9741081996e-01
        18   -4.6518193034e+01    2.1645043363e+03   -6.5730708440e+01    1.9212515406e+01    3.0234701757e+01   -1.0424523271e+02    8.2798225128e+00    8.2401300000e+05    2.1789250106e+00    9.9743543512e-01
        19   -4.6516293273e+01    2.1643119563e+03   -6.5660550671e+01    1.9144257398e+01    3.0146917233e+01   -1.0402894793e+02    8.2214800273e+00    8.1601000000e+05    2.3039831041e+00    9.9745491077e-01
        20   -4.6519186564e+01    2.1646328120e+03   -6.5675077595e+01    1.9155891031e+01    3.0140605115e+01   -1.0401649844e+02    8.2008157351e+00    8.1731200000e+05    2.1309712240e+00    9.9746545793e-01
        21   -4.6527900502e+01    2.1654167302e+03   -6.5662552335e+01    1.9134651833e+01    3.0133931689e+01   -1.0392372034e+02    8.1272363137e+00    8.2716400000e+05    2.1504213727e+00    9.9742874664e-01
        22   -4.6522867817e+01    2.1649477550e+03   -6.5634855084e+01    1.9111987267e+01    3.0132527730e+01   -1.0406995673e+02    8.3025739128e+00    8.2542200000e+05    2.1183542324e+00    9.9739083560e-01
        23   -4.6519804451e+01    2.1646407177e+03   -6.5702233846e+01    1.9182429395e+01    3.0145426955e+01   -1.0411616654e+02    8.2685057402e+00    8.1698900000e+05    2.2324724083e+00    9.9741009294e-01
        24   -4.6520171991e+01    2.1646779784e+03   -6.5677365329e+01    1.9157193338e+01    3.0127350282e+01   -1.0400421781e+02    8.1995021967e+00    8.1081500000e+05    2.1085367413e+00    9.9745052986e-01
        25   -4.6522409258e+01    2.1649183573e+03   -6.5708878128e+01    1.9186468870e+01    3.0216788772e+01   -1.0427045511e+02    8.3447882130e+00    8.1864700000e+05    2.1322747859e+00    9.9738986065e-01
        26   -4.6515645799e+01    2.1642663397e+03   -6.5665837207e+01    1.9150191408e+01    3.0166916846e+01   -1.0412521982e+02    8.2924657715e+00    8.1772000000e+05    2.1679096472e+00    9.9741504121e-01
        27   -4.6521325224e+01    2.1648417555e+03   -6.5790281140e+01    1.9268955915e+01    3.0200388022e+01   -1.0422022569e+02    8.2295565286e+00    8.2028500000e+05    2.1254857476e+00    9.9742375517e-01
        28   -4.6510754571e+01    2.1638233240e+03   -6.5731457569e+01    1.9220702998e+01    3.0182083293e+01   -1.0416125418e+02    8.2477133175e+00    8.1905300000e+05    2.1326783348e+00    9.9741818135e-01
        29   -4.6523241698e+01    2.1649592922e+03   -6.5700771399e+01    1.9177529700e+01    3.0196788092e+01   -1.0411004269e+02    8.2124831974e+00    8.1449400000e+05    2.0909567940e+00    9.9740022482e-01
        30   -4.6514009407e+01    2.1641133079e+03   -6.5601148833e+01    1.9087139427e+01    3.0146386001e+01   -1.0391403187e+02    8.1664970371e+00    8.1099700000e+05    2.1218591696e+00    9.9746098925e-01
        31   -4.6520235176e+01    2.1646911029e+03   -6.5669409187e+01    1.9149174011e+01    3.0152864841e+01   -1.0404324247e+02    8.2209684468e+00    8.1943600000e+05    2.0929663812e+00    9.9742921944e-01
        32   -4.6520561317e+01    2.1647082865e+03   -6.5709722434e+01    1.9189161118e+01    3.0172141110e+01   -1.0412802484e+02    8.2461612917e+00    8.1562100000e+05    2.3653168258e+00    9.9745764359e-01
        33   -4.6522287022e+01    2.1648854087e+03   -6.5771522826e+01    1.9249235804e+01    3.0187718956e+01   -1.0418731365e+02    8.2280718662e+00    8.0965800000e+05    2.0598590409e+00    9.9741135474e-01
        34   -4.6524907818e+01    2.1651514118e+03   -6.5835538617e+01    1.9310630799e+01    3.0287659261e+01   -1.0443678322e+02    8.3135853446e+00    8.1502400000e+05    2.1024653351e+00    9.9741059310e-01
        35   -4.6522489179e+01    2.1649250528e+03   -6.5710647404e+01    1.9188158225e+01    3.0217373916e+01   -1.0419812883e+02    8.2701075121e+00    8.2315800000e+05    2.1503270444e+00    9.9741515152e-01
        36   -4.6523188766e+01    2.1649725571e+03   -6.5750916163e+01    1.9227727397e+01    3.0187544465e+01   -1.0421854083e+02    8.2800802049e+00    8.1917800000e+05    2.1186720497e+00    9.9743921281e-01
        37   -4.6520890046e+01    2.1647457617e+03   -6.5655299703e+01    1.9134409657e+01    3.0129347029e+01   -1.0400290317e+02    8.2182564397e+00    8.1993700000e+05    2.1552321639e+00    9.9744411801e-01
        38   -4.6517270231e+01    2.1644212727e+03   -6.5670447635e+01    1.9153177404e+01    3.0164725105e+01   -1.0406555873e+02    8.2303859895e+00    8.1664500000e+05    2.1157376705e+00    9.9743141113e-01
        39   -4.6523572134e+01    2.1649978403e+03   -6.5750622818e+01    1.9227050684e+01    3.0181453493e+01   -1.0411932263e+02    8.1872463163e+00    8.1989000000e+05    2.1599872919e+00    9.9745713013e-01
        40   -4.6521967108e+01    2.1649128365e+03   -6.5783005066e+01    1.9261037958e+01    3.0216130527e+01   -1.0426859782e+02    8.2694622295e+00    8.1499200000e+05    2.0948108720e+00    9.9742471151e-01
        41   -4.6522569048e+01    2.1648868930e+03   -6.5721423601e+01    1.9198854553e+01    3.0179624820e+01   -1.0418309146e+02    8.2820430394e+00    8.2138500000e+05    2.1094158901e+00    9.9741945138e-01
        42   -4.6521708412e+01    2.1648479567e+03   -6.5689022803e+01    1.9167314391e+01    3.0193409530e+01   -1.0412052981e+02    8.2380974761e+00    8.2001100000e+05    2.1320443543e+00    9.9743546291e-01
        43   -4.6526446392e+01    2.1652803889e+03   -6.5643691476e+01    1.9117245085e+01    3.0116455548e+01   -1.0399268772e+02    8.2325406974e+00    8.2129200000e+05    2.1327445406e+00    9.9744062904e-01
        44   -4.6521929171e+01    2.1648718267e+03   -6.5608044222e+01    1.9086115050e+01    3.0111642198e+01   -1.0395731588e+02    8.2376294624e+00    8.2220500000e+05    2.1585705521e+00    9.9740441651e-01
        45   -4.6520225567e+01    2.1647222089e+03   -6.5756796053e+01    1.9236570486e+01    3.0205985290e+01   -1.0420091539e+02    8.2381340426e+00    8.2111700000e+05    2.3344059639e+00    9.9744253449e-01
        46   -4.6517377273e+01    2.1644258178e+03   -6.5595175496e+01    1.9077798223e+01    3.0150870226e+01   -1.0399963493e+02    8.2535892058e+00    8.1521900000e+05    2.2350853480e+00    9.9741806543e-01
        47   -4.6515915347e+01    2.1643097898e+03   -6.5694921788e+01    1.9179006441e+01    3.0177326881e+01   -1.0412792373e+02    8.2556750613e+00    8.1358600000e+05    2.0804847996e+00    9.9742331360e-01
        48   -4.6519706969e+01    2.1646518936e+03   -6.5720193539e+01    1.9200486569e+01    3.0196085055e+01   -1.0410188388e+02    8.1856052857e+00    8.0973000000e+05    2.0881790343e+00    9.9740924612e-01
        49   -4.6514445714e+01    2.1641620680e+03   -6.5729820470e+01    1.9215374756e+01    3.0216582725e+01   -1.0414434283e+02    8.1979396376e+00    8.0466100000e+05    2.1215790133e+00    9.9742476856e-01
        50   -4.6512527383e+01    2.1640191650e+03   -6.5774793997e+01    1.9262266614e+01    3.0248552751e+01   -1.0435152113e+02    8.3281743805e+00    8.1336700000e+05    2.1115929226e+00    9.9743841475e-01
        51   -4.6521664874e+01    2.1648395132e+03   -6.5712596840e+01    1.9190931966e+01    3.0187709107e+01   -1.0408784596e+02    8.1875400131e+00    8.3061700000e+05    2.2095669346e+00    9.9739952513e-01
        52   -4.6518713742e+01    2.1645471465e+03   -6.5727405738e+01    1.9208691996e+01    3.0219127560e+01   -1.0415485258e+02    8.2083192783e+00    8.2937400000e+05    2.1177944357e+00    9.9743450718e-01
        53   -4.6522041085e+01    2.1648530555e+03   -6.5661398581e+01    1.9139357495e+01    3.0184081003e+01   -1.0413175971e+02    8.2862801240e+00    8.2434000000e+05    2.1172214523e+00    9.9746305300e-01
        54   -4.6520561107e+01    2.1647230836e+03   -6.5706170895e+01    1.9185609788e+01    3.0140527620e+01   -1.0407637649e+02    8.2296779765e+00    8.3022600000e+05    2.1107083160e+00    9.9743506820e-01
        55   -4.6518141306e+01    2.1644938533e+03   -6.5599493317e+01    1.9081352011e+01    3.0129921259e+01   -1.0399434726e+02    8.2649326893e+00    8.3150800000e+05    2.1142692439e+00    9.9746682534e-01
        56   -4.6520274616e+01    2.1646867975e+03   -6.5646144705e+01    1.9125870089e+01    3.0096204702e+01   -1.0385731891e+02    8.1149694989e+00    8.2466800000e+05    2.1510498484e+00    9.9740984929e-01
        57   -4.6512963733e+01    2.1640387699e+03   -6.5733477318e+01    1.9220513585e+01    3.0206134178e+01   -1.0425305862e+02    8.3134471218e+00    8.1472900000e+05    2.1078211959e+00    9.9741756877e-01
        58   -4.6521540726e+01    2.1648508917e+03   -6.5795544092e+01    1.9274003366e+01    3.0232035948e+01   -1.0422793324e+02    8.2003531988e+00    8.1550500000e+05    2.1529025010e+00    9.9744837039e-01
        59   -4.6525881279e+01    2.1652064123e+03   -6.5684794341e+01    1.9158913061e+01    3.0203332504e+01   -1.0424173997e+02    8.3536131256e+00    8.1664500000e+05    2.3317290062e+00    9.9738098023e-01
        60   -4.6524020132e+01    2.1650400882e+03   -6.5726377174e+01    1.9202357042e+01    3.0165595319e+01   -1.0411457718e+02    8.2226046916e+00    8.1985800000e+05    2.1867410786e+00    9.9743395787e-01
        61   -4.6523415704e+01    2.1650556426e+03   -6.5703067591e+01    1.9179651887e+01    3.0135631600e+01   -1.0397899982e+02    8.1403006318e+00    8.1980800000e+05    2.1125271237e+00    9.9742825211e-01
        62   -4.6523699394e+01    2.1650123894e+03   -6.5655582076e+01    1.9131882682e+01    3.0127465331e+01   -1.0395140212e+02    8.1683547095e+00    8.1853400000e+05    2.1096746711e+00    9.9745755605e-01
        63   -4.6518412199e+01    2.1645155723e+03   -6.5603305685e+01    1.9084893486e+01    3.0151069598e+01   -1.0393571425e+02    8.1813389697e+00    8.1974100000e+05    2.1952313158e+00    9.9743404085e-01
        64   -4.6522112719e+01    2.1648732582e+03   -6.5705920611e+01    1.9183807892e+01    3.0192720528e+01   -1.0414473544e+02    8.2460942966e+00    8.1970100000e+05    2.1050177615e+00    9.9742932869e-01
        65   -4.6525066286e+01    2.1651311481e+03   -6.5657786201e+01    1.9132719915e+01    3.0130002069e+01   -1.0400763903e+02    8.2198507568e+00    8.1849000000e+05    2.1287927404e+00    9.9740861064e-01
        66   -4.6524741059e+01    2.1651363878e+03   -6.5755739733e+01    1.9230998674e+01    3.0135945577e+01   -1.0416674692e+02    8.2750616123e+00    8.2335900000e+05    2.0927568771e+00    9.9743346058e-01
        67   -4.6520566996e+01    2.1647378193e+03   -6.5742276543e+01    1.9221709548e+01    3.0165262516e+01   -1.0415216194e+02    8.2446228797e+00    8.1967400000e+05    2.2083698104e+00    9.9742008861e-01
        68   -4.6520125009e+01    2.1647018682e+03   -6.5668305851e+01    1.9148180842e+01    3.0166002732e+01   -1.0414511429e+02    8.3108057053e+00    8.2149600000e+05    2.1038433559e+00    9.9743758603e-01
        69   -4.6520794230e+01    2.1647656732e+03   -6.5770424604e+01    1.9249630374e+01    3.0177254678e+01   -1.0418440343e+02    8.2367241442e+00    8.2946000000e+05    2.1090788083e+00    9.9741973457e-01
        70   -4.6519342591e+01    2.1646040747e+03   -6.5721977556e+01    1.9202634965e+01    3.0159285956e+01   -1.0407018310e+02    8.1889195909e+00    8.2579000000e+05    2.0978382944e+00    9.9742662439e-01
        71   -4.6523055510e+01    2.1649797764e+03   -6.5644964473e+01    1.9121908963e+01    3.0147162212e+01   -1.0408528221e+02    8.2931555265e+00    8.2362500000e+05    2.0889818533e+00    9.9742717265e-01
        72   -4.6518925398e+01    2.1645423530e+03   -6.5599546047e+01    1.9080620649e+01    3.0101747330e+01   -1.0385309577e+02    8.1518023900e+00    8.1297000000e+05    2.3210429523e+00    9.9742090166e-01
        73   -4.6515439883e+01    2.1642611931e+03   -6.5589120518e+01    1.9073680636e+01    3.0082612768e+01   -1.0380354645e+02    8.1318131643e+00    8.0921800000e+05    2.1103679200e+00    9.9746960771e-01
        74   -4.6529106117e+01    2.1655301691e+03   -6.5808706433e+01    1.9279600316e+01    3.0203288383e+01   -1.0428285445e+02    8.2708596347e+00    8.0962600000e+05    2.1347130888e+00    9.9742071704e-01
        75   -4.6522032857e+01    2.1648661449e+03   -6.5685568658e+01    1.9163535800e+01    3.0145092908e+01   -1.0408752828e+02    8.2568667164e+00    8.1804000000e+05    2.0836242003e+00    9.9743284857e-01
        76   -4.6517607532e+01    2.1644448896e+03   -6.5492211639e+01    1.8974604106e+01    3.0084414713e+01   -1.0380512259e+02    8.2284962416e+00    8.1823300000e+05    2.1635008126e+00    9.9744266281e-01
        77   -4.6520599824e+01    2.1647130683e+03   -6.5595330612e+01    1.9074730788e+01    3.0098218173e+01   -1.0385100224e+02    8.1574534510e+00    8.1510500000e+05    2.1440505377e+00    9.9744482516e-01
        78   -4.6522720363e+01    2.1649230792e+03   -6.5596778053e+01    1.9074057690e+01    3.0064779611e+01   -1.0383854536e+02    8.1769877004e+00    8.2120200000e+05    2.1133535114e+00    9.9744274052e-01
        79   -4.6522401727e+01    2.1648780850e+03   -6.5701692633e+01    1.9179290906e+01    3.0163466491e+01   -1.0408658280e+02    8.2214236791e+00    8.2184800000e+05    2.1339233316e+00    9.9741798947e-01
        80   -4.6523399322e+01    2.1649821234e+03   -6.5790419891e+01    1.9267020569e+01    3.0221308892e+01   -1.0427727870e+02    8.2655499186e+00    8.2357800000e+05    2.1065422261e+00    9.9741400052e-01
        81   -4.6517154050e+01    2.1644506576e+03   -6.5669610997e+01    1.9152456947e+01    3.0168632044e+01   -1.0400421596e+02    8.1659729198e+00    8.3204000000e+05    2.1839856895e+00    9.9742513434e-01
        82   -4.6522023510e+01    2.1648960390e+03   -6.5714952100e+01    1.9192928589e+01    3.0145070371e+01   -1.0402173535e+02    8.1617128761e+00    8.2075800000e+05    2.1134271306e+00    9.9742224178e-01
        83   -4.6525203923e+01    2.1651523316e+03   -6.5600834487e+01    1.9075630564e+01    3.0131816922e+01   -1.0387389238e+02    8.1412409696e+00    8.2227500000e+05    2.2092797243e+00    9.9743245155e-01
        84   -4.6523135938e+01    2.1649501362e+03   -6.5711627342e+01    1.9188491404e+01    3.0207207722e+01   -1.0420282749e+02    8.2839924274e+00    8.2460600000e+05    2.1243355883e+00    9.9743344561e-01
        85   -4.6523488245e+01    2.1650003745e+03   -6.5625649362e+01    1.9102161117e+01    3.0166056643e+01   -1.0403299615e+02    8.2412901493e+00    8.2910300000e+05    2.3712491406e+00    9.9742531540e-01
        86   -4.6518463946e+01    2.1645433974e+03   -6.5680616649e+01    1.9162152703e+01    3.0182840315e+01   -1.0405042115e+02    8.1869641820e+00    8.2396200000e+05    2.1129724743e+00    9.9737577698e-01
        87   -4.6518615836e+01    2.1645461300e+03   -6.5761006033e+01    1.9242390197e+01    3.0239207351e+01   -1.0424749144e+02    8.2472780530e+00    8.1360700000e+05    2.0725443902e+00    9.9742418364e-01
        88   -4.6520278704e+01    2.1646871257e+03   -6.5760400945e+01    1.9240122241e+01    3.0269388563e+01   -1.0436657989e+02    8.3367903832e+00    8.1381100000e+05    2.1581414570e+00    9.9742865269e-01
        89   -4.6523732743e+01    2.1650356705e+03   -6.5733557860e+01    1.9209825117e+01    3.0178153471e+01   -1.0421341369e+02    8.3017023572e+00    8.1567500000e+05    2.0683986492e+00    9.9743977748e-01
        90   -4.6520055666e+01    2.1646837015e+03   -6.5778348301e+01    1.9258292634e+01    3.0209737590e+01   -1.0426193588e+02    8.2738499917e+00    8.1658900000e+05    2.1037174814e+00    9.9742541539e-01
        91   -4.6514738858e+01    2.1641880335e+03   -6.5703674654e+01    1.9188935796e+01    3.0178672995e+01   -1.0408283424e+02    8.2004865891e+00    8.1378200000e+05    2.0829652942e+00    9.9745081871e-01
        92   -4.6519100190e+01    2.1645953623e+03   -6.5730635791e+01    1.9211535601e+01    3.0179987084e+01   -1.0405816687e+02    8.1475439989e+00    8.1496000000e+05    2.0976520715e+00    9.9745630197e-01
        93   -4.6521870219e+01    2.1648327132e+03   -6.5568392260e+01    1.9046522040e+01    3.0132657842e+01   -1.0396511359e+02    8.2640634876e+00    8.1149600000e+05    2.1588566926e+00    9.9746268316e-01
        94   -4.6525851966e+01    2.1652459298e+03   -6.5553604676e+01    1.9027752709e+01    3.0088042252e+01   -1.0375092042e+02    8.1092734924e+00    8.1749700000e+05    2.1209611297e+00    9.9745074104e-01
        95   -4.6522905180e+01    2.1649474681e+03   -6.5650405560e+01    1.9127500379e+01    3.0151897185e+01   -1.0411064705e+02    8.3083443010e+00    8.2017400000e+05    2.1356285946e+00    9.9743370630e-01
        96   -4.6525237880e+01    2.1651635856e+03   -6.5634197394e+01    1.9108959514e+01    3.0151145519e+01   -1.0401351379e+02    8.2281708753e+00    8.1946800000e+05    2.1339694555e+00    9.9743533429e-01
        97   -4.6516515832e+01    2.1643514084e+03   -6.5588404981e+01    1.9071889149e+01    3.0098042855e+01   -1.0391878032e+02    8.2323324867e+00    8.1560400000e+05    2.1476361454e+00    9.9742600712e-01
        98   -4.6518512990e+01    2.1645232300e+03   -6.5649178795e+01    1.9130665805e+01    3.0097315506e+01   -1.0391960497e+02    8.1731106702e+00    8.1269000000e+05    2.0883964436e+00    9.9746162094e-01
        99   -4.6524634646e+01    2.1651383201e+03   -6.5706848702e+01    1.9182214056e+01    3.0126590244e+01   -1.0411741030e+02    8.2839713540e+00    8.2007200000e+05    2.3096654577e+00    9.9743310621e-01
