# Index          LocalEnergy            Variance              Weight        NumOfWalkers      AvgSentWalkers         TrialEnergy             DiffEff      LivingFraction
         0   -7.8922812799e-01    7.7394280703e-03    2.5500000000e+02    2.5600000000e+02    0.0000000000e+00   -7.8422973619e-01    9.9378490009e-01    9.9609375000e-01
         1   -7.8767916806e-01    6.6367442272e-03    2.5700187225e+02    2.5600000000e+02    0.0000000000e+00   -5.9353316193e-01    9.8653827508e-01    1.0000000000e+00
         2   -7.9147460013e-01    6.7040643963e-03    2.5600899010e+02    2.5600000000e+02    0.0000000000e+00   -7.8767916806e-01    9.9489085042e-01    9.9609375000e-01
         3   -7.8531778763e-01    5.9584968707e-03    2.5597668981e+02    2.5500000000e+02    2.5000000000e-01   -5.9577963408e-01    9.9841317099e-01    1.0000000000e+00
         4   -7.8621633175e-01    6.8784388523e-03    2.5599542179e+02    2.5500000000e+02    0.0000000000e+00   -5.8962282158e-01    1.0000000000e+00    1.0000000000e+00
         5   -7.8856827672e-01    7.1978082234e-03    2.5601810905e+02    2.5800000000e+02    2.5000000000e-01   -1.1753233539e+00    1.0000000000e+00    9.9224806202e-01
         6   -7.9038672706e-01    6.5854143247e-03    2.5600569306e+02    2.5600000000e+02    2.5000000000e-01   -7.8856827672e-01    1.0000000000e+00    1.0000000000e+00
         7   -7.8656147989e-01    6.3810217760e-03    2.5598992973e+02    2.5600000000e+02    0.0000000000e+00   -7.9038672706e-01    9.9586729543e-01    1.0000000000e+00
         8   -7.8730113904e-01    6.3363286973e-03    2.5600157753e+02    2.5600000000e+02    0.0000000000e+00   -7.8656147989e-01    9.9770053119e-01    1.0000000000e+00
         9   -7.8582475938e-01    7.2568120769e-03    2.5599591634e+02    2.5600000000e+02    0.0000000000e+00   -7.8730113904e-01    1.0000000000e+00    1.0000000000e+00
        10   -7.8607736093e-01    7.0029292147e-03    2.5600031969e+02    2.5600000000e+02    0.0000000000e+00   -7.8582475938e-01    1.0000000000e+00    1.0000000000e+00
        11   -7.8667559202e-01    7.6440775641e-03    2.5600118228e+02    2.5600000000e+02    0.0000000000e+00   -7.8607736093e-01    1.0000000000e+00    1.0000000000e+00
        12   -7.8825276326e-01    8.5435165140e-03    2.5601194072e+02    2.5800000000e+02    2.5000000000e-01   -1.1757826141e+00    9.9369461803e-01    9.9224806202e-01
        13   -7.9279826814e-01    1.0332394014e-02    2.5601277098e+02    2.5600000000e+02    0.0000000000e+00   -7.8825276326e-01    9.9967294691e-01    9.9609375000e-01
        14   -7.8884204024e-01    9.3131899459e-03    2.5598660856e+02    2.5500000000e+02    0.0000000000e+00   -5.9710330209e-01    1.0000000000e+00    1.0000000000e+00
        15   -7.8940800570e-01    9.2111929984e-03    2.5600409992e+02    2.5700000000e+02    5.0000000000e-01   -9.8377406102e-01    1.0000000000e+00    9.9610894942e-01
        16   -7.9265947196e-01    8.9687781487e-03    2.5600839159e+02    2.5600000000e+02    2.5000000000e-01   -7.8940800570e-01    1.0000000000e+00    1.0000000000e+00
        17   -7.9696684851e-01    8.8994196589e-03    2.5601403536e+02    2.5700000000e+02    2.5000000000e-01   -9.8759149274e-01    9.9912144158e-01    1.0000000000e+00
        18   -7.9440055476e-01    6.6193172644e-03    2.5599525755e+02    2.5700000000e+02    0.0000000000e+00   -9.9189886929e-01    1.0000000000e+00    9.9221789883e-01
        19   -7.9519223847e-01    9.3002650291e-03    2.5599877847e+02    2.5500000000e+02    2.5000000000e-01   -5.9870558870e-01    9.9478273500e-01    1.0000000000e+00
        20   -7.9625820659e-01    1.1190113816e-02    2.5600226537e+02    2.5600000000e+02    2.5000000000e-01   -7.9519223847e-01    9.9052905394e-01    1.0000000000e+00
        21   -7.9376259580e-01    8.8723232795e-03    2.5599858238e+02    2.5600000000e+02    0.0000000000e+00   -7.9519223847e-01    1.0000000000e+00    1.0000000000e+00
        22   -7.9405091822e-01    7.0794611473e-03    2.5599028584e+02    2.5600000000e+02    0.0000000000e+00   -7.9572522253e-01    9.9783696197e-01    1.0000000000e+00
        23   -7.8798772414e-01    5.6969415631e-03    2.5597896642e+02    2.5600000000e+02    0.0000000000e+00   -7.9507101362e-01    9.8835756588e-01    1.0000000000e+00
        24   -7.8768420003e-01    6.4506933085e-03    2.5596407539e+02    2.5600000000e+02    0.0000000000e+00   -7.9481598977e-01    1.0000000000e+00    1.0000000000e+00
        25   -7.8646600550e-01    6.6732208633e-03    2.5596715600e+02    2.5600000000e+02    0.0000000000e+00   -7.9345033664e-01    9.9642379152e-01    9.9609375000e-01
        26   -7.8587363557e-01    5.7010218989e-03    2.5498809204e+02    2.5500000000e+02    0.0000000000e+00   -7.8857541455e-01    1.0000000000e+00    1.0000000000e+00
        27   -7.8559795212e-01    5.9720989966e-03    2.5498964637e+02    2.5500000000e+02    0.0000000000e+00   -7.8771494193e-01    1.0000000000e+00    1.0000000000e+00
        28   -7.8689405759e-01    6.7009442472e-03    2.5499590557e+02    2.5500000000e+02    0.0000000000e+00   -7.8699554122e-01    9.9479006297e-01    1.0000000000e+00
        29   -7.9179906536e-01    8.3164362052e-03    2.5501464921e+02    2.5500000000e+02    0.0000000000e+00   -7.8640537584e-01    9.9371158504e-01    1.0000000000e+00
        30   -7.9337849651e-01    1.0579326970e-02    2.5601385323e+02    2.5600000000e+02    2.5000000000e-01   -7.8997675340e-01    1.0000000000e+00    9.9609375000e-01
        31   -7.9423078908e-01    1.0751131741e-02    2.5504078308e+02    2.5500000000e+02    2.5000000000e-01   -7.8622851881e-01    9.9132622069e-01    1.0000000000e+00
        32   -7.9310877754e-01    9.1993167605e-03    2.5503598314e+02    2.5500000000e+02    0.0000000000e+00   -7.8649819200e-01    9.9773921624e-01    1.0000000000e+00
        33   -7.8893171595e-01    6.7841675237e-03    2.5502107122e+02    2.5500000000e+02    0.0000000000e+00   -7.8679193799e-01    9.9907915562e-01    1.0000000000e+00
        34   -7.8976743994e-01    8.1668483710e-03    2.5501177192e+02    2.5500000000e+02    0.0000000000e+00   -7.8696357657e-01    9.9790148395e-01    1.0000000000e+00
        35   -7.9157940416e-01    7.1911339053e-03    2.5501919523e+02    2.5500000000e+02    0.0000000000e+00   -7.8683385924e-01    1.0000000000e+00    1.0000000000e+00
        36   -7.9166499384e-01    9.5450402606e-03    2.5502430125e+02    2.5500000000e+02    0.0000000000e+00   -7.8677258933e-01    9.8587265165e-01    1.0000000000e+00
        37   -7.8451944702e-01    6.5623230892e-03    2.5500605318e+02    2.5500000000e+02    0.0000000000e+00   -7.8682511377e-01    9.9071677428e-01    1.0000000000e+00
        38   -7.8415403972e-01    6.9186277006e-03    2.5596778309e+02    2.5600000000e+02    2.5000000000e-01   -7.9079045647e-01    9.9583875535e-01    9.9609375000e-01
        39   -7.8608465714e-01    8.0501587792e-03    2.5499335840e+02    2.5500000000e+02    2.5000000000e-01   -7.8654650402e-01    9.9596652974e-01    1.0000000000e+00
        40   -7.8585004718e-01    6.1411223728e-03    2.5499831039e+02    2.5500000000e+02    0.0000000000e+00   -7.8623118584e-01    9.9402261814e-01    1.0000000000e+00
        41   -7.8424161253e-01    4.6975994084e-03    2.5499466688e+02    2.5500000000e+02    0.0000000000e+00   -7.8603783212e-01    1.0000000000e+00    1.0000000000e+00
        42   -7.8778143938e-01    5.7330024115e-03    2.5500057498e+02    2.5500000000e+02    0.0000000000e+00   -7.8585139193e-01    9.9858483988e-01    9.9607843137e-01
        43   -7.8751757870e-01    4.1443970866e-03    2.5403474784e+02    2.5400000000e+02    2.5000000000e-01   -7.8168195384e-01    9.9697695430e-01    1.0000000000e+00
        44   -7.8729977750e-01    4.7263683574e-03    2.5402916958e+02    2.5400000000e+02    0.0000000000e+00   -7.8160930001e-01    1.0000000000e+00    1.0000000000e+00
        45   -7.8687740739e-01    5.0035869847e-03    2.5402792851e+02    2.5400000000e+02    0.0000000000e+00   -7.8153190406e-01    9.8135372231e-01    1.0000000000e+00
        46   -7.8218898968e-01    5.1675854255e-03    2.5401536445e+02    2.5400000000e+02    0.0000000000e+00   -7.8145208468e-01    1.0000000000e+00    1.0000000000e+00
        47   -7.8439278282e-01    5.9154977470e-03    2.5400951516e+02    2.5400000000e+02    0.0000000000e+00   -7.8136253450e-01    9.9366640477e-01    9.9606299213e-01
        48   -7.8748733896e-01    5.0863360061e-03    2.5402620195e+02    2.5400000000e+02    0.0000000000e+00   -7.8111193728e-01    9.9422553139e-01    1.0000000000e+00
        49   -7.8826956910e-01    5.2171751696e-03    2.5403481061e+02    2.5400000000e+02    0.0000000000e+00   -7.8095461549e-01    9.9168606114e-01    1.0000000000e+00
        50   -7.8922842954e-01    6.0868090146e-03    2.5403942684e+02    2.5400000000e+02    0.0000000000e+00   -7.8091093369e-01    9.8879306194e-01    1.0000000000e+00
        51   -7.9384996887e-01    6.0596574358e-03    2.5503540453e+02    2.5500000000e+02    2.5000000000e-01   -7.8482458144e-01    1.0000000000e+00    1.0000000000e+00
        52   -7.9351176067e-01    8.0355409573e-03    2.5504461991e+02    2.5500000000e+02    0.0000000000e+00   -7.8483989234e-01    9.9675580227e-01    1.0000000000e+00
        53   -7.9095575467e-01    6.7320734387e-03    2.5601687292e+02    2.5600000000e+02    0.0000000000e+00   -7.8890822127e-01    9.9668053017e-01    1.0000000000e+00
        54   -7.9464522079e-01    8.1197953823e-03    2.5700393731e+02    2.5700000000e+02    2.5000000000e-01   -7.9294225990e-01    9.9551722047e-01    1.0000000000e+00
        55   -7.9567920037e-01    7.6677200958e-03    2.5799150022e+02    2.5800000000e+02    2.5000000000e-01   -7.9688039236e-01    9.9036276288e-01    1.0000000000e+00
        56   -8.0081420578e-01    8.9019211814e-03    2.5800584777e+02    2.5800000000e+02    0.0000000000e+00   -7.9703447483e-01    1.0000000000e+00    1.0000000000e+00
        57   -7.9069216309e-01    9.6655383111e-03    2.5799210962e+02    2.5800000000e+02    0.0000000000e+00   -7.9720817391e-01    9.9591514445e-01    1.0000000000e+00
        58   -7.9179132955e-01    1.0412114776e-02    2.5796733393e+02    2.5800000000e+02    0.0000000000e+00   -7.9750786266e-01    9.9862655285e-01    1.0000000000e+00
        59   -7.8763673459e-01    1.0856688931e-02    2.5795929983e+02    2.5800000000e+02    0.0000000000e+00   -7.9753264319e-01    1.0000000000e+00    1.0000000000e+00
        60   -7.9382594379e-01    1.0656862527e-02    2.5796425367e+02    2.5800000000e+02    0.0000000000e+00   -7.9758366386e-01    9.9267969220e-01    1.0000000000e+00
        61   -7.8724086137e-01    6.1362370168e-03    2.5796361149e+02    2.5800000000e+02    0.0000000000e+00   -7.9753086414e-01    9.9903485938e-01    1.0000000000e+00
        62   -7.8625945037e-01    4.5052141210e-03    2.5794378107e+02    2.5800000000e+02    0.0000000000e+00   -7.9762794080e-01    9.9321386513e-01    9.9612403101e-01
        63   -7.8841873088e-01    6.0028025089e-03    2.5696747880e+02    2.5700000000e+02    2.5000000000e-01   -7.9368386080e-01    1.0000000000e+00    1.0000000000e+00
        64   -7.8662223082e-01    4.7833798281e-03    2.5696860810e+02    2.5700000000e+02    0.0000000000e+00   -7.9360372967e-01    9.9871606858e-01    1.0000000000e+00
        65   -7.8284994277e-01    5.0083925371e-03    2.5793406093e+02    2.5800000000e+02    2.5000000000e-01   -7.9745864395e-01    9.9776102504e-01    1.0000000000e+00
        66   -7.8312870125e-01    4.2792943976e-03    2.5792573013e+02    2.5800000000e+02    0.0000000000e+00   -7.9739224672e-01    1.0000000000e+00    1.0000000000e+00
        67   -7.8491210701e-01    4.2959447335e-03    2.5793177805e+02    2.5800000000e+02    0.0000000000e+00   -7.9724841345e-01    1.0000000000e+00    1.0000000000e+00
        68   -7.8701022939e-01    5.3203853566e-03    2.5794243266e+02    2.5800000000e+02    0.0000000000e+00   -7.9711638071e-01    9.9777448802e-01    1.0000000000e+00
        69   -7.8507042895e-01    5.7710258570e-03    2.5892380450e+02    2.5900000000e+02    2.5000000000e-01   -8.0089460987e-01    1.0000000000e+00    1.0000000000e+00
        70   -7.8674932339e-01    6.3564191983e-03    2.5892260119e+02    2.5900000000e+02    0.0000000000e+00   -8.0084993460e-01    9.9192848945e-01    9.9613899614e-01
        71   -7.8682637492e-01    9.6525162298e-03    2.5794843744e+02    2.5800000000e+02    2.5000000000e-01   -7.9690049923e-01    9.9340734341e-01    1.0000000000e+00
        72   -7.8319287270e-01    7.7567295270e-03    2.5891904653e+02    2.5900000000e+02    2.5000000000e-01   -8.0072341763e-01    1.0000000000e+00    1.0000000000e+00
        73   -7.8591416759e-01    6.9223474614e-03    2.5891639182e+02    2.5900000000e+02    0.0000000000e+00   -8.0068103225e-01    1.0000000000e+00    1.0000000000e+00
        74   -7.8964847263e-01    7.2006098377e-03    2.5991383279e+02    2.6000000000e+02    0.0000000000e+00   -8.0442649893e-01    9.9482707880e-01    1.0000000000e+00
        75   -7.8510970401e-01    6.0559865156e-03    2.5991163344e+02    2.6000000000e+02    0.0000000000e+00   -8.0437180538e-01    9.9950041098e-01    1.0000000000e+00
        76   -7.8666570294e-01    4.7254455591e-03    2.5990387598e+02    2.6000000000e+02    0.0000000000e+00   -8.0438574920e-01    9.9853825632e-01    1.0000000000e+00
        77   -7.8743482835e-01    5.1653962736e-03    2.5991027496e+02    2.6000000000e+02    0.0000000000e+00   -8.0431957624e-01    9.9567962112e-01    1.0000000000e+00
        78   -7.8498515536e-01    4.9526165638e-03    2.6088604819e+02    2.6100000000e+02    2.5000000000e-01   -8.0812128898e-01    1.0000000000e+00    1.0000000000e+00
        79   -7.8416594477e-01    5.0832801649e-03    2.6185795775e+02    2.6200000000e+02    2.5000000000e-01   -8.1192261427e-01    1.0000000000e+00    1.0000000000e+00
        80   -7.8470335818e-01    5.0841895306e-03    2.6185656126e+02    2.6200000000e+02    0.0000000000e+00   -8.1185977428e-01    9.9427413072e-01    1.0000000000e+00
        81   -7.7998072737e-01    5.3220277472e-03    2.6184602184e+02    2.6200000000e+02    0.0000000000e+00   -8.1178556493e-01    9.9701758764e-01    9.9618320611e-01
        82   -7.8076031121e-01    5.8217875836e-03    2.6085702340e+02    2.6100000000e+02    2.5000000000e-01   -8.0789832095e-01    9.8884746163e-01    1.0000000000e+00
        83   -7.8386535328e-01    5.9876535310e-03    2.6086736108e+02    2.6100000000e+02    0.0000000000e+00   -8.0776221570e-01    1.0000000000e+00    1.0000000000e+00
        84   -7.8253206101e-01    4.4677523139e-03    2.6087258946e+02    2.6100000000e+02    0.0000000000e+00   -8.0764254474e-01    9.9364163503e-01    1.0000000000e+00
        85   -7.7920751078e-01    6.0416452773e-03    2.6086086784e+02    2.6100000000e+02    0.0000000000e+00   -8.0757432584e-01    9.9477750318e-01    1.0000000000e+00
        86   -7.8392514844e-01    4.8470817801e-03    2.6184518719e+02    2.6200000000e+02    2.5000000000e-01   -8.1131206922e-01    1.0000000000e+00    1.0000000000e+00
        87   -7.8509024803e-01    5.0011216173e-03    2.6186051920e+02    2.6200000000e+02    0.0000000000e+00   -8.1117867371e-01    9.9940404086e-01    1.0000000000e+00
        88   -7.8096467095e-01    5.4914957056e-03    2.6185309217e+02    2.6200000000e+02    0.0000000000e+00   -8.1111857862e-01    9.9480785607e-01    1.0000000000e+00
        89   -7.8157793658e-01    5.0650204172e-03    2.6184414999e+02    2.6200000000e+02    0.0000000000e+00   -8.1107711092e-01    1.0000000000e+00    1.0000000000e+00
        90   -7.8363663925e-01    6.9797222171e-03    2.6185162501e+02    2.6200000000e+02    0.0000000000e+00   -8.1097789120e-01    9.9829377464e-01    1.0000000000e+00
        91   -7.8688828456e-01    9.6527626524e-03    2.6186584696e+02    2.6200000000e+02    0.0000000000e+00   -8.1089010394e-01    9.9683312461e-01    1.0000000000e+00
        92   -7.8480172439e-01    8.2638411018e-03    2.6186912281e+02    2.6200000000e+02    0.0000000000e+00   -8.1083334831e-01    1.0000000000e+00    1.0000000000e+00
        93   -7.8754561784e-01    9.0846887227e-03    2.6187087763e+02    2.6200000000e+02    0.0000000000e+00   -8.1082269071e-01    9.9393110016e-01    1.0000000000e+00
        94   -7.9589150888e-01    1.1441931834e-02    2.6189998548e+02    2.6200000000e+02    0.0000000000e+00   -8.1078412440e-01    9.9776387806e-01    1.0000000000e+00
        95   -7.9618618155e-01    8.6411585437e-03    2.6290274309e+02    2.6300000000e+02    2.5000000000e-01   -8.1459270019e-01    9.9627846993e-01    1.0000000000e+00
        96   -7.9437175342e-01    6.8541037937e-03    2.6289777608e+02    2.6300000000e+02    0.0000000000e+00   -8.1470158698e-01    9.9345128091e-01    1.0000000000e+00
        97   -7.9080546417e-01    7.7180514224e-03    2.6288318455e+02    2.6300000000e+02    0.0000000000e+00   -8.1481147246e-01    9.9899968141e-01    1.0000000000e+00
        98   -7.9048782159e-01    7.4701079447e-03    2.6287256677e+02    2.6300000000e+02    0.0000000000e+00   -8.1489527847e-01    9.9625060977e-01    1.0000000000e+00
        99   -7.8559862162e-01    5.9390259187e-03    2.6383888189e+02    2.6400000000e+02    2.5000000000e-01   -8.1872689088e-01    9.9119168093e-01    9.9242424242e-01
       100   -7.9033198111e-01    6.1234291692e-03    2.6187983480e+02    2.6200000000e+02    5.0000000000e-01   -8.1115394886e-01    9.9491647962e-01    1.0000000000e+00
       101   -7.8938056917e-01    7.2200463630e-03    2.6188864882e+02    2.6200000000e+02    0.0000000000e+00   -8.1112446407e-01    1.0000000000e+00    1.0000000000e+00
       102   -7.8607775483e-01    5.0160745432e-03    2.6187738947e+02    2.6200000000e+02    0.0000000000e+00   -8.1115342232e-01    9.9259439511e-01    1.0000000000e+00
       103   -7.8527620258e-01    4.2697138629e-03    2.6186665931e+02    2.6200000000e+02    0.0000000000e+00   -8.1117021998e-01    9.9544969480e-01    1.0000000000e+00
       104   -7.8525381774e-01    4.9354805425e-03    2.6186464733e+02    2.6200000000e+02    0.0000000000e+00   -8.1114729848e-01    9.9766691962e-01    1.0000000000e+00
       105   -7.8009840710e-01    5.7094958732e-03    2.6185128561e+02    2.6200000000e+02    0.0000000000e+00   -8.1111548629e-01    1.0000000000e+00    9.9618320611e-01
       106   -7.7968497687e-01    5.9272975939e-03    2.6085891502e+02    2.6100000000e+02    2.5000000000e-01   -8.0726005718e-01    9.9477288679e-01    1.0000000000e+00
       107   -7.8174768283e-01    6.0875203748e-03    2.6086212523e+02    2.6100000000e+02    0.0000000000e+00   -8.0717018721e-01    1.0000000000e+00    1.0000000000e+00
       108   -7.8290258062e-01    5.4986405338e-03    2.6087097109e+02    2.6100000000e+02    0.0000000000e+00   -8.0707766167e-01    9.8373022066e-01    1.0000000000e+00
       109   -7.8286117514e-01    5.1108616100e-03    2.6087425158e+02    2.6100000000e+02    0.0000000000e+00   -8.0701039183e-01    9.9247705850e-01    1.0000000000e+00
       110   -7.8654991227e-01    4.7864890878e-03    2.6088404894e+02    2.6100000000e+02    0.0000000000e+00   -8.0695744907e-01    9.9809619976e-01    1.0000000000e+00
       111   -7.8555234202e-01    5.4007563839e-03    2.6089131068e+02    2.6100000000e+02    0.0000000000e+00   -8.0690521488e-01    1.0000000000e+00    1.0000000000e+00
       112   -7.8116919051e-01    4.2994199375e-03    2.6087738430e+02    2.6100000000e+02    0.0000000000e+00   -8.0689421119e-01    1.0000000000e+00    9.9616858238e-01
       113   -7.8004075987e-01    4.6843925017e-03    2.5988389003e+02    2.6000000000e+02    0.0000000000e+00   -8.0303394127e-01    1.0000000000e+00    9.9615384615e-01
       114   -7.7690584778e-01    6.3669409636e-03    2.5889505742e+02    2.5900000000e+02    2.5000000000e-01   -7.9911270637e-01    1.0000000000e+00    1.0000000000e+00
       115   -7.7616757140e-01    6.4684500176e-03    2.5888360695e+02    2.5900000000e+02    0.0000000000e+00   -7.9903458712e-01    9.9773114428e-01    1.0000000000e+00
       116   -7.7520510334e-01    6.0534339125e-03    2.5887974698e+02    2.5900000000e+02    0.0000000000e+00   -7.9892544001e-01    9.9656127884e-01    1.0000000000e+00
       117   -7.7765226872e-01    8.6450295256e-03    2.5888415482e+02    2.5900000000e+02    0.0000000000e+00   -7.9881093227e-01    9.9494957718e-01    1.0000000000e+00
       118   -7.8226717182e-01    5.4711266146e-03    2.5890298666e+02    2.5900000000e+02    0.0000000000e+00   -7.9868894031e-01    9.9720115220e-01    1.0000000000e+00
       119   -7.8067169856e-01    4.1583424081e-03    2.5891134892e+02    2.5900000000e+02    0.0000000000e+00   -7.9859413168e-01    1.0000000000e+00    1.0000000000e+00
       120   -7.7979977843e-01    4.0107554421e-03    2.5890528175e+02    2.5900000000e+02    0.0000000000e+00   -7.9854736825e-01    9.9467804715e-01    9.9613899614e-01
       121   -7.8141108970e-01    4.5896098320e-03    2.5792782201e+02    2.5800000000e+02    2.5000000000e-01   -7.9461725729e-01    1.0000000000e+00    1.0000000000e+00
       122   -7.8567570998e-01    5.8308126534e-03    2.5794318508e+02    2.5800000000e+02    0.0000000000e+00   -7.9454828339e-01    1.0000000000e+00    1.0000000000e+00
       123   -7.8429367041e-01    4.9781788499e-03    2.5795083429e+02    2.5800000000e+02    0.0000000000e+00   -7.9449629258e-01    1.0000000000e+00    9.9224806202e-01
       124   -7.8307914965e-01    5.3361877138e-03    2.5697185160e+02    2.5700000000e+02    5.0000000000e-01   -7.9060280753e-01    1.0000000000e+00    1.0000000000e+00
       125   -7.8259852149e-01    6.7296952067e-03    2.5696006764e+02    2.5700000000e+02    0.0000000000e+00   -7.9057985042e-01    9.9895798031e-01    1.0000000000e+00
       126   -7.8348879793e-01    6.1579917277e-03    2.5696126714e+02    2.5700000000e+02    0.0000000000e+00   -7.9054586872e-01    9.9195765348e-01    1.0000000000e+00
       127   -7.8243820650e-01    5.4015940257e-03    2.5696105901e+02    2.5700000000e+02    0.0000000000e+00   -7.9050803034e-01    1.0000000000e+00    1.0000000000e+00
       128   -7.8885450624e-01    7.2106125200e-03    2.5795797247e+02    2.5800000000e+02    2.5000000000e-01   -7.9436263599e-01    1.0000000000e+00    1.0000000000e+00
       129   -7.8744325363e-01    5.4043710879e-03    2.5796793123e+02    2.5800000000e+02    0.0000000000e+00   -7.9432463334e-01    9.9727845151e-01    1.0000000000e+00
       130   -7.8738156879e-01    5.6086310058e-03    2.5796406262e+02    2.5800000000e+02    0.0000000000e+00   -7.9434565165e-01    9.9590057961e-01    9.9612403101e-01
       131   -7.8486750506e-01    5.6742171721e-03    2.5697809959e+02    2.5700000000e+02    2.5000000000e-01   -7.9047007723e-01    9.9750935951e-01    9.9610894942e-01
       132   -7.8564799692e-01    6.6159922650e-03    2.5599305798e+02    2.5600000000e+02    2.5000000000e-01   -7.8657867013e-01    1.0000000000e+00    1.0000000000e+00
       133   -7.8391458246e-01    5.5943363778e-03    2.5599061547e+02    2.5600000000e+02    0.0000000000e+00   -7.8656352708e-01    1.0000000000e+00    9.9609375000e-01
       134   -7.8389491539e-01    5.1818339352e-03    2.5500634344e+02    2.5500000000e+02    2.5000000000e-01   -7.8264159679e-01    1.0000000000e+00    1.0000000000e+00
       135   -7.8769670231e-01    7.2026457839e-03    2.5599663216e+02    2.5600000000e+02    2.5000000000e-01   -7.8653253165e-01    1.0000000000e+00    1.0000000000e+00
       136   -7.8488106367e-01    5.4171492259e-03    2.5599862188e+02    2.5600000000e+02    0.0000000000e+00   -7.8650979357e-01    1.0000000000e+00    9.9609375000e-01
       137   -7.8943481199e-01    7.8108504015e-03    2.5502287479e+02    2.5500000000e+02    0.0000000000e+00   -7.8260603877e-01    1.0000000000e+00    1.0000000000e+00
       138   -7.8914661086e-01    6.6410504314e-03    2.5601398230e+02    2.5600000000e+02    0.0000000000e+00   -7.8650604933e-01    1.0000000000e+00    1.0000000000e+00
       139   -7.8660263802e-01    7.8440168992e-03    2.5600650821e+02    2.5600000000e+02    0.0000000000e+00   -7.8653066078e-01    9.9389765251e-01    1.0000000000e+00
       140   -7.8710457952e-01    8.7415106599e-03    2.5600116279e+02    2.5600000000e+02    0.0000000000e+00   -7.8655246036e-01    9.9337853841e-01    1.0000000000e+00
       141   -7.8498340255e-01    6.3810353625e-03    2.5795837883e+02    2.5800000000e+02    0.0000000000e+00   -7.9433501550e-01    9.9656674820e-01    1.0000000000e+00
       142   -7.8794488732e-01    7.3974674403e-03    2.5795915340e+02    2.5800000000e+02    0.0000000000e+00   -7.9433953766e-01    9.9636980898e-01    9.9612403101e-01
       143   -7.8779350544e-01    6.1819191798e-03    2.5698839126e+02    2.5700000000e+02    2.5000000000e-01   -7.9044324093e-01    9.9277407994e-01    9.9610894942e-01
       144   -7.9004320179e-01    8.4831325079e-03    2.5601223527e+02    2.5600000000e+02    2.5000000000e-01   -7.8655589315e-01    9.9298514070e-01    1.0000000000e+00
       145   -7.9399598145e-01    8.0328788201e-03    2.5602746256e+02    2.5600000000e+02    0.0000000000e+00   -7.8656579405e-01    9.9421843253e-01    1.0000000000e+00
       146   -7.9344018669e-01    5.8765937305e-03    2.5603600266e+02    2.5600000000e+02    0.0000000000e+00   -7.8659339252e-01    9.9361470120e-01    1.0000000000e+00
       147   -7.8996295450e-01    5.2970200524e-03    2.5602548753e+02    2.5600000000e+02    0.0000000000e+00   -7.8665168063e-01    1.0000000000e+00    1.0000000000e+00
       148   -7.8815218471e-01    5.2121560157e-03    2.5699426769e+02    2.5700000000e+02    2.5000000000e-01   -7.9060335625e-01    1.0000000000e+00    1.0000000000e+00
       149   -7.8971258669e-01    5.5765970333e-03    2.5699104721e+02    2.5700000000e+02    0.0000000000e+00   -7.9062861391e-01    9.9654777656e-01    1.0000000000e+00
       150   -7.8934273936e-01    5.3097475450e-03    2.5699404500e+02    2.5700000000e+02    0.0000000000e+00   -7.9063955400e-01    9.9889748311e-01    1.0000000000e+00
       151   -7.9293840382e-01    5.5948223737e-03    2.5700219393e+02    2.5700000000e+02    0.0000000000e+00   -7.9066223852e-01    9.9614581969e-01    1.0000000000e+00
       152   -7.9141656157e-01    5.0134364327e-03    2.5700740692e+02    2.5700000000e+02    0.0000000000e+00   -7.9068177747e-01    9.9775943629e-01    1.0000000000e+00
       153   -7.8751777865e-01    4.5163264112e-03    2.5699330403e+02    2.5700000000e+02    0.0000000000e+00   -7.9072805767e-01    1.0000000000e+00    1.0000000000e+00
       154   -7.8720975341e-01    5.1285533385e-03    2.5796489988e+02    2.5800000000e+02    2.5000000000e-01   -7.9464579012e-01    1.0000000000e+00    1.0000000000e+00
       155   -7.9004514151e-01    4.8167670015e-03    2.5796878189e+02    2.5800000000e+02    0.0000000000e+00   -7.9465063552e-01    1.0000000000e+00    1.0000000000e+00
       156   -7.8923354867e-01    5.2226491745e-03    2.5797396739e+02    2.5800000000e+02    0.0000000000e+00   -7.9465314477e-01    9.9320775759e-01    1.0000000000e+00
       157   -7.8751763428e-01    4.0833381519e-03    2.5796737017e+02    2.5800000000e+02    0.0000000000e+00   -7.9467631366e-01    9.9375694018e-01    9.9224806202e-01
       158   -7.8587506998e-01    4.5585630064e-03    2.5599947547e+02    2.5600000000e+02    2.5000000000e-01   -7.8691112521e-01    1.0000000000e+00    1.0000000000e+00
       159   -7.8607809497e-01    6.5922744169e-03    2.5599497872e+02    2.5600000000e+02    0.0000000000e+00   -7.8691548859e-01    1.0000000000e+00    1.0000000000e+00
       160   -7.8733907405e-01    7.4872798269e-03    2.5599869409e+02    2.5600000000e+02    0.0000000000e+00   -7.8690805702e-01    1.0000000000e+00    1.0000000000e+00
       161   -7.8706976434e-01    5.9454252630e-03    2.5600122009e+02    2.5600000000e+02    0.0000000000e+00   -7.8690217077e-01    9.9319712542e-01    1.0000000000e+00
       162   -7.8674310644e-01    5.7871838125e-03    2.5599972051e+02    2.5600000000e+02    0.0000000000e+00   -7.8690524755e-01    9.9510407899e-01    1.0000000000e+00
       163   -7.8747063289e-01    4.5335029425e-03    2.5600077248e+02    2.5600000000e+02    0.0000000000e+00   -7.8690639802e-01    9.9309905337e-01    1.0000000000e+00
       164   -7.9118811826e-01    5.6981377436e-03    2.5601212801e+02    2.5600000000e+02    0.0000000000e+00   -7.8690526405e-01    9.9545971060e-01    1.0000000000e+00
       165   -7.9176805595e-01    7.3434352279e-03    2.5602304864e+02    2.5600000000e+02    0.0000000000e+00   -7.8690916315e-01    9.9291253769e-01    1.0000000000e+00
       166   -7.8687282352e-01    6.0147258430e-03    2.5601183654e+02    2.5600000000e+02    0.0000000000e+00   -7.8693847106e-01    1.0000000000e+00    9.9609375000e-01
       167   -7.8572202627e-01    6.7844779901e-03    2.5501841796e+02    2.5500000000e+02    2.5000000000e-01   -7.8305742605e-01    9.9783664917e-01    1.0000000000e+00
       168   -7.9079141355e-01    6.0544059165e-03    2.5600828550e+02    2.5600000000e+02    2.5000000000e-01   -7.8697065982e-01    9.9705525594e-01    1.0000000000e+00
       169   -7.9210113306e-01    8.6223801280e-03    2.5602257713e+02    2.5600000000e+02    0.0000000000e+00   -7.8696227973e-01    9.9450665133e-01    1.0000000000e+00
       170   -7.9170630344e-01    9.3338834229e-03    2.5602472816e+02    2.5600000000e+02    0.0000000000e+00   -7.8698780729e-01    9.9969591645e-01    1.0000000000e+00
       171   -7.9341403510e-01    1.3346983310e-02    2.5602777708e+02    2.5600000000e+02    0.0000000000e+00   -7.8702167038e-01    9.8439863563e-01    1.0000000000e+00
       172   -7.8646759483e-01    6.0380269262e-03    2.5601424600e+02    2.5600000000e+02    0.0000000000e+00   -7.8705249033e-01    1.0000000000e+00    1.0000000000e+00
       173   -7.8478311706e-01    7.4010577182e-03    2.5599216430e+02    2.5600000000e+02    0.0000000000e+00   -7.8709406905e-01    1.0000000000e+00    1.0000000000e+00
       174   -7.9027225619e-01    1.2054190768e-02    2.5600184954e+02    2.5600000000e+02    0.0000000000e+00   -7.8709000104e-01    1.0000000000e+00    1.0000000000e+00
       175   -7.8441240299e-01    7.5230345478e-03    2.5600095659e+02    2.5600000000e+02    0.0000000000e+00   -7.8707511792e-01    9.9331623020e-01    9.9609375000e-01
       176   -7.8780783324e-01    1.1100534710e-02    2.5501583375e+02    2.5500000000e+02    2.5000000000e-01   -7.8318171307e-01    9.9196064755e-01    1.0000000000e+00
       177   -7.8777311381e-01    1.0013888452e-02    2.5502306774e+02    2.5500000000e+02    0.0000000000e+00   -7.8316462257e-01    9.9721566990e-01    1.0000000000e+00
       178   -7.8609202801e-01    5.7345526571e-03    2.5501870027e+02    2.5500000000e+02    0.0000000000e+00   -7.8316923846e-01    9.9698049980e-01    1.0000000000e+00
       179   -7.8282036239e-01    6.1091114501e-03    2.5500622466e+02    2.5500000000e+02    0.0000000000e+00   -7.8317357793e-01    9.9472838682e-01    1.0000000000e+00
       180   -7.8290195945e-01    5.8031930878e-03    2.5499818391e+02    2.5500000000e+02    0.0000000000e+00   -7.8316735637e-01    1.0000000000e+00    1.0000000000e+00
       181   -7.9314759987e-01    1.3957883703e-02    2.5502444892e+02    2.5500000000e+02    0.0000000000e+00   -7.8314089120e-01    1.0000000000e+00    9.9607843137e-01
       182   -7.9408481012e-01    1.3602236840e-02    2.5407315833e+02    2.5400000000e+02    2.5000000000e-01   -7.7918597830e-01    1.0000000000e+00    1.0000000000e+00
       183   -7.9034336264e-01    8.1082671102e-03    2.5505502051e+02    2.5500000000e+02    2.5000000000e-01   -7.8315279291e-01    1.0000000000e+00    1.0000000000e+00
       184   -7.8448455970e-01    1.1286989443e-02    2.5502106057e+02    2.5500000000e+02    0.0000000000e+00   -7.8319558631e-01    9.9173337406e-01    9.9607843137e-01
       185   -7.8690144465e-01    8.4901207791e-03    2.5403433334e+02    2.5400000000e+02    0.0000000000e+00   -7.7928590742e-01    9.9584014907e-01    1.0000000000e+00
       186   -7.8605895824e-01    1.3401223685e-02    2.5403603317e+02    2.5400000000e+02    0.0000000000e+00   -7.7926997655e-01    1.0000000000e+00    1.0000000000e+00
       187   -7.9199115915e-01    1.0201782076e-02    2.5404888424e+02    2.5400000000e+02    0.0000000000e+00   -7.7926870883e-01    9.9670370082e-01    1.0000000000e+00
       188   -7.9217554366e-01    9.2047800989e-03    2.5406443176e+02    2.5400000000e+02    0.0000000000e+00   -7.7926244140e-01    1.0000000000e+00    1.0000000000e+00
       189   -7.9435845618e-01    1.2154151608e-02    2.5407031408e+02    2.5400000000e+02    0.0000000000e+00   -7.7929134992e-01    9.9522237837e-01    9.9212598425e-01
       190   -7.9403035243e-01    1.2714547863e-02    2.5310400080e+02    2.5300000000e+02    2.5000000000e-01   -7.7537622467e-01    1.0000000000e+00    1.0000000000e+00
       191   -7.9016328222e-01    8.4179410011e-03    2.5308357318e+02    2.5300000000e+02    0.0000000000e+00   -7.7541829646e-01    9.9486053246e-01    1.0000000000e+00
       192   -7.9071365054e-01    7.7492636534e-03    2.5307518131e+02    2.5300000000e+02    0.0000000000e+00   -7.7545797146e-01    9.9442959821e-01    1.0000000000e+00
       193   -7.8805589049e-01    6.8021733073e-03    2.5503144750e+02    2.5500000000e+02    2.5000000000e-01   -7.8334889121e-01    9.9780322212e-01    1.0000000000e+00
       194   -7.8777238414e-01    6.8878378522e-03    2.5502278926e+02    2.5500000000e+02    0.0000000000e+00   -7.8336872374e-01    9.9874672280e-01    1.0000000000e+00
       195   -7.8630913793e-01    7.4964356049e-03    2.5501831561e+02    2.5500000000e+02    0.0000000000e+00   -7.8337314241e-01    1.0000000000e+00    1.0000000000e+00
       196   -7.8684416517e-01    7.5295961023e-03    2.5501594089e+02    2.5500000000e+02    0.0000000000e+00   -7.8337590004e-01    1.0000000000e+00    1.0000000000e+00
       197   -7.8879756000e-01    7.0062668457e-03    2.5698502263e+02    2.5700000000e+02    2.5000000000e-01   -7.9118289931e-01    1.0000000000e+00    1.0000000000e+00
       198   -7.8722940765e-01    6.8954559241e-03    2.5698342843e+02    2.5700000000e+02    0.0000000000e+00   -7.9118042688e-01    9.9226958296e-01    1.0000000000e+00
       199   -7.8985151093e-01    8.1424006437e-03    2.5698608134e+02    2.5700000000e+02    0.0000000000e+00   -7.9118889489e-01    1.0000000000e+00    9.9610894942e-01
       200   -7.8885585888e-01    6.6412597620e-03    2.5601068190e+02    2.5600000000e+02    0.0000000000e+00   -7.8728991643e-01    9.9635504582e-01    1.0000000000e+00
       201   -7.8893640389e-01    7.7242716068e-03    2.5600778755e+02    2.5600000000e+02    0.0000000000e+00   -7.8730406889e-01    9.9378609095e-01    1.0000000000e+00
       202   -7.8450529561e-01    6.6726134086e-03    2.5599663622e+02    2.5600000000e+02    0.0000000000e+00   -7.8731259521e-01    9.8940933023e-01    1.0000000000e+00
       203   -7.8106921041e-01    8.7784997681e-03    2.5695701905e+02    2.5700000000e+02    2.5000000000e-01   -7.9122010889e-01    1.0000000000e+00    1.0000000000e+00
       204   -7.7682866715e-01    6.2478529369e-03    2.5693688139e+02    2.5700000000e+02    0.0000000000e+00   -7.9120480361e-01    1.0000000000e+00    1.0000000000e+00
       205   -7.8179490325e-01    6.5756284678e-03    2.5693892527e+02    2.5700000000e+02    0.0000000000e+00   -7.9117109035e-01    9.9600162046e-01    9.9610894942e-01
       206   -7.8806086938e-01    8.1319720558e-03    2.5598950949e+02    2.5600000000e+02    2.5000000000e-01   -7.8721630056e-01    9.9216573852e-01    1.0000000000e+00
       207   -7.8571764028e-01    6.2045163467e-03    2.5599815497e+02    2.5600000000e+02    0.0000000000e+00   -7.8718730913e-01    9.9513643034e-01    1.0000000000e+00
       208   -7.8398391583e-01    6.3546809401e-03    2.5598773237e+02    2.5600000000e+02    0.0000000000e+00   -7.8719195573e-01    9.8777579363e-01    1.0000000000e+00
       209   -7.9155029971e-01    7.8238699840e-03    2.5698457401e+02    2.5700000000e+02    0.0000000000e+00   -7.9108279554e-01    9.9770199394e-01    1.0000000000e+00
       210   -7.9633413008e-01    1.0152836969e-02    2.5701437698e+02    2.5700000000e+02    0.0000000000e+00   -7.9106595217e-01    1.0000000000e+00    1.0000000000e+00
       211   -7.9637188708e-01    9.2202773281e-03    2.5800789677e+02    2.5800000000e+02    0.0000000000e+00   -7.9497239978e-01    1.0000000000e+00    1.0000000000e+00
       212   -7.9173153047e-01    9.6654301956e-03    2.5799455206e+02    2.5800000000e+02    0.0000000000e+00   -7.9502002411e-01    9.9643955421e-01    1.0000000000e+00
       213   -7.8807519414e-01    6.4151510559e-03    2.5797305360e+02    2.5800000000e+02    0.0000000000e+00   -7.9506735055e-01    9.9541555569e-01    1.0000000000e+00
       214   -7.9012282358e-01    1.0016174478e-02    2.5796885336e+02    2.5800000000e+02    0.0000000000e+00   -7.9509026973e-01    9.9760775432e-01    9.9612403101e-01
       215   -7.9194500021e-01    7.6904833840e-03    2.5699916667e+02    2.5700000000e+02    2.5000000000e-01   -7.9121070336e-01    9.9806482135e-01    1.0000000000e+00
       216   -7.9034525195e-01    7.7533102982e-03    2.5699921892e+02    2.5700000000e+02    0.0000000000e+00   -7.9122504398e-01    9.8061951813e-01    1.0000000000e+00
       217   -7.9262110210e-01    6.4518659395e-03    2.5700086164e+02    2.5700000000e+02    0.0000000000e+00   -7.9124848863e-01    9.9747657545e-01    1.0000000000e+00
       218   -7.8763467200e-01    6.2959781954e-03    2.5699386171e+02    2.5700000000e+02    0.0000000000e+00   -7.9126361693e-01    9.9751939353e-01    1.0000000000e+00
       219   -7.8623928214e-01    5.4596371291e-03    2.5697741157e+02    2.5700000000e+02    0.0000000000e+00   -7.9129002963e-01    9.9697358554e-01    1.0000000000e+00
       220   -7.8511781113e-01    5.1142372315e-03    2.5697099827e+02    2.5700000000e+02    0.0000000000e+00   -7.9129124604e-01    9.9821452074e-01    9.9610894942e-01
       221   -7.8823500978e-01    5.7913486041e-03    2.5599716153e+02    2.5600000000e+02    2.5000000000e-01   -7.8738686770e-01    1.0000000000e+00    1.0000000000e+00
       222   -7.9002333620e-01    5.2723450951e-03    2.5600869701e+02    2.5600000000e+02    0.0000000000e+00   -7.8737563474e-01    1.0000000000e+00    1.0000000000e+00
       223   -7.9442781715e-01    6.8386679447e-03    2.5602445572e+02    2.5600000000e+02    0.0000000000e+00   -7.8737986812e-01    1.0000000000e+00    1.0000000000e+00
       224   -7.8608869934e-01    6.2962657329e-03    2.5601433122e+02    2.5600000000e+02    0.0000000000e+00   -7.8739282629e-01    1.0000000000e+00    1.0000000000e+00
       225   -7.8813217651e-01    5.7687033601e-03    2.5599808666e+02    2.5600000000e+02    0.0000000000e+00   -7.8742714332e-01    1.0000000000e+00    9.9609375000e-01
       226   -7.8746429887e-01    5.4175575941e-03    2.5502208744e+02    2.5500000000e+02    2.5000000000e-01   -7.8350674670e-01    9.9388254589e-01    1.0000000000e+00
       227   -7.8933173500e-01    5.1361153984e-03    2.5502460353e+02    2.5500000000e+02    0.0000000000e+00   -7.8351018405e-01    1.0000000000e+00    1.0000000000e+00
       228   -7.9097870268e-01    5.8601534466e-03    2.5503353595e+02    2.5500000000e+02    0.0000000000e+00   -7.8351037739e-01    9.9660617435e-01    9.9607843137e-01
       229   -7.8796050024e-01    4.3982086615e-03    2.5405071877e+02    2.5400000000e+02    0.0000000000e+00   -7.7959022585e-01    9.9883374241e-01    9.9606299213e-01
       230   -7.8895118826e-01    4.6791133052e-03    2.5306522110e+02    2.5300000000e+02    0.0000000000e+00   -7.7566232993e-01    9.9119179413e-01    1.0000000000e+00
       231   -7.8913292764e-01    5.3531542154e-03    2.5404780520e+02    2.5400000000e+02    2.5000000000e-01   -7.7960952630e-01    9.9054986613e-01    1.0000000000e+00
       232   -7.9238149355e-01    8.4091004483e-03    2.5405613092e+02    2.5400000000e+02    0.0000000000e+00   -7.7961659462e-01    1.0000000000e+00    1.0000000000e+00
       233   -7.8960503983e-01    8.3913627888e-03    2.5503821167e+02    2.5500000000e+02    2.5000000000e-01   -7.8355372796e-01    1.0000000000e+00    1.0000000000e+00
       234   -7.8535082406e-01    5.6692736042e-03    2.5501946062e+02    2.5500000000e+02    0.0000000000e+00   -7.8357668995e-01    9.9537248760e-01    1.0000000000e+00
       235   -7.8748087679e-01    5.7753923446e-03    2.5501410389e+02    2.5500000000e+02    0.0000000000e+00   -7.8358652460e-01    9.9053320434e-01    1.0000000000e+00
       236   -7.8714666120e-01    7.0221536005e-03    2.5600041560e+02    2.5600000000e+02    2.5000000000e-01   -7.8749047207e-01    1.0000000000e+00    1.0000000000e+00
       237   -7.8404738547e-01    6.9223923173e-03    2.5599002221e+02    2.5600000000e+02    0.0000000000e+00   -7.8749042785e-01    9.9247636586e-01    1.0000000000e+00
       238   -7.8403761138e-01    7.0646365178e-03    2.5598209857e+02    2.5600000000e+02    0.0000000000e+00   -7.8748885094e-01    1.0000000000e+00    1.0000000000e+00
       239   -7.8128866201e-01    8.3224012279e-03    2.5695578379e+02    2.5700000000e+02    2.5000000000e-01   -7.9137177690e-01    9.9508438952e-01    1.0000000000e+00
       240   -7.9038749035e-01    6.6491068233e-03    2.5697137156e+02    2.5700000000e+02    0.0000000000e+00   -7.9135616088e-01    1.0000000000e+00    9.9610894942e-01
       241   -7.9206985017e-01    7.3812870586e-03    2.5601988137e+02    2.5600000000e+02    0.0000000000e+00   -7.8742960708e-01    9.8810298310e-01    1.0000000000e+00
       242   -7.9075899921e-01    6.6136021837e-03    2.5601993759e+02    2.5600000000e+02    0.0000000000e+00   -7.8744293088e-01    9.9822175319e-01    1.0000000000e+00
       243   -7.8742811076e-01    7.0170874803e-03    2.5600799599e+02    2.5600000000e+02    0.0000000000e+00   -7.8746367939e-01    9.9391284835e-01    1.0000000000e+00
       244   -7.8621170364e-01    6.3415888013e-03    2.5599634375e+02    2.5600000000e+02    0.0000000000e+00   -7.8747839064e-01    9.9660987668e-01    9.9609375000e-01
       245   -7.8674693654e-01    7.8128698645e-03    2.5501459898e+02    2.5500000000e+02    0.0000000000e+00   -7.8356426786e-01    9.9449220250e-01    1.0000000000e+00
       246   -7.8647477566e-01    6.1466360339e-03    2.5599628051e+02    2.5600000000e+02    2.5000000000e-01   -7.8747256336e-01    9.9598160706e-01    1.0000000000e+00
       247   -7.8652013447e-01    6.5555088081e-03    2.5697503038e+02    2.5700000000e+02    2.5000000000e-01   -7.9136800718e-01    9.9732016131e-01    1.0000000000e+00
       248   -7.8917665313e-01    7.5853009736e-03    2.5698166188e+02    2.5700000000e+02    0.0000000000e+00   -7.9136364494e-01    1.0000000000e+00    1.0000000000e+00
       249   -7.8500224857e-01    6.5068922367e-03    2.5697778526e+02    2.5700000000e+02    0.0000000000e+00   -7.9135951887e-01    9.9872956387e-01    9.9610894942e-01
       250   -7.8577908381e-01    6.3620644263e-03    2.5598940644e+02    2.5600000000e+02    2.5000000000e-01   -7.8746833834e-01    9.9542978915e-01    1.0000000000e+00
       251   -7.8771352688e-01    7.3591763776e-03    2.5599604540e+02    2.5600000000e+02    0.0000000000e+00   -7.8745766263e-01    9.8826179026e-01    1.0000000000e+00
       252   -7.9191585430e-01    8.6860130272e-03    2.5601171295e+02    2.5600000000e+02    0.0000000000e+00   -7.8745042737e-01    9.9861279145e-01    1.0000000000e+00
       253   -7.9121339371e-01    8.2518503390e-03    2.5700215957e+02    2.5700000000e+02    2.5000000000e-01   -7.9135019697e-01    1.0000000000e+00    1.0000000000e+00
       254   -7.8819884172e-01    6.4537789471e-03    2.5699110398e+02    2.5700000000e+02    0.0000000000e+00   -7.9136927517e-01    1.0000000000e+00    1.0000000000e+00
       255   -7.8847602663e-01    9.5936066480e-03    2.5698402861e+02    2.5700000000e+02    0.0000000000e+00   -7.9138520180e-01    9.9668419080e-01    1.0000000000e+00
       256   -7.9386865726e-01    1.0428099459e-02    2.5699849148e+02    2.5700000000e+02    0.0000000000e+00   -7.9138821994e-01    9.9815226210e-01    1.0000000000e+00
       257   -7.9069454175e-01    8.8431792607e-03    2.5700408125e+02    2.5700000000e+02    0.0000000000e+00   -7.9139238216e-01    1.0000000000e+00    1.0000000000e+00
       258   -7.8781161375e-01    7.9562077597e-03    2.5698850431e+02    2.5700000000e+02    0.0000000000e+00   -7.9141916752e-01    1.0000000000e+00    1.0000000000e+00
       259   -7.8909181980e-01    7.3288887708e-03    2.5698436062e+02    2.5700000000e+02    0.0000000000e+00   -7.9143244792e-01    9.9737873598e-01    1.0000000000e+00
       260   -7.8694212759e-01    8.0307925580e-03    2.5698212464e+02    2.5700000000e+02    0.0000000000e+00   -7.9143360544e-01    1.0000000000e+00    1.0000000000e+00
       261   -7.9351498927e-01    6.9723275584e-03    2.5797426904e+02    2.5800000000e+02    2.5000000000e-01   -7.9532356545e-01    9.9223871185e-01    1.0000000000e+00
       262   -7.9358675946e-01    8.9535255630e-03    2.5799052401e+02    2.5800000000e+02    0.0000000000e+00   -7.9532108901e-01    9.9712222934e-01    1.0000000000e+00
       263   -7.8916528201e-01    7.1321597638e-03    2.5797922924e+02    2.5800000000e+02    0.0000000000e+00   -7.9534568177e-01    1.0000000000e+00    9.9612403101e-01
       264   -7.8728465058e-01    7.4204416209e-03    2.5698305037e+02    2.5700000000e+02    2.5000000000e-01   -7.9148686707e-01    9.9850942569e-01    1.0000000000e+00
       265   -7.8576015580e-01    7.3187241559e-03    2.5697418062e+02    2.5700000000e+02    0.0000000000e+00   -7.9149330403e-01    1.0000000000e+00    1.0000000000e+00
       266   -7.8429880796e-01    7.9327740754e-03    2.5696652722e+02    2.5700000000e+02    0.0000000000e+00   -7.9149204381e-01    1.0000000000e+00    9.9610894942e-01
       267   -8.0952858181e-01    1.6749906732e-01    2.5604750119e+02    2.5600000000e+02    2.5000000000e-01   -7.8758598134e-01    9.9631526213e-01    1.0000000000e+00
       268   -7.8659692456e-01    6.7113836213e-03    2.5703183677e+02    2.5700000000e+02    0.0000000000e+00   -7.9147136702e-01    9.9121453905e-01    1.0000000000e+00
       269   -7.8417468043e-01    1.0190882967e-02    2.5794476493e+02    2.5800000000e+02    2.5000000000e-01   -7.9544304318e-01    9.9370707744e-01    1.0000000000e+00
       270   -7.8146656565e-01    1.2673724355e-02    2.5793462151e+02    2.5800000000e+02    0.0000000000e+00   -7.9543878726e-01    1.0000000000e+00    1.0000000000e+00
       271   -7.7747287311e-01    1.2722332222e-02    2.5791736550e+02    2.5800000000e+02    0.0000000000e+00   -7.9542491489e-01    9.8851663549e-01    1.0000000000e+00
       272   -7.8262323579e-01    8.3068215258e-03    2.5792051680e+02    2.5800000000e+02    0.0000000000e+00   -7.9540040612e-01    1.0000000000e+00    1.0000000000e+00
       273   -7.7981467564e-01    7.8199489123e-03    2.5792686077e+02    2.5800000000e+02    0.0000000000e+00   -7.9536030576e-01    9.9291977829e-01    1.0000000000e+00
       274   -7.8360810150e-01    6.5252283035e-03    2.5792954731e+02    2.5800000000e+02    0.0000000000e+00   -7.9534079816e-01    1.0000000000e+00    1.0000000000e+00
       275   -7.8738753281e-01    8.6721459909e-03    2.5794918974e+02    2.5800000000e+02    0.0000000000e+00   -7.9531042960e-01    1.0000000000e+00    1.0000000000e+00
       276   -7.8825306171e-01    6.5496592360e-03    2.5796121428e+02    2.5800000000e+02    0.0000000000e+00   -7.9529511637e-01    1.0000000000e+00    1.0000000000e+00
       277   -7.8379230431e-01    6.3564002822e-03    2.5795198391e+02    2.5800000000e+02    0.0000000000e+00   -7.9529462826e-01    9.9026579252e-01    1.0000000000e+00
       278   -7.8693376882e-01    6.7748210160e-03    2.5794861309e+02    2.5800000000e+02    0.0000000000e+00   -7.9529749871e-01    9.8959661934e-01    1.0000000000e+00
       279   -7.8551118425e-01    6.7001381558e-03    2.5795308348e+02    2.5800000000e+02    0.0000000000e+00   -7.9528312398e-01    9.9777613935e-01    9.9612403101e-01
       280   -7.8761678924e-01    7.2754571696e-03    2.5697705239e+02    2.5700000000e+02    2.5000000000e-01   -7.9139744236e-01    9.9119690632e-01    1.0000000000e+00
       281   -7.8707478364e-01    6.9338442517e-03    2.5697895654e+02    2.5700000000e+02    0.0000000000e+00   -7.9138982696e-01    9.9715720889e-01    1.0000000000e+00
       282   -7.8403348756e-01    9.8134248801e-03    2.5696973159e+02    2.5700000000e+02    0.0000000000e+00   -7.9139030636e-01    9.9159087953e-01    9.9610894942e-01
       283   -7.8231424020e-01    6.9074388063e-03    2.5597812055e+02    2.5600000000e+02    2.5000000000e-01   -7.8749008084e-01    9.9710734127e-01    9.9609375000e-01
       284   -7.8582356724e-01    9.4901871267e-03    2.5500316466e+02    2.5500000000e+02    2.5000000000e-01   -7.8356308837e-01    1.0000000000e+00    9.9607843137e-01
       285   -7.8732542801e-01    7.6099466786e-03    2.5403572096e+02    2.5400000000e+02    2.5000000000e-01   -7.7961432816e-01    1.0000000000e+00    1.0000000000e+00
       286   -7.8227155447e-01    6.9678018777e-03    2.5402591200e+02    2.5400000000e+02    0.0000000000e+00   -7.7960818554e-01    9.8970680078e-01    1.0000000000e+00
       287   -7.8176258907e-01    6.5630282695e-03    2.5401188331e+02    2.5400000000e+02    0.0000000000e+00   -7.7960771387e-01    9.9607365270e-01    1.0000000000e+00
       288   -7.8257760156e-01    6.1569839590e-03    2.5499316674e+02    2.5500000000e+02    0.0000000000e+00   -7.8351766613e-01    9.9837801075e-01    1.0000000000e+00
       289   -7.8624413430e-01    6.2813851844e-03    2.5500434747e+02    2.5500000000e+02    0.0000000000e+00   -7.8349659186e-01    1.0000000000e+00    1.0000000000e+00
       290   -7.8703056670e-01    6.0936668741e-03    2.5501575778e+02    2.5500000000e+02    0.0000000000e+00   -7.8347869227e-01    1.0000000000e+00    1.0000000000e+00
       291   -7.8509845756e-01    6.0068432490e-03    2.5501288075e+02    2.5500000000e+02    0.0000000000e+00   -7.8347445442e-01    1.0000000000e+00    1.0000000000e+00
       292   -7.8666879099e-01    7.5523013736e-03    2.5501195755e+02    2.5500000000e+02    0.0000000000e+00   -7.8347313903e-01    1.0000000000e+00    1.0000000000e+00
       293   -7.8718956755e-01    6.2803406799e-03    2.5501730261e+02    2.5500000000e+02    0.0000000000e+00   -7.8346475595e-01    9.9147504621e-01    1.0000000000e+00
       294   -7.8732606931e-01    6.9704814278e-03    2.5501898300e+02    2.5500000000e+02    0.0000000000e+00   -7.8346216520e-01    9.9783345681e-01    1.0000000000e+00
       295   -7.8979465762e-01    6.0645547730e-03    2.5600626081e+02    2.5600000000e+02    0.0000000000e+00   -7.8737538635e-01    1.0000000000e+00    1.0000000000e+00
       296   -7.8675857966e-01    6.4569432923e-03    2.5600429756e+02    2.5600000000e+02    0.0000000000e+00   -7.8737520767e-01    1.0000000000e+00    1.0000000000e+00
       297   -7.9662498521e-01    1.9277287856e-02    2.5602151908e+02    2.5600000000e+02    0.0000000000e+00   -7.8738394215e-01    1.0000000000e+00    1.0000000000e+00
       298   -7.9690113686e-01    1.8874187959e-02    2.5604724334e+02    2.5600000000e+02    0.0000000000e+00   -7.8738169264e-01    9.9368715235e-01    1.0000000000e+00
       299   -7.9215662084e-01    1.2404991523e-02    2.5603546405e+02    2.5600000000e+02    0.0000000000e+00   -7.8741482272e-01    1.0000000000e+00    1.0000000000e+00

