#   index    LocalEnergy         LocalEnergy_sq      LocalPotential      Kinetic             ElecElec            IonIon              LocalECP            NonLocalECP         BlockWeight         BlockCPU            AcceptRatio         
         0   -7.8785084660e-01    6.2747668285e-01   -1.4906294957e+00    7.0277864913e-01    4.0148021110e-01    3.3179334769e-01   -2.2560245472e+00    3.2121492721e-02    2.5600000000e+03    1.1875076754e-02    9.9843688487e-01
         1   -7.9124363593e-01    6.3466565067e-01   -1.5132890614e+00    7.2204542544e-01    4.0061853584e-01    3.3179334769e-01   -2.2776262292e+00    3.1925284306e-02    2.5630000000e+03    1.2801517249e-02    9.9922177710e-01
         2   -7.8957238278e-01    6.3070198747e-01   -1.5225483601e+00    7.3297597733e-01    4.1447622043e-01    3.3179334769e-01   -2.3064500389e+00    3.7632110661e-02    2.5560000000e+03    1.3057030752e-02    9.9863281250e-01
         3   -7.8977266581e-01    6.3208619648e-01   -1.5226713657e+00    7.3289869987e-01    4.0527914273e-01    3.3179334769e-01   -2.2989813676e+00    3.9237511517e-02    2.5510000000e+03    1.2842725253e-02    9.9725820807e-01
         4   -7.8633421459e-01    6.2343229327e-01   -1.5547464740e+00    7.6841225941e-01    4.2575864018e-01    3.3179334769e-01   -2.3429941844e+00    3.0695722500e-02    2.5420000000e+03    1.3571094245e-02    9.9684775939e-01
         5   -7.9299291454e-01    6.3717872416e-01   -1.5160377498e+00    7.2304483521e-01    4.4477678677e-01    3.3179334769e-01   -2.3268682040e+00    3.4260319738e-02    2.5710000000e+03    1.2186996752e-02    9.9785392238e-01
         6   -7.8643648753e-01    6.2416281710e-01   -1.4537992689e+00    6.6736278133e-01    4.3955206058e-01    3.3179334769e-01   -2.2575921416e+00    3.2447464497e-02    2.5800000000e+03    1.2820423744e-02    9.9844383017e-01
         7   -7.8607805264e-01    6.2429871274e-01   -1.4246570672e+00    6.3857901451e-01    4.4453990181e-01    3.3179334769e-01   -2.2256243689e+00    2.4634052202e-02    2.6010000000e+03    1.4236998999e-02    9.9865175549e-01
         8   -7.8224112121e-01    6.1722104185e-01   -1.4742756933e+00    6.9203457208e-01    4.1942176755e-01    3.3179334769e-01   -2.2558496799e+00    3.0358871402e-02    2.6160000000e+03    1.3221352998e-02    9.9847203863e-01
         9   -7.8958112853e-01    6.3163431209e-01   -1.4286327319e+00    6.3905160333e-01    4.3218786648e-01    3.3179334769e-01   -2.2253758954e+00    3.2761949387e-02    2.6260000000e+03    1.3097968749e-02    9.9809386829e-01
        10   -7.8433375474e-01    6.2077369174e-01   -1.4464663198e+00    6.6213256510e-01    4.2689984130e-01    3.3179334769e-01   -2.2438467900e+00    3.8687281176e-02    2.6150000000e+03    1.2488807501e-02    9.9731879655e-01
        11   -7.8020015567e-01    6.1435820154e-01   -1.3962610677e+00    6.1606091205e-01    4.2863558706e-01    3.3179334769e-01   -2.2046240176e+00    4.7934015100e-02    2.5950000000e+03    1.2641731755e-02    9.9903487817e-01
        12   -7.8424179325e-01    6.2073726759e-01   -1.3562073099e+00    5.7196551664e-01    4.1087146450e-01    3.3179334769e-01   -2.1531751738e+00    5.4303051710e-02    2.5760000000e+03    1.3981943746e-02    9.9903037510e-01
        13   -7.8630679030e-01    6.2462910726e-01   -1.3805333523e+00    5.9422656203e-01    4.0088021725e-01    3.3179334769e-01   -2.1565902342e+00    4.3383316947e-02    2.5590000000e+03    1.2486768246e-02    9.9941344642e-01
        14   -7.8944535299e-01    6.2993863301e-01   -1.4334001326e+00    6.4395477965e-01    4.0618812383e-01    3.3179334769e-01   -2.2176696231e+00    4.6288018917e-02    2.5680000000e+03    1.3251298002e-02    9.9785490190e-01
        15   -7.8876890695e-01    6.2726611033e-01   -1.4436233980e+00    6.5485449107e-01    4.1840839205e-01    3.3179334769e-01   -2.2451237679e+00    5.1298630155e-02    2.5710000000e+03    1.1841001247e-02    9.9844353565e-01
        16   -7.8876182602e-01    6.2856625663e-01   -1.4757844067e+00    6.8702258065e-01    4.2126517154e-01    3.3179334769e-01   -2.2858311848e+00    5.6988258924e-02    2.5590000000e+03    1.3946421499e-02    9.9745940923e-01
        17   -7.8745952105e-01    6.2892847245e-01   -1.5654938333e+00    7.7803431229e-01    4.2245315913e-01    3.3179334769e-01   -2.3630199880e+00    4.3279647810e-02    2.5550000000e+03    1.3401696746e-02    9.9726316824e-01
        18   -7.9033861361e-01    6.3583751059e-01   -1.5771748501e+00    7.8683623653e-01    4.3608361036e-01    3.3179334769e-01   -2.3971755887e+00    5.2123780499e-02    2.5420000000e+03    1.2011337749e-02    9.9901974073e-01
        19   -7.8900043605e-01    6.3048230160e-01   -1.5494785348e+00    7.6047809871e-01    4.3525073329e-01    3.3179334769e-01   -2.3773337066e+00    6.0811090903e-02    2.5530000000e+03    1.2515877494e-02    9.9862696471e-01
        20   -7.8516675008e-01    6.2361428314e-01   -1.5486451909e+00    7.6347844078e-01    4.2998547086e-01    3.3179334769e-01   -2.3518347680e+00    4.1410758568e-02    2.5650000000e+03    1.2305420245e-02    9.9707152562e-01
        21   -7.9109405816e-01    6.3374075309e-01   -1.5226574046e+00    7.3156334640e-01    4.3306594650e-01    3.3179334769e-01   -2.3162311412e+00    2.8714442462e-02    2.5740000000e+03    1.4980143245e-02    9.9767433484e-01
        22   -7.8880139182e-01    6.2779935573e-01   -1.4497137281e+00    6.6091233632e-01    4.4650535421e-01    3.3179334769e-01   -2.2572218921e+00    2.9209462022e-02    2.5520000000e+03    1.2957617000e-02    9.9902190251e-01
        23   -7.8693202039e-01    6.2603408740e-01   -1.4220979235e+00    6.3516590308e-01    4.3061522787e-01    3.3179334769e-01   -2.2276902474e+00    4.3183748342e-02    2.5550000000e+03    1.3078211752e-02    9.9764855666e-01
        24   -7.8804877095e-01    6.2788511954e-01   -1.4878623445e+00    6.9981357351e-01    4.2875232589e-01    3.3179334769e-01   -2.2852703700e+00    3.6862351935e-02    2.5620000000e+03    1.2385805501e-02    9.9746183548e-01
        25   -7.8940194464e-01    6.3127827011e-01   -1.4795250649e+00    6.9012312021e-01    4.2558285051e-01    3.3179334769e-01   -2.2718497225e+00    3.4948459449e-02    2.5680000000e+03    1.3134798250e-02    9.9863281250e-01
        26   -7.8978193555e-01    6.4677866614e-01   -1.4803703864e+00    6.9058845083e-01    4.3645825727e-01    3.3179334769e-01   -2.2778776898e+00    2.9255698417e-02    2.5740000000e+03    1.3592441250e-02    9.9787117057e-01
        27   -7.8358749048e-01    6.2233419899e-01   -1.4783233263e+00    6.9473583581e-01    4.4407923739e-01    3.3179334769e-01   -2.3108817893e+00    5.6685877974e-02    2.5790000000e+03    1.3759287256e-02    9.9767127404e-01
        28   -7.8468937988e-01    6.2315368255e-01   -1.4879128304e+00    7.0322345052e-01    4.3316793276e-01    3.3179334769e-01   -2.3188179607e+00    6.5943849879e-02    2.5520000000e+03    1.3192422255e-02    9.9764146293e-01
        29   -7.8940692601e-01    6.3271537964e-01   -1.5352756640e+00    7.4586873800e-01    4.2720379507e-01    3.3179334769e-01   -2.3414646027e+00    4.7191795890e-02    2.5560000000e+03    1.1641789250e-02    9.9921721211e-01
