                     0             -0.151576                     0
                 0.006             -0.151598           -0.00736071
                 0.012             -0.151664            -0.0145379
                 0.018             -0.151772            -0.0215314
                 0.024             -0.151922            -0.0283414
                  0.03             -0.152112            -0.0349678
                 0.036             -0.152341            -0.0414107
                 0.042             -0.152608            -0.0476699
                 0.048             -0.152913            -0.0537456
                 0.054             -0.153253            -0.0596378
                  0.06             -0.153628            -0.0653463
                 0.066             -0.154037            -0.0708713
                 0.072             -0.154478            -0.0762127
                 0.078             -0.154951            -0.0813705
                 0.084             -0.155454            -0.0863448
                  0.09             -0.155987            -0.0911355
                 0.096             -0.156547            -0.0957426
                 0.102             -0.157135             -0.100166
                 0.108             -0.157749             -0.104406
                 0.114             -0.158388             -0.108462
                  0.12              -0.15905             -0.112335
                 0.126             -0.159735             -0.116025
                 0.132             -0.160442              -0.11953
                 0.138             -0.161169             -0.122852
                 0.144             -0.161916             -0.125991
                  0.15             -0.162681             -0.128946
                 0.156             -0.163463             -0.131717
                 0.162             -0.164261             -0.134305
                 0.168             -0.165074             -0.136709
                 0.174             -0.165901              -0.13893
                  0.18             -0.166741             -0.140967
                 0.186             -0.167593              -0.14282
                 0.192             -0.168455              -0.14449
                 0.198             -0.169326             -0.145977
                 0.204             -0.170206             -0.147279
                  0.21             -0.171093             -0.148399
                 0.216             -0.171986             -0.149334
                 0.222             -0.172885             -0.150086
                 0.228             -0.173787             -0.150655
                 0.234             -0.174692              -0.15104
                  0.24             -0.175599             -0.151241
                 0.246             -0.176507             -0.151259
                 0.252             -0.177414             -0.151093
                 0.258             -0.178319             -0.150744
                 0.264             -0.179222             -0.150211
                  0.27             -0.180122             -0.149494
                 0.276             -0.181016             -0.148594
                 0.282             -0.181904              -0.14751
                 0.288             -0.182786             -0.146243
                 0.294             -0.183659             -0.144792
                   0.3             -0.184523             -0.143158
                 0.306             -0.185376              -0.14134
                 0.312             -0.186219             -0.139339
                 0.318             -0.187048             -0.137153
                 0.324             -0.187864             -0.134785
                  0.33             -0.188665             -0.132232
                 0.336              -0.18945             -0.129497
                 0.342             -0.190219             -0.126577
                 0.348             -0.190969             -0.123474
                 0.354               -0.1917             -0.120188
                  0.36             -0.192411             -0.116718
                 0.366               -0.1931             -0.113064
                 0.372             -0.193767             -0.109227
                 0.378             -0.194411             -0.105206
                 0.384             -0.195029             -0.101001
                  0.39             -0.195622            -0.0966133
                 0.396             -0.196188            -0.0920417
                 0.402             -0.196726            -0.0872866
                 0.408             -0.197235            -0.0823479
                 0.414             -0.197714            -0.0772256
                  0.42             -0.198162            -0.0719197
                 0.426             -0.198577            -0.0664303
                 0.432             -0.198959            -0.0607572
                 0.438             -0.199306            -0.0549007
                 0.444             -0.199617            -0.0488605
                  0.45             -0.199892            -0.0426368
                 0.456             -0.200128            -0.0362295
                 0.462             -0.200326            -0.0296395
                 0.468             -0.200484            -0.0230354
                 0.474             -0.200603            -0.0165433
                  0.48             -0.200683            -0.0101629
                 0.486             -0.200725           -0.00389443
                 0.492              -0.20073            0.00226222
                 0.498             -0.200698            0.00830703
                 0.504              -0.20063               0.01424
                  0.51             -0.200527             0.0200611
                 0.516              -0.20039             0.0257704
                 0.522             -0.200218             0.0313678
                 0.528             -0.200014             0.0368534
                 0.534             -0.199776             0.0422272
                  0.54             -0.199507             0.0474891
                 0.546             -0.199207             0.0526392
                 0.552             -0.198876             0.0576774
                 0.558             -0.198515             0.0626038
                 0.564             -0.198125             0.0674183
                  0.57             -0.197706              0.072121
                 0.576             -0.197259             0.0767119
                 0.582             -0.196786             0.0811909
                 0.588             -0.196285             0.0855581
                 0.594             -0.195759             0.0898134
                   0.6             -0.195208             0.0939569
                 0.606             -0.194632             0.0979885
                 0.612             -0.194032              0.101908
                 0.618             -0.193409              0.105716
                 0.624             -0.192764              0.109412
                  0.63             -0.192096              0.112997
                 0.636             -0.191408              0.116469
                 0.642             -0.190699               0.11983
                 0.648              -0.18997              0.123078
                 0.654             -0.189222              0.126215
                  0.66             -0.188456               0.12924
                 0.666             -0.187672              0.132154
                 0.672              -0.18687              0.134955
                 0.678             -0.186052              0.137645
                 0.684             -0.185219              0.140222
                  0.69              -0.18437              0.142688
                 0.696             -0.183507              0.145042
                 0.702              -0.18263              0.147284
                 0.708              -0.18174              0.149415
                 0.714             -0.180837              0.151433
                  0.72             -0.179923               0.15334
                 0.726             -0.178997              0.155134
                 0.732             -0.178061              0.156817
                 0.738             -0.177116              0.158389
                 0.744             -0.176161              0.159848
                  0.75             -0.175198              0.161195
                 0.756             -0.174227              0.162431
                 0.762             -0.173249              0.163555
                 0.768             -0.172264              0.164566
                 0.774             -0.171274              0.165466
                  0.78             -0.170279              0.166255
                 0.786             -0.169279              0.166931
                 0.792             -0.168276              0.167496
                 0.798             -0.167269              0.167948
                 0.804             -0.166261              0.168289
                  0.81              -0.16525              0.168518
                 0.816             -0.164239              0.168635
                 0.822             -0.163227              0.168641
                 0.828             -0.162215              0.168534
                 0.834             -0.161205              0.168316
                  0.84             -0.160196              0.167985
                 0.846             -0.159189              0.167543
                 0.852             -0.158185              0.166989
                 0.858             -0.157185              0.166324
                 0.864              -0.15619              0.165546
                  0.87             -0.155199              0.164657
                 0.876             -0.154214              0.163655
                 0.882             -0.153235              0.162542
                 0.888             -0.152264              0.161317
                 0.894               -0.1513              0.159981
                   0.9             -0.150344              0.158532
                 0.906             -0.149398              0.156971
                 0.912             -0.148461              0.155299
                 0.918             -0.147534              0.153515
                 0.924             -0.146619               0.15162
                  0.93             -0.145715              0.149697
                 0.936             -0.144822              0.147789
                 0.942             -0.143941              0.145898
                 0.948             -0.143072              0.144024
                 0.954             -0.142213              0.142166
                  0.96             -0.141366              0.140325
                 0.966             -0.140529                0.1385
                 0.972             -0.139704              0.136692
                 0.978             -0.138889                0.1349
                 0.984             -0.138085              0.133125
                  0.99             -0.137291              0.131366
                 0.996             -0.136508              0.129624
                 1.002             -0.135736              0.127898
                 1.008             -0.134974              0.126189
                 1.014             -0.134221              0.124496
                  1.02              -0.13348               0.12282
                 1.026             -0.132748               0.12116
                 1.032             -0.132026              0.119517
                 1.038             -0.131313              0.117891
                 1.044             -0.130611               0.11628
                  1.05             -0.129918              0.114687
                 1.056             -0.129235               0.11311
                 1.062             -0.128561              0.111549
                 1.068             -0.127896              0.110005
                 1.074             -0.127241              0.108478
                  1.08             -0.126594              0.106967
                 1.086             -0.125957              0.105472
                 1.092             -0.125329              0.103995
                 1.098             -0.124709              0.102533
                 1.104             -0.124098              0.101088
                  1.11             -0.123496             0.0996599
                 1.116             -0.122902              0.098248
                 1.122             -0.122317             0.0968527
                 1.128              -0.12174             0.0954739
                 1.134             -0.121171             0.0941116
                  1.14              -0.12061             0.0927658
                 1.146             -0.120058             0.0914365
                 1.152             -0.119513             0.0901238
                 1.158             -0.118976             0.0888275
                 1.164             -0.118447             0.0875478
                  1.17             -0.117926             0.0862846
                 1.176             -0.117412              0.085038
                 1.182             -0.116905             0.0838078
                 1.188             -0.116406             0.0825942
                 1.194             -0.115914             0.0813971
                   1.2             -0.115429             0.0802165
                 1.206             -0.114951             0.0790524
                 1.212             -0.114481             0.0779048
                 1.218             -0.114017             0.0767738
                 1.224             -0.113559             0.0756593
                  1.23             -0.113109             0.0745613
                 1.236             -0.112665             0.0734798
                 1.242             -0.112227             0.0724148
                 1.248             -0.111796             0.0713663
                 1.254              -0.11137             0.0703344
                  1.26             -0.110951              0.069319
                 1.266             -0.110539             0.0683201
                 1.272             -0.110132             0.0673377
                 1.278              -0.10973             0.0663719
                 1.284             -0.109335             0.0654225
                  1.29             -0.108945             0.0644897
                 1.296             -0.108561             0.0635734
                 1.302             -0.108182             0.0626736
                 1.308             -0.107809             0.0617903
                 1.314             -0.107441             0.0609236
                  1.32             -0.107078             0.0600734
                 1.326              -0.10672             0.0592396
                 1.332             -0.106367             0.0584225
                 1.338             -0.106019             0.0576218
                 1.344             -0.105676             0.0568376
                  1.35             -0.105337               0.05607
                 1.356             -0.105003             0.0553189
                 1.362             -0.104673             0.0545843
                 1.368             -0.104348             0.0538662
                 1.374             -0.104027             0.0531646
                  1.38              -0.10371             0.0524796
                 1.386             -0.103397             0.0518108
                 1.392             -0.103088             0.0511518
                 1.398             -0.102783             0.0504998
                 1.404             -0.102482             0.0498547
                  1.41             -0.102185             0.0492166
                 1.416             -0.101891             0.0485855
                 1.422             -0.101602             0.0479613
                 1.428             -0.101316             0.0473441
                 1.434             -0.101033             0.0467339
                  1.44             -0.100755             0.0461306
                 1.446              -0.10048             0.0455343
                 1.452             -0.100208              0.044945
                 1.458            -0.0999405             0.0443626
                 1.464            -0.0996761             0.0437872
                  1.47            -0.0994151             0.0432188
                 1.476            -0.0991575             0.0426573
                 1.482            -0.0989032             0.0421028
                 1.488            -0.0986522             0.0415553
                 1.494            -0.0984045             0.0410147
                   1.5              -0.09816             0.0404811
                 1.506            -0.0979187             0.0399545
                 1.512            -0.0976806             0.0394348
                 1.518            -0.0974455             0.0389221
                 1.524            -0.0972135             0.0384164
                  1.53            -0.0969845             0.0379176
                 1.536            -0.0967584             0.0374258
                 1.542            -0.0965354              0.036941
                 1.548            -0.0963151             0.0364631
                 1.554            -0.0960978             0.0359922
                  1.56            -0.0958832             0.0355282
                 1.566            -0.0956714             0.0350713
                 1.572            -0.0954624             0.0346212
                 1.578             -0.095256             0.0341782
                 1.584            -0.0950522             0.0337421
                  1.59             -0.094851              0.033313
                 1.596            -0.0946524             0.0328909
                 1.602            -0.0944563             0.0324757
                 1.608            -0.0942627             0.0320675
                 1.614            -0.0940715             0.0316662
                  1.62            -0.0938827             0.0312719
                 1.626            -0.0936962             0.0308846
                 1.632            -0.0935121             0.0305043
                 1.638            -0.0933302             0.0301309
                 1.644            -0.0931505             0.0297645
                  1.65             -0.092973              0.029405
                 1.656            -0.0927976             0.0290525
                 1.662            -0.0926243              0.028707
                 1.668            -0.0924531             0.0283685
                 1.674            -0.0922839             0.0280369
                  1.68            -0.0921167             0.0277123
                 1.686            -0.0919513             0.0273946
                 1.692            -0.0917879             0.0270839
                 1.698            -0.0916263             0.0267802
                 1.704            -0.0914665             0.0264834
                  1.71            -0.0913085             0.0261937
                 1.716            -0.0911522             0.0259108
                 1.722            -0.0909976              0.025635
                 1.728            -0.0908446             0.0253661
                 1.734            -0.0906932             0.0251042
                  1.74            -0.0905433             0.0248492
                 1.746            -0.0903949             0.0246012
                 1.752            -0.0902481             0.0243602
                 1.758            -0.0901026             0.0241261
                 1.764            -0.0899585              0.023899
                  1.77            -0.0898158             0.0236789
                 1.776            -0.0896744             0.0234657
                 1.782            -0.0895342             0.0232595
                 1.788            -0.0893953             0.0230603
                 1.794            -0.0892575              0.022868
                   1.8            -0.0891208             0.0226827
                 1.806            -0.0889853             0.0225044
                 1.812            -0.0888508              0.022333
                 1.818            -0.0887173             0.0221686
                 1.824            -0.0885847             0.0220112
                  1.83            -0.0884531             0.0218607
                 1.836            -0.0883224             0.0217172
                 1.842            -0.0881925             0.0215807
                 1.848            -0.0880634             0.0214508
                 1.854            -0.0879351             0.0213236
                  1.86            -0.0878075             0.0211976
                 1.866            -0.0876807             0.0210728
                 1.872            -0.0875546             0.0209492
                 1.878            -0.0874293             0.0208268
                 1.884            -0.0873047             0.0207057
                  1.89            -0.0871808             0.0205858
                 1.896            -0.0870577             0.0204671
                 1.902            -0.0869352             0.0203497
                 1.908            -0.0868135             0.0202334
                 1.914            -0.0866924             0.0201184
                  1.92            -0.0865721             0.0200046
                 1.926            -0.0864524              0.019892
                 1.932            -0.0863333             0.0197807
                 1.938             -0.086215             0.0196706
                 1.944            -0.0860973             0.0195617
                  1.95            -0.0859803              0.019454
                 1.956            -0.0858638             0.0193475
                 1.962            -0.0857481             0.0192423
                 1.968            -0.0856329             0.0191383
                 1.974            -0.0855184             0.0190355
                  1.98            -0.0854045             0.0189339
                 1.986            -0.0852912             0.0188336
                 1.992            -0.0851785             0.0187345
                 1.998            -0.0850664             0.0186366
                 2.004            -0.0849549             0.0185399
                  2.01            -0.0848439             0.0184444
                 2.016            -0.0847335             0.0183502
                 2.022            -0.0846237             0.0182572
                 2.028            -0.0845144             0.0181654
                 2.034            -0.0844057             0.0180749
                  2.04            -0.0842975             0.0179855
                 2.046            -0.0841899             0.0178974
                 2.052            -0.0840828             0.0178105
                 2.058            -0.0839762             0.0177248
                 2.064            -0.0838701             0.0176404
                  2.07            -0.0837645             0.0175572
                 2.076            -0.0836594             0.0174752
                 2.082            -0.0835548             0.0173944
                 2.088            -0.0834506             0.0173148
                 2.094             -0.083347             0.0172365
                   2.1            -0.0832438             0.0171594
                 2.106            -0.0831411             0.0170835
                 2.112            -0.0830388             0.0170088
                 2.118             -0.082937             0.0169354
                 2.124            -0.0828356             0.0168632
                  2.13            -0.0827346             0.0167922
                 2.136            -0.0826341             0.0167224
                 2.142            -0.0825339             0.0166539
                 2.148            -0.0824342             0.0165865
                 2.154            -0.0823349             0.0165204
                  2.16             -0.082236             0.0164555
                 2.166            -0.0821374             0.0163919
                 2.172            -0.0820393             0.0163294
                 2.178            -0.0819415             0.0162682
                 2.184             -0.081844             0.0162082
                  2.19             -0.081747             0.0161495
                 2.196            -0.0816502             0.0160919
                 2.202            -0.0815539             0.0160356
                 2.208            -0.0814578             0.0159805
                 2.214            -0.0813621             0.0159266
                  2.22            -0.0812667              0.015874
                 2.226            -0.0811716             0.0158225
                 2.232            -0.0810768             0.0157723
                 2.238            -0.0809823             0.0157233
                 2.244            -0.0808881             0.0156756
                  2.25            -0.0807942              0.015629
                 2.256            -0.0807006             0.0155837
                 2.262            -0.0806072             0.0155396
                 2.268            -0.0805141             0.0154967
                 2.274            -0.0804213             0.0154551
                  2.28            -0.0803286             0.0154147
                 2.286            -0.0802363             0.0153754
                 2.292            -0.0801441             0.0153375
                 2.298            -0.0800522             0.0153007
                 2.304            -0.0799605             0.0152652
                  2.31             -0.079869             0.0152309
                 2.316            -0.0797778             0.0151983
                 2.322            -0.0796867             0.0151674
                 2.328            -0.0795957             0.0151384
                 2.334             -0.079505              0.015111
                  2.34            -0.0794144             0.0150855
                 2.346             -0.079324             0.0150617
                 2.352            -0.0792337             0.0150397
                 2.358            -0.0791435             0.0150194
                 2.364            -0.0790534             0.0150009
                  2.37            -0.0789635             0.0149842
                 2.376            -0.0788736             0.0149692
                 2.382            -0.0787838              0.014956
                 2.388            -0.0786941             0.0149446
                 2.394            -0.0786045             0.0149349
                   2.4            -0.0785149              0.014927
                 2.406            -0.0784254             0.0149209
                 2.412            -0.0783359             0.0149165
                 2.418            -0.0782464             0.0149139
                 2.424            -0.0781569              0.014913
                  2.43            -0.0780674             0.0149139
                 2.436            -0.0779779             0.0149166
                 2.442            -0.0778884             0.0149211
                 2.448            -0.0777989             0.0149273
                 2.454            -0.0777093             0.0149352
                  2.46            -0.0776196              0.014945
                 2.466            -0.0775299             0.0149565
                 2.472            -0.0774402             0.0149698
                 2.478            -0.0773503             0.0149848
                 2.484            -0.0772603             0.0150016
                  2.49            -0.0771703             0.0150201
                 2.496            -0.0770801             0.0150405
                 2.502            -0.0769898             0.0150626
                 2.508            -0.0768993             0.0150864
                 2.514            -0.0768087              0.015112
                  2.52             -0.076718             0.0151394
                 2.526            -0.0766271             0.0151686
                 2.532             -0.076536             0.0151995
                 2.538            -0.0764447             0.0152322
                 2.544            -0.0763532             0.0152666
                  2.55            -0.0762615             0.0153028
                 2.556            -0.0761695             0.0153408
                 2.562            -0.0760774             0.0153805
                 2.568             -0.075985              0.015422
                 2.574            -0.0758923             0.0154653
                  2.58            -0.0757994             0.0155103
                 2.586            -0.0757062             0.0155571
                 2.592            -0.0756127             0.0156057
                 2.598            -0.0755189              0.015656
                 2.604            -0.0754248             0.0157081
                  2.61            -0.0753304              0.015762
                 2.616            -0.0752357             0.0158176
                 2.622            -0.0751406              0.015875
                 2.628            -0.0750452             0.0159341
                 2.634            -0.0749494              0.015995
                  2.64            -0.0748532             0.0160577
                 2.646            -0.0747567             0.0161221
                 2.652            -0.0746597             0.0161883
                 2.658            -0.0745624             0.0162563
                 2.664            -0.0744647             0.0163261
                  2.67            -0.0743665             0.0163976
                 2.676            -0.0742679             0.0164708
                 2.682            -0.0741688             0.0165458
                 2.688            -0.0740693             0.0166226
                 2.694            -0.0739694             0.0167012
                   2.7            -0.0738689             0.0167815
                 2.706             -0.073768             0.0168636
                 2.712            -0.0736666             0.0169475
                 2.718            -0.0735646             0.0170331
                 2.724            -0.0734622             0.0171205
                  2.73            -0.0733592             0.0172096
                 2.736            -0.0732556             0.0173005
                 2.742            -0.0731516             0.0173932
                 2.748            -0.0730469             0.0174876
                 2.754            -0.0729417             0.0175838
                  2.76            -0.0728359             0.0176818
                 2.766            -0.0727295             0.0177815
                 2.772            -0.0726225             0.0178828
                 2.778            -0.0725149              0.017984
                 2.784            -0.0724067             0.0180849
                  2.79            -0.0722979             0.0181854
                 2.796            -0.0721885             0.0182856
                 2.802            -0.0720785             0.0183854
                 2.808            -0.0719679             0.0184849
                 2.814            -0.0718567              0.018584
                  2.82            -0.0717449             0.0186827
                 2.826            -0.0716325             0.0187811
                 2.832            -0.0715195             0.0188792
                 2.838            -0.0714059             0.0189769
                 2.844            -0.0712918             0.0190742
                  2.85             -0.071177             0.0191712
                 2.856            -0.0710617             0.0192678
                 2.862            -0.0709458             0.0193641
                 2.868            -0.0708293               0.01946
                 2.874            -0.0707123             0.0195556
                  2.88            -0.0705947             0.0196508
                 2.886            -0.0704765             0.0197457
                 2.892            -0.0703577             0.0198402
                 2.898            -0.0702384             0.0199343
                 2.904            -0.0701185             0.0200282
                  2.91            -0.0699981             0.0201216
                 2.916            -0.0698771             0.0202147
                 2.922            -0.0697555             0.0203074
                 2.928            -0.0696334             0.0203998
                 2.934            -0.0695107             0.0204919
                  2.94            -0.0693875             0.0205836
                 2.946            -0.0692637             0.0206749
                 2.952            -0.0691394             0.0207659
                 2.958            -0.0690145             0.0208565
                 2.964            -0.0688891             0.0209467
                  2.97            -0.0687631             0.0210367
                 2.976            -0.0686367             0.0211262
                 2.982            -0.0685096             0.0212154
                 2.988            -0.0683821             0.0213043
                 2.994             -0.068254             0.0213928
                     3            -0.0681254             0.0214809
                 3.006            -0.0679962             0.0215687
                 3.012            -0.0678665             0.0216562
                 3.018            -0.0677363             0.0217433
                 3.024            -0.0676056               0.02183
                  3.03            -0.0674744             0.0219164
                 3.036            -0.0673426             0.0220024
                 3.042            -0.0672103             0.0220881
                 3.048            -0.0670776             0.0221734
                 3.054            -0.0669443             0.0222584
                  3.06            -0.0668105              0.022343
                 3.066            -0.0666762             0.0224272
                 3.072            -0.0665413             0.0225111
                 3.078             -0.066406             0.0225947
                 3.084            -0.0662702             0.0226779
                  3.09            -0.0661339             0.0227607
                 3.096            -0.0659971             0.0228432
                 3.102            -0.0658598             0.0229254
                 3.108             -0.065722             0.0230071
                 3.114            -0.0655837             0.0230886
                  3.12            -0.0654449             0.0231697
                 3.126            -0.0653056             0.0232504
                 3.132            -0.0651659             0.0233308
                 3.138            -0.0650257             0.0234108
                 3.144             -0.064885             0.0234904
                  3.15            -0.0647438             0.0235697
                 3.156            -0.0646021             0.0236487
                 3.162              -0.06446             0.0237273
                 3.168            -0.0643174             0.0238056
                 3.174            -0.0641743             0.0238835
                  3.18            -0.0640308              0.023961
                 3.186            -0.0638868             0.0240382
                 3.192            -0.0637424              0.024115
                 3.198            -0.0635974             0.0241915
                 3.204            -0.0634521             0.0242676
                  3.21            -0.0633062             0.0243434
                 3.216            -0.0631599             0.0244188
                 3.222            -0.0630132             0.0244939
                 3.228             -0.062866             0.0245686
                 3.234            -0.0627184             0.0246427
                  3.24            -0.0625703             0.0247149
                 3.246            -0.0624218             0.0247849
                 3.252            -0.0622729             0.0248528
                 3.258            -0.0621236             0.0249185
                 3.264            -0.0619739             0.0249821
                  3.27            -0.0618238             0.0250436
                 3.276            -0.0616733             0.0251029
                 3.282            -0.0615226               0.02516
                 3.288            -0.0613714             0.0252151
                 3.294              -0.06122              0.025268
                   3.3            -0.0610682             0.0253187
                 3.306            -0.0609162             0.0253674
                 3.312            -0.0607638             0.0254138
                 3.318            -0.0606112             0.0254582
                 3.324            -0.0604583             0.0255004
                  3.33            -0.0603052             0.0255405
                 3.336            -0.0601518             0.0255784
                 3.342            -0.0599983             0.0256142
                 3.348            -0.0598445             0.0256478
                 3.354            -0.0596905             0.0256793
                  3.36            -0.0595363             0.0257087
                 3.366             -0.059382             0.0257359
                 3.372            -0.0592275              0.025761
                 3.378            -0.0590729             0.0257839
                 3.384            -0.0589181             0.0258048
                  3.39            -0.0587632             0.0258234
                 3.396            -0.0586082               0.02584
                 3.402            -0.0584531             0.0258543
                 3.408             -0.058298             0.0258666
                 3.414            -0.0581427             0.0258767
                  3.42            -0.0579875             0.0258847
                 3.426            -0.0578321             0.0258905
                 3.432            -0.0576768             0.0258942
                 3.438            -0.0575214             0.0258958
                 3.444             -0.057366             0.0258952
                  3.45            -0.0572107             0.0258925
                 3.456            -0.0570553             0.0258876
                 3.462               -0.0569             0.0258806
                 3.468            -0.0567448             0.0258714
                 3.474            -0.0565896             0.0258602
                  3.48            -0.0564344             0.0258467
                 3.486            -0.0562794             0.0258312
                 3.492            -0.0561245             0.0258135
                 3.498            -0.0559697             0.0257936
                 3.504             -0.055815             0.0257717
                  3.51            -0.0556604             0.0257475
                 3.516             -0.055506             0.0257213
                 3.522            -0.0553517             0.0256929
                 3.528            -0.0551977             0.0256624
                 3.534            -0.0550438             0.0256297
                  3.54            -0.0548901             0.0255949
                 3.546            -0.0547367             0.0255579
                 3.552            -0.0545834             0.0255188
                 3.558            -0.0544304             0.0254776
                 3.564            -0.0542777             0.0254342
                  3.57            -0.0541252             0.0253887
                 3.576            -0.0539731             0.0253411
                 3.582            -0.0538212             0.0252913
                 3.588            -0.0536696             0.0252393
                 3.594            -0.0535183             0.0251853
                   3.6            -0.0533673             0.0251291
                 3.606            -0.0532167             0.0250707
                 3.612            -0.0530665             0.0250102
                 3.618            -0.0529166             0.0249476
                 3.624            -0.0527671             0.0248828
                  3.63             -0.052618             0.0248159
                 3.636            -0.0524693             0.0247469
                 3.642            -0.0523211             0.0246757
                 3.648            -0.0521732             0.0246024
                 3.654            -0.0520258             0.0245269
                  3.66            -0.0518789             0.0244493
                 3.666            -0.0517325             0.0243696
                 3.672            -0.0515865             0.0242877
                 3.678             -0.051441             0.0242037
                 3.684             -0.051296             0.0241175
                  3.69            -0.0511516             0.0240292
                 3.696            -0.0510077             0.0239397
                 3.702            -0.0508643             0.0238527
                 3.708            -0.0507215             0.0237684
                 3.714            -0.0505791              0.023687
                  3.72            -0.0504372             0.0236085
                 3.726            -0.0502958             0.0235327
                 3.732            -0.0501548             0.0234598
                 3.738            -0.0500143             0.0233897
                 3.744            -0.0498741             0.0233224
                  3.75            -0.0497344             0.0232579
                 3.756             -0.049595             0.0231963
                 3.762             -0.049456             0.0231375
                 3.768            -0.0493174             0.0230815
                 3.774            -0.0491791             0.0230283
                  3.78             -0.049041             0.0229779
                 3.786            -0.0489033             0.0229304
                 3.792            -0.0487659             0.0228857
                 3.798            -0.0486287             0.0228438
                 3.804            -0.0484917             0.0228047
                  3.81             -0.048355             0.0227685
                 3.816            -0.0482185             0.0227351
                 3.822            -0.0480822             0.0227045
                 3.828             -0.047946             0.0226767
                 3.834            -0.0478101             0.0226517
                  3.84            -0.0476742             0.0226296
                 3.846            -0.0475385             0.0226103
                 3.852            -0.0474029             0.0225938
                 3.858            -0.0472674             0.0225801
                 3.864            -0.0471319             0.0225693
                  3.87            -0.0469965             0.0225613
                 3.876            -0.0468612             0.0225561
                 3.882            -0.0467259             0.0225537
                 3.888            -0.0465905             0.0225541
                 3.894            -0.0464552             0.0225574
                   3.9            -0.0463198             0.0225635
                 3.906            -0.0461844             0.0225724
                 3.912             -0.046049             0.0225842
                 3.918            -0.0459134             0.0225987
                 3.924            -0.0457778             0.0226161
                  3.93             -0.045642             0.0226363
                 3.936            -0.0455061             0.0226593
                 3.942            -0.0453701             0.0226852
                 3.948            -0.0452339             0.0227138
                 3.954            -0.0450975             0.0227453
                  3.96             -0.044961             0.0227796
                 3.966            -0.0448242             0.0228168
                 3.972            -0.0446871             0.0228567
                 3.978            -0.0445499             0.0228995
                 3.984            -0.0444123             0.0229451
                  3.99            -0.0442745             0.0229935
                 3.996            -0.0441364             0.0230448
                 4.002             -0.043998             0.0230988
                 4.008            -0.0438592             0.0231557
                 4.014            -0.0437201             0.0232154
                  4.02            -0.0435806              0.023278
                 4.026            -0.0434408             0.0233433
                 4.032            -0.0433005             0.0234115
                 4.038            -0.0431598             0.0234825
                 4.044            -0.0430187             0.0235563
                  4.05            -0.0428771              0.023633
                 4.056            -0.0427351             0.0237124
                 4.062            -0.0425926             0.0237947
                 4.068            -0.0424496             0.0238799
                 4.074             -0.042306             0.0239678
                  4.08             -0.042162             0.0240585
                 4.086            -0.0420173             0.0241521
                 4.092            -0.0418721             0.0242485
                 4.098            -0.0417263             0.0243477
                 4.104            -0.0415799             0.0244498
                  4.11            -0.0414329             0.0245547
                 4.116            -0.0412853             0.0246623
                 4.122             -0.041137             0.0247729
                 4.128             -0.040988             0.0248862
                 4.134            -0.0408383             0.0250024
                  4.14             -0.040688             0.0251213
                 4.146            -0.0405369             0.0252431
                 4.152             -0.040385             0.0253678
                 4.158            -0.0402325             0.0254942
                 4.164            -0.0400791             0.0256196
                  4.17             -0.039925             0.0257438
                 4.176            -0.0397702             0.0258666
                 4.182            -0.0396146             0.0259882
                 4.188            -0.0394583             0.0261086
                 4.194            -0.0393013             0.0262276
                   4.2            -0.0391436             0.0263454
                 4.206            -0.0389852              0.026462
                 4.212            -0.0388261             0.0265773
                 4.218            -0.0386663             0.0266913
                 4.224            -0.0385058              0.026804
                  4.23            -0.0383446             0.0269155
                 4.236            -0.0381828             0.0270258
                 4.242            -0.0380203             0.0271347
                 4.248            -0.0378572             0.0272424
                 4.254            -0.0376934             0.0273489
                  4.26             -0.037529              0.027454
                 4.266             -0.037364             0.0275579
                 4.272            -0.0371983             0.0276606
                 4.278             -0.037032              0.027762
                 4.284            -0.0368652             0.0278621
                  4.29            -0.0366977             0.0279609
                 4.296            -0.0365296             0.0280585
                 4.302             -0.036361             0.0281548
                 4.308            -0.0361918             0.0282499
                 4.314             -0.036022             0.0283437
                  4.32            -0.0358517             0.0284362
                 4.326            -0.0356808             0.0285275
                 4.332            -0.0355093             0.0286175
                 4.338            -0.0353374             0.0287062
                 4.344            -0.0351649             0.0287937
                  4.35            -0.0349918             0.0288799
                 4.356            -0.0348183             0.0289648
                 4.362            -0.0346443             0.0290485
                 4.368            -0.0344697             0.0291309
                 4.374            -0.0342947             0.0292121
                  4.38            -0.0341192             0.0292919
                 4.386            -0.0339432             0.0293706
                 4.392            -0.0337667             0.0294479
                 4.398            -0.0335898              0.029524
                 4.404            -0.0334124             0.0295989
                  4.41            -0.0332346             0.0296724
                 4.416            -0.0330564             0.0297447
                 4.422            -0.0328777             0.0298158
                 4.428            -0.0326986             0.0298855
                 4.434            -0.0325191              0.029954
                  4.44            -0.0323391             0.0300213
                 4.446            -0.0321588             0.0300873
                 4.452            -0.0319781              0.030152
                 4.458             -0.031797             0.0302154
                 4.464            -0.0316155             0.0302776
                  4.47            -0.0314337             0.0303385
                 4.476            -0.0312515             0.0303982
                 4.482            -0.0310689             0.0304566
                 4.488             -0.030886             0.0305137
                 4.494            -0.0307027             0.0305696
                   4.5            -0.0305192             0.0306242
                 4.506            -0.0303352             0.0306775
                 4.512             -0.030151             0.0307296
                 4.518            -0.0299665             0.0307804
                 4.524            -0.0297817               0.03083
                  4.53            -0.0295965             0.0308783
                 4.536            -0.0294111             0.0309253
                 4.542            -0.0292254              0.030971
                 4.548            -0.0290395             0.0310155
                 4.554            -0.0288532             0.0310588
                  4.56            -0.0286668             0.0311007
                 4.566              -0.02848             0.0311414
                 4.572            -0.0282931             0.0311809
                 4.578            -0.0281059              0.031219
                 4.584            -0.0279185             0.0312559
                  4.59            -0.0277308             0.0312916
                 4.596             -0.027543             0.0313259
                 4.602            -0.0273549             0.0313591
                 4.608            -0.0271666             0.0313909
                 4.614            -0.0269782             0.0314215
                  4.62            -0.0267896             0.0314508
                 4.626            -0.0266008             0.0314786
                 4.632            -0.0264119             0.0315049
                 4.638            -0.0262227             0.0315297
                 4.644            -0.0260335             0.0315531
                  4.65            -0.0258441             0.0315751
                 4.656            -0.0256546             0.0315955
                 4.662             -0.025465             0.0316145
                 4.668            -0.0252752             0.0316321
                 4.674            -0.0250854             0.0316481
                  4.68            -0.0248955             0.0316627
                 4.686            -0.0247054             0.0316759
                 4.692            -0.0245153             0.0316875
                 4.698            -0.0243252             0.0316977
                 4.704             -0.024135             0.0317064
                  4.71            -0.0239447             0.0317137
                 4.716            -0.0237544             0.0317195
                 4.722            -0.0235641             0.0317238
                 4.728            -0.0233737             0.0317267
                 4.734            -0.0231834             0.0317281
                  4.74             -0.022993              0.031728
                 4.746            -0.0228026             0.0317264
                 4.752            -0.0226123             0.0317234
                 4.758             -0.022422              0.031719
                 4.764            -0.0222317              0.031713
                  4.77            -0.0220414             0.0317056
                 4.776            -0.0218512             0.0316967
                 4.782             -0.021661             0.0316864
                 4.788             -0.021471             0.0316746
                 4.794             -0.021281             0.0316613
                   4.8             -0.021091             0.0316465
                 4.806            -0.0209012             0.0316303
                 4.812            -0.0207115             0.0316126
                 4.818            -0.0205219             0.0315935
                 4.824            -0.0203324             0.0315729
                  4.83             -0.020143             0.0315508
                 4.836            -0.0199537             0.0315272
                 4.842            -0.0197647             0.0315022
                 4.848            -0.0195757             0.0314757
                 4.854             -0.019387             0.0314478
                  4.86            -0.0191984             0.0314184
                 4.866            -0.0190099             0.0313875
                 4.872            -0.0188217             0.0313551
                 4.878            -0.0186337             0.0313213
                 4.884            -0.0184459              0.031286
                  4.89            -0.0182582             0.0312493
                 4.896            -0.0180709              0.031211
                 4.902            -0.0178837             0.0311713
                 4.908            -0.0176968             0.0311302
                 4.914            -0.0175102             0.0310876
                  4.92            -0.0173238             0.0310435
                 4.926            -0.0171376             0.0309979
                 4.932            -0.0169518             0.0309509
                 4.938            -0.0167662             0.0309024
                 4.944             -0.016581             0.0308524
                  4.95             -0.016396              0.030801
                 4.956            -0.0162114             0.0307481
                 4.962             -0.016027             0.0306938
                 4.968             -0.015843             0.0306379
                 4.974            -0.0156594             0.0305806
                  4.98            -0.0154761             0.0305219
                 4.986            -0.0152931             0.0304617
                 4.992            -0.0151105                0.0304
                 4.998            -0.0149283             0.0303368
                 5.004            -0.0147465             0.0302722
                  5.01            -0.0145651             0.0302061
                 5.016             -0.014384             0.0301385
                 5.022            -0.0142034             0.0300695
                 5.028            -0.0140232              0.029999
                 5.034            -0.0138434              0.029927
                  5.04            -0.0136641             0.0298536
                 5.046            -0.0134852             0.0297787
                 5.052            -0.0133067             0.0297023
                 5.058            -0.0131287             0.0296245
                 5.064            -0.0129512             0.0295452
                  5.07            -0.0127742             0.0294644
                 5.076            -0.0125977             0.0293822
                 5.082            -0.0124216             0.0292978
                 5.088            -0.0122461             0.0292101
                 5.094            -0.0120711             0.0291191
                   5.1            -0.0118967             0.0290247
                 5.106            -0.0117228              0.028927
                 5.112            -0.0115496             0.0288259
                 5.118            -0.0113769             0.0287215
                 5.124            -0.0112049             0.0286138
                  5.13            -0.0110336             0.0285027
                 5.136            -0.0108629             0.0283883
                 5.142            -0.0106929             0.0282705
                 5.148            -0.0105236             0.0281494
                 5.154            -0.0103551              0.028025
                  5.16            -0.0101874             0.0278972
                 5.166            -0.0100204             0.0277661
                 5.172           -0.00985417             0.0276316
                 5.178           -0.00968879             0.0274938
                 5.184           -0.00952425             0.0273526
                  5.19           -0.00936056             0.0272081
                 5.196           -0.00919776             0.0270603
                 5.202           -0.00903585             0.0269091
                 5.208           -0.00887485             0.0267546
                 5.214            -0.0087148             0.0265968
                  5.22            -0.0085557             0.0264356
                 5.226           -0.00839758              0.026271
                 5.232           -0.00824045             0.0261032
                 5.238           -0.00808435             0.0259319
                 5.244           -0.00792928             0.0257574
                  5.25           -0.00777526             0.0255795
                 5.256           -0.00762233             0.0253982
                 5.262           -0.00747049             0.0252136
                 5.268           -0.00731977             0.0250257
                 5.274           -0.00717019             0.0248344
                  5.28           -0.00702177             0.0246398
                 5.286           -0.00687452             0.0244419
                 5.292           -0.00672847             0.0242406
                 5.298           -0.00658364              0.024036
                 5.304           -0.00644004              0.023828
                  5.31           -0.00629771             0.0236167
                 5.316           -0.00615665              0.023402
                 5.322           -0.00601689              0.023184
                 5.328           -0.00587845             0.0229627
                 5.334           -0.00574135              0.022738
                  5.34            -0.0056056               0.02251
                 5.346           -0.00547123             0.0222786
                 5.352           -0.00533826             0.0220439
                 5.358           -0.00520671             0.0218059
                 5.364            -0.0050766             0.0215645
                  5.37           -0.00494794             0.0213198
                 5.376           -0.00482077             0.0210717
                 5.382           -0.00469509             0.0208203
                 5.388           -0.00457093             0.0205655
                 5.394           -0.00444831             0.0203075
                   5.4           -0.00432725              0.020046
                 5.406           -0.00420777             0.0197813
                 5.412           -0.00408988             0.0195131
                 5.418           -0.00397361             0.0192417
                 5.424           -0.00385899             0.0189669
                  5.43           -0.00374602             0.0186888
                 5.436           -0.00363473             0.0184073
                 5.442           -0.00352514             0.0181225
                 5.448           -0.00341727             0.0178343
                 5.454           -0.00331113             0.0175428
                  5.46           -0.00320676              0.017248
                 5.466           -0.00310416             0.0169498
                 5.472           -0.00300337             0.0166482
                 5.478           -0.00290439             0.0163434
                 5.484           -0.00280725             0.0160352
                  5.49           -0.00271198             0.0157236
                 5.496           -0.00261858             0.0154087
                 5.502           -0.00252708             0.0150905
                 5.508            -0.0024375             0.0147689
                 5.514           -0.00234986              0.014444
                  5.52           -0.00226418             0.0141158
                 5.526           -0.00218048             0.0137842
                 5.532           -0.00209877             0.0134492
                 5.538           -0.00201909              0.013111
                 5.544           -0.00194144             0.0127726
                  5.55           -0.00186581             0.0124387
                 5.556           -0.00179217             0.0121092
                 5.562           -0.00172049             0.0117842
                 5.568           -0.00165075             0.0114635
                 5.574           -0.00158292             0.0111473
                  5.58           -0.00151697             0.0108355
                 5.586           -0.00145288             0.0105281
                 5.592           -0.00139063             0.0102252
                 5.598           -0.00133017            0.00992667
                 5.604            -0.0012715            0.00963256
                  5.61           -0.00121457            0.00934287
                 5.616           -0.00115937            0.00905761
                 5.622           -0.00110587            0.00877677
                 5.628           -0.00105404            0.00850036
                 5.634           -0.00100386            0.00822836
                  5.64          -0.000955295            0.00796079
                 5.646          -0.000908322            0.00769764
                 5.652          -0.000862914            0.00743892
                 5.658          -0.000819046            0.00718461
                 5.664           -0.00077669            0.00693473
                  5.67           -0.00073582            0.00668928
                 5.676           -0.00069641            0.00644824
                 5.682          -0.000658433            0.00621163
                 5.688          -0.000621862            0.00597944
                 5.694          -0.000586671            0.00575167
                   5.7          -0.000552833            0.00552833
                 5.706          -0.000520322            0.00530941
                 5.712          -0.000489111            0.00509491
                 5.718          -0.000459174            0.00488483
                 5.724          -0.000430484            0.00467918
                  5.73          -0.000403015            0.00447795
                 5.736           -0.00037674            0.00428114
                 5.742          -0.000351633            0.00408875
                 5.748          -0.000327666            0.00390079
                 5.754          -0.000304814            0.00371725
                  5.76           -0.00028305            0.00353813
                 5.766          -0.000262348            0.00336343
                 5.772           -0.00024268            0.00319316
                 5.778          -0.000224021            0.00302731
                 5.784          -0.000206344            0.00286589
                  5.79          -0.000189622            0.00270888
                 5.796          -0.000173828             0.0025563
                 5.802          -0.000158937            0.00240814
                 5.808          -0.000144922             0.0022644
                 5.814          -0.000131756            0.00212509
                  5.82          -0.000119412             0.0019902
                 5.826          -0.000107864            0.00185973
                 5.832          -9.70863e-05            0.00173368
                 5.838          -8.70513e-05            0.00161206
                 5.844          -7.77327e-05            0.00149486
                  5.85          -6.91041e-05            0.00138208
                 5.856          -6.11389e-05            0.00127373
                 5.862          -5.38105e-05            0.00116979
                 5.868          -4.70925e-05            0.00107028
                 5.874          -4.09583e-05           0.000975197
                  5.88          -3.53813e-05           0.000884532
                 5.886           -3.0335e-05           0.000798291
                 5.892           -2.5793e-05           0.000716471
                 5.898          -2.17285e-05           0.000639075
                 5.904          -1.81152e-05           0.000566101
                  5.91          -1.49265e-05           0.000497549
                 5.916          -1.21358e-05           0.000433421
                 5.922          -9.71659e-06           0.000373715
                 5.928          -7.64236e-06           0.000318432
                 5.934          -5.88656e-06           0.000267571
                  5.94          -4.42266e-06           0.000221133
                 5.946          -3.22412e-06           0.000179118
                 5.952           -2.2644e-06           0.000141525
                 5.958          -1.51697e-06           0.000108355
                 5.964          -9.55295e-07           7.96079e-05
                  5.97          -5.52833e-07           5.52833e-05
                 5.976           -2.8305e-07           3.53813e-05
                 5.982          -1.19412e-07            1.9902e-05
                 5.988          -3.53813e-08           8.84532e-06
                 5.994          -4.42266e-09           2.21133e-06
