#   index    LocalEnergy         LocalEnergy_sq      LocalPotential      Kinetic             ElecElec            IonIon              LocalECP            NonLocalECP         MPC                 KEcorr              BlockWeight         BlockCPU            AcceptRatio         
         0   -4.5039389833e+01    2.0302826659e+03   -8.2522564312e+01    3.7483174479e+01   -1.1152460354e+01   -5.1102678690e+01   -2.3271029481e+01    3.0036042136e+00   -1.0864576555e+01    1.0296874312e-01    2.0480000000e+03    7.5542722701e-01    9.9020385742e-01
         1   -4.5058467614e+01    2.0316733341e+03   -8.2634574715e+01    3.7576107102e+01   -1.1160057454e+01   -5.1102678690e+01   -2.3079022681e+01    2.7071841108e+00   -1.0876486963e+01    1.0296874312e-01    2.0540000000e+03    7.5175666204e-01    9.9023437500e-01
         2   -4.5085496448e+01    2.0340982558e+03   -8.2446132222e+01    3.7360635774e+01   -1.1108320738e+01   -5.1102678690e+01   -2.3207553724e+01    2.9724209303e+00   -1.0822450775e+01    1.0296874312e-01    2.0490000000e+03    7.5323299703e-01    9.9041504382e-01
         3   -4.5085280963e+01    2.0340311111e+03   -8.2484177572e+01    3.7398896610e+01   -1.1077441558e+01   -5.1102678690e+01   -2.3114434127e+01    2.8103768032e+00   -1.0794546444e+01    1.0296874312e-01    2.0540000000e+03    7.4986677093e-01    9.9072718399e-01
         4   -4.5097055552e+01    2.0351468027e+03   -8.2422828621e+01    3.7325773069e+01   -1.1085538971e+01   -5.1102678690e+01   -2.2930546794e+01    2.6959358349e+00   -1.0806753071e+01    1.0296874312e-01    2.0450000000e+03    7.5847793801e-01    9.8950219085e-01
         5   -4.5134276990e+01    2.0384958154e+03   -8.2650273273e+01    3.7515996283e+01   -1.1107399403e+01   -5.1102678690e+01   -2.3033219906e+01    2.5930247271e+00   -1.0829366683e+01    1.0296874312e-01    2.0390000000e+03    7.5153625908e-01    9.9064792176e-01
         6   -4.5145057737e+01    2.0395452161e+03   -8.2762821360e+01    3.7617763623e+01   -1.1148525848e+01   -5.1102678690e+01   -2.3176165018e+01    2.6645481966e+00   -1.0872944115e+01    1.0296874312e-01    2.0530000000e+03    7.4537129898e-01    9.9101888180e-01
         7   -4.5156185244e+01    2.0405634534e+03   -8.2817960048e+01    3.7661774805e+01   -1.1103551486e+01   -5.1102678690e+01   -2.3236003842e+01    2.6242739696e+00   -1.0825881835e+01    1.0296874312e-01    2.0490000000e+03    7.4953943701e-01    9.8999939113e-01
         8   -4.5113921129e+01    2.0366865875e+03   -8.2921496884e+01    3.7807575756e+01   -1.1073576972e+01   -5.1102678690e+01   -2.3348614570e+01    2.6033733479e+00   -1.0800885426e+01    1.0296874312e-01    2.0550000000e+03    7.4177144899e-01    9.9055941923e-01
         9   -4.5113435267e+01    2.0367115103e+03   -8.2753515714e+01    3.7640080448e+01   -1.1121857488e+01   -5.1102678690e+01   -2.3157670286e+01    2.6286907506e+00   -1.0851350950e+01    1.0296874312e-01    2.0500000000e+03    7.5049065601e-01    9.8970498783e-01
        10   -4.5117150001e+01    2.0370353412e+03   -8.2682382512e+01    3.7565232511e+01   -1.1122794657e+01   -5.1102678690e+01   -2.3159472266e+01    2.7025631004e+00   -1.0853166278e+01    1.0296874312e-01    2.0500000000e+03    7.4509164505e-01    9.9036585366e-01
        11   -4.5145688435e+01    2.0396433905e+03   -8.2603867947e+01    3.7458179512e+01   -1.1140811306e+01   -5.1102678690e+01   -2.3062791432e+01    2.7024134817e+00   -1.0870013578e+01    1.0296874312e-01    2.0550000000e+03    7.4810290500e-01    9.8969512195e-01
        12   -4.5116970051e+01    2.0370126061e+03   -8.2787628212e+01    3.7670658161e+01   -1.1158358975e+01   -5.1102678690e+01   -2.3117997790e+01    2.5914072446e+00   -1.0885428998e+01    1.0296874312e-01    2.0500000000e+03    7.6397640910e-01    9.9057177616e-01
        13   -4.5093825002e+01    2.0348909076e+03   -8.2727425000e+01    3.7633599998e+01   -1.1125073347e+01   -5.1102678690e+01   -2.3054973729e+01    2.5553007655e+00   -1.0856427642e+01    1.0296874312e-01    2.0490000000e+03    7.5493255293e-01    9.9013719512e-01
        14   -4.5120574906e+01    2.0374107540e+03   -8.2822091106e+01    3.7701516201e+01   -1.1100608991e+01   -5.1102678690e+01   -2.3316210409e+01    2.6974069842e+00   -1.0834787796e+01    1.0296874312e-01    2.0380000000e+03    7.5345200405e-01    9.8981210347e-01
        15   -4.5108959321e+01    2.0361422503e+03   -8.2721968876e+01    3.7613009555e+01   -1.1119902906e+01   -5.1102678690e+01   -2.3216222506e+01    2.7168352258e+00   -1.0851331398e+01    1.0296874312e-01    2.0500000000e+03    7.5334320893e-01    9.8981844946e-01
        16   -4.5138672500e+01    2.0387771157e+03   -8.2661840650e+01    3.7523168150e+01   -1.1125866595e+01   -5.1102678690e+01   -2.3176321088e+01    2.7430257234e+00   -1.0860256592e+01    1.0296874312e-01    2.0420000000e+03    7.5023358199e-01    9.9004573171e-01
        17   -4.5131742514e+01    2.0383555480e+03   -8.2681186472e+01    3.7549443958e+01   -1.1110201006e+01   -5.1102678690e+01   -2.3155207931e+01    2.6869011547e+00   -1.0844503131e+01    1.0296874312e-01    2.0490000000e+03    7.4287873297e-01    9.9049644956e-01
        18   -4.5106134709e+01    2.0360410042e+03   -8.2938277223e+01    3.7832142514e+01   -1.1127138009e+01   -5.1102678690e+01   -2.3417134113e+01    2.7086735894e+00   -1.0861351102e+01    1.0296874312e-01    2.0470000000e+03    7.4861552904e-01    9.9058992191e-01
        19   -4.5138606757e+01    2.0391025762e+03   -8.2686267042e+01    3.7547660285e+01   -1.1131130144e+01   -5.1102678690e+01   -2.3346485150e+01    2.8940269431e+00   -1.0861766579e+01    1.0296874312e-01    2.0500000000e+03    7.5551928196e-01    9.8995481192e-01
        20   -4.5084729869e+01    2.0340132860e+03   -8.2939176591e+01    3.7854446722e+01   -1.1135540775e+01   -5.1102678690e+01   -2.3423414254e+01    2.7224571294e+00   -1.0870493116e+01    1.0296874312e-01    2.0480000000e+03    7.5059456704e-01    9.9013719512e-01
        21   -4.5134010351e+01    2.0384242904e+03   -8.3149567188e+01    3.8015556837e+01   -1.1154722232e+01   -5.1102678690e+01   -2.3506942065e+01    2.6147757997e+00   -1.0890165997e+01    1.0296874312e-01    2.0480000000e+03    7.4956179503e-01    9.9104309082e-01
        22   -4.5122670562e+01    2.0376145609e+03   -8.3010804287e+01    3.7888133725e+01   -1.1104110268e+01   -5.1102678690e+01   -2.3465737565e+01    2.6617222365e+00   -1.0839617670e+01    1.0296874312e-01    2.0490000000e+03    7.5417382293e-01    9.9024963379e-01
        23   -4.5123773561e+01    2.0374100552e+03   -8.2922284782e+01    3.7798511222e+01   -1.1153901455e+01   -5.1102678690e+01   -2.3293455287e+01    2.6277506500e+00   -1.0885427126e+01    1.0296874312e-01    2.0490000000e+03    7.5189970306e-01    9.9092545144e-01
        24   -4.5138915218e+01    2.0388613805e+03   -8.2724381612e+01    3.7585466394e+01   -1.1233786288e+01   -5.1102678690e+01   -2.3049327145e+01    2.6614105119e+00   -1.0971109483e+01    1.0296874312e-01    2.0440000000e+03    7.5193785992e-01    9.9071193265e-01
        25   -4.5168825211e+01    2.0418104235e+03   -8.2720826558e+01    3.7552001348e+01   -1.1207638651e+01   -5.1102678690e+01   -2.2926069145e+01    2.5155599283e+00   -1.0944657635e+01    1.0296874312e-01    2.0450000000e+03    7.4486768909e-01    9.9010824364e-01
        26   -4.5134686163e+01    2.0385382566e+03   -8.2701982784e+01    3.7567296621e+01   -1.1228970289e+01   -5.1102678690e+01   -2.3018522686e+01    2.6481888810e+00   -1.0963987468e+01    1.0296874312e-01    2.0420000000e+03    7.4544329499e-01    9.9095354523e-01
        27   -4.5159410326e+01    2.0410504887e+03   -8.2574100802e+01    3.7414690476e+01   -1.1212579152e+01   -5.1102678690e+01   -2.2937742064e+01    2.6788991052e+00   -1.0948991187e+01    1.0296874312e-01    2.0470000000e+03    7.5159097905e-01    9.9014446621e-01
        28   -4.5157480433e+01    2.0407311669e+03   -8.2648213878e+01    3.7490733445e+01   -1.1222149656e+01   -5.1102678690e+01   -2.3061631126e+01    2.7382455939e+00   -1.0955663331e+01    1.0296874312e-01    2.0580000000e+03    7.5544281700e-01    9.9038226673e-01
        29   -4.5151740314e+01    2.0401247733e+03   -8.2571424928e+01    3.7419684614e+01   -1.1247994923e+01   -5.1102678690e+01   -2.2998075121e+01    2.7773238069e+00   -1.0982230600e+01    1.0296874312e-01    2.0630000000e+03    7.5839037693e-01    9.8985665695e-01
        30   -4.5117839744e+01    2.0371891914e+03   -8.2777203287e+01    3.7659363542e+01   -1.1250878356e+01   -5.1102678690e+01   -2.3041217074e+01    2.6175708342e+00   -1.0980935638e+01    1.0296874312e-01    2.0610000000e+03    7.6194349804e-01    9.9033567620e-01
        31   -4.5146936494e+01    2.0397343057e+03   -8.2612952889e+01    3.7466016395e+01   -1.1229754291e+01   -5.1102678690e+01   -2.3222013925e+01    2.9414940174e+00   -1.0959653518e+01    1.0296874312e-01    2.0670000000e+03    7.5358412310e-01    9.9044759825e-01
        32   -4.5142194494e+01    2.0393748734e+03   -8.2663668843e+01    3.7521474349e+01   -1.1277208833e+01   -5.1102678690e+01   -2.2976305077e+01    2.6925237577e+00   -1.1011919426e+01    1.0296874312e-01    2.0640000000e+03    7.5617842190e-01    9.8999153362e-01
        33   -4.5127581491e+01    2.0378774905e+03   -8.2710924452e+01    3.7583342961e+01   -1.1308745744e+01   -5.1102678690e+01   -2.3024834112e+01    2.7253340947e+00   -1.1043340424e+01    1.0296874312e-01    2.0670000000e+03    7.7196331799e-01    9.9052204457e-01
        34   -4.5134716418e+01    2.0386422931e+03   -8.2803055961e+01    3.7668339543e+01   -1.1287333731e+01   -5.1102678690e+01   -2.3179736923e+01    2.7666933838e+00   -1.1022371513e+01    1.0296874312e-01    2.0660000000e+03    7.8074725904e-01    9.9033925980e-01
        35   -4.5142568244e+01    2.0394816915e+03   -8.2759243034e+01    3.7616674790e+01   -1.1256783187e+01   -5.1102678690e+01   -2.3159000440e+01    2.7592192833e+00   -1.0991182586e+01    1.0296874312e-01    2.0680000000e+03    7.8033738700e-01    9.9060684898e-01
        36   -4.5115311239e+01    2.0367406762e+03   -8.2711121534e+01    3.7595810294e+01   -1.1243540918e+01   -5.1102678690e+01   -2.3002674001e+01    2.6377720752e+00   -1.0983787105e+01    1.0296874312e-01    2.0580000000e+03    7.7197246894e-01    9.8990570600e-01
        37   -4.5123073901e+01    2.0373516588e+03   -8.2798568779e+01    3.7675494878e+01   -1.1267840564e+01   -5.1102678690e+01   -2.3220455629e+01    2.7924061040e+00   -1.1008935831e+01    1.0296874312e-01    2.0610000000e+03    7.6279709104e-01    9.9084365889e-01
        38   -4.5163422630e+01    2.0411907102e+03   -8.2590312983e+01    3.7426890353e+01   -1.1190260704e+01   -5.1102678690e+01   -2.3202969059e+01    2.9055954707e+00   -1.0933886035e+01    1.0296874312e-01    2.0600000000e+03    7.5530127110e-01    9.8991690927e-01
        39   -4.5145426103e+01    2.0395323643e+03   -8.2592956648e+01    3.7447530545e+01   -1.1197729424e+01   -5.1102678690e+01   -2.3068824167e+01    2.7762756337e+00   -1.0938160133e+01    1.0296874312e-01    2.0670000000e+03    7.5197363505e-01    9.9029126214e-01
        40   -4.5143832408e+01    2.0394801710e+03   -8.2498512129e+01    3.7354679721e+01   -1.1150854906e+01   -5.1102678690e+01   -2.3040952970e+01    2.7959744373e+00   -1.0889190354e+01    1.0296874312e-01    2.0700000000e+03    7.5350372808e-01    9.9042997097e-01
        41   -4.5192038981e+01    2.0437298934e+03   -8.2624268863e+01    3.7432229882e+01   -1.1205525165e+01   -5.1102678690e+01   -2.3121490709e+01    2.8054257012e+00   -1.0942706060e+01    1.0296874312e-01    2.0700000000e+03    7.5677251699e-01    9.9017210145e-01
        42   -4.5205626375e+01    2.0453121865e+03   -8.2650574200e+01    3.7444947825e+01   -1.1178255274e+01   -5.1102678690e+01   -2.3281734106e+01    2.9120938699e+00   -1.0919491550e+01    1.0296874312e-01    2.0850000000e+03    7.5516879605e-01    9.9062500000e-01
        43   -4.5203632847e+01    2.0448408339e+03   -8.2640286544e+01    3.7436653697e+01   -1.1199930543e+01   -5.1102678690e+01   -2.3157177165e+01    2.8194998534e+00   -1.0937005440e+01    1.0296874312e-01    2.0930000000e+03    7.5911092607e-01    9.9072242206e-01
        44   -4.5184086615e+01    2.0430933904e+03   -8.2447350404e+01    3.7263263788e+01   -1.1120544949e+01   -5.1102678690e+01   -2.3138427071e+01    2.9143003072e+00   -1.0852759054e+01    1.0296874312e-01    2.0970000000e+03    7.5956755190e-01    9.8986204013e-01
        45   -4.5176036097e+01    2.0422739415e+03   -8.2697648190e+01    3.7521612094e+01   -1.1165842971e+01   -5.1102678690e+01   -2.3159599379e+01    2.7304728502e+00   -1.0899530648e+01    1.0296874312e-01    2.1060000000e+03    7.6297124103e-01    9.9046256557e-01
        46   -4.5209751617e+01    2.0453988504e+03   -8.2780863490e+01    3.7571111873e+01   -1.1179068454e+01   -5.1102678690e+01   -2.3314970954e+01    2.8158546088e+00   -1.0915573653e+01    1.0296874312e-01    2.1060000000e+03    7.6778918901e-01    9.9025106838e-01
        47   -4.5206316843e+01    2.0449710199e+03   -8.2744034650e+01    3.7537717807e+01   -1.1198590330e+01   -5.1102678690e+01   -2.3213875957e+01    2.7711103283e+00   -1.0936594684e+01    1.0296874312e-01    2.1090000000e+03    7.6332984399e-01    9.9074074074e-01
        48   -4.5191844940e+01    2.0437126676e+03   -8.2661867666e+01    3.7470022726e+01   -1.1197954132e+01   -5.1102678690e+01   -2.3192332685e+01    2.8310978414e+00   -1.0939401112e+01    1.0296874312e-01    2.1150000000e+03    7.7216782502e-01    9.9045756283e-01
        49   -4.5229144101e+01    2.0472079142e+03   -8.2527476224e+01    3.7298332124e+01   -1.1165559726e+01   -5.1102678690e+01   -2.3148833895e+01    2.8895960874e+00   -1.0908794446e+01    1.0296874312e-01    2.1180000000e+03    7.7732598106e-01    9.8955378251e-01
        50   -4.5250425305e+01    2.0489665613e+03   -8.2385379045e+01    3.7134953741e+01   -1.1219563485e+01   -5.1102678690e+01   -2.2963728828e+01    2.9005919580e+00   -1.0963961825e+01    1.0296874312e-01    2.1190000000e+03    7.7109388798e-01    9.9033581209e-01
        51   -4.5195699326e+01    2.0440588289e+03   -8.2407665402e+01    3.7211966076e+01   -1.1202729210e+01   -5.1102678690e+01   -2.2882888611e+01    2.7806311093e+00   -1.0940931964e+01    1.0296874312e-01    2.1070000000e+03    7.7137187496e-01    9.9031087777e-01
        52   -4.5151512966e+01    2.0400836091e+03   -8.2371920985e+01    3.7220408019e+01   -1.1245571790e+01   -5.1102678690e+01   -2.2790312483e+01    2.7666419788e+00   -1.0983750135e+01    1.0296874312e-01    2.1180000000e+03    7.6551568194e-01    9.9003322259e-01
        53   -4.5170695647e+01    2.0416435161e+03   -8.2186225444e+01    3.7015529797e+01   -1.1209491200e+01   -5.1102678690e+01   -2.2815350111e+01    2.9412945567e+00   -1.0950690776e+01    1.0296874312e-01    2.1060000000e+03    7.6627066603e-01    9.9080795562e-01
        54   -4.5144450020e+01    2.0394185219e+03   -8.2319971817e+01    3.7175521797e+01   -1.1267043760e+01   -5.1102678690e+01   -2.2743083828e+01    2.7928344623e+00   -1.1011033059e+01    1.0296874312e-01    2.1090000000e+03    7.6134189998e-01    9.9045880817e-01
        55   -4.5110671251e+01    2.0363095191e+03   -8.2375663337e+01    3.7264992086e+01   -1.1222490613e+01   -5.1102678690e+01   -2.2790601194e+01    2.7401071607e+00   -1.0964961783e+01    1.0296874312e-01    2.1010000000e+03    7.7374559606e-01    9.9069464201e-01
        56   -4.5153723357e+01    2.0402326038e+03   -8.2376159916e+01    3.7222436559e+01   -1.1305977147e+01   -5.1102678690e+01   -2.2683769665e+01    2.7162655871e+00   -1.1048065501e+01    1.0296874312e-01    2.0980000000e+03    7.7035443007e-01    9.9012375059e-01
        57   -4.5145443954e+01    2.0395578062e+03   -8.2365116834e+01    3.7219672880e+01   -1.1293399485e+01   -5.1102678690e+01   -2.2844037038e+01    2.8749983797e+00   -1.1035917325e+01    1.0296874312e-01    2.0940000000e+03    7.6748503000e-01    9.8969256435e-01
        58   -4.5156500410e+01    2.0404665610e+03   -8.2289946795e+01    3.7133446385e+01   -1.1237796565e+01   -5.1102678690e+01   -2.2873067686e+01    2.9235961458e+00   -1.0981936403e+01    1.0296874312e-01    2.0910000000e+03    7.5999586703e-01    9.9032951289e-01
        59   -4.5132342043e+01    2.0383080532e+03   -8.2348764418e+01    3.7216422375e+01   -1.1205669074e+01   -5.1102678690e+01   -2.2913553743e+01    2.8731370887e+00   -1.0947554538e+01    1.0296874312e-01    2.0800000000e+03    7.6217785000e-01    9.9013629842e-01
        60   -4.5150542061e+01    2.0399206119e+03   -8.2244032250e+01    3.7093490189e+01   -1.1251665220e+01   -5.1102678690e+01   -2.2763904265e+01    2.8742159251e+00   -1.0992605329e+01    1.0296874312e-01    2.0750000000e+03    7.5888995198e-01    9.9070012019e-01
        61   -4.5168324151e+01    2.0415066777e+03   -8.2246957105e+01    3.7078632954e+01   -1.1235395570e+01   -5.1102678690e+01   -2.2820303023e+01    2.9114201783e+00   -1.0974966966e+01    1.0296874312e-01    2.0710000000e+03    7.5664254196e-01    9.8996987952e-01
        62   -4.5141923830e+01    2.0393454380e+03   -8.2378244348e+01    3.7236320518e+01   -1.1230461704e+01   -5.1102678690e+01   -2.2738605516e+01    2.6935015626e+00   -1.0970643869e+01    1.0296874312e-01    2.0670000000e+03    7.5890003506e-01    9.9017684693e-01
        63   -4.5141568083e+01    2.0391632193e+03   -8.2573753723e+01    3.7432185640e+01   -1.1246272341e+01   -5.1102678690e+01   -2.3110880520e+01    2.8860778282e+00   -1.0990631405e+01    1.0296874312e-01    2.0660000000e+03    7.5511093496e-01    9.9024854862e-01
        64   -4.5155181061e+01    2.0403881290e+03   -8.2454372932e+01    3.7299191872e+01   -1.1254625382e+01   -5.1102678690e+01   -2.3024932989e+01    2.9278641293e+00   -1.0995137717e+01    1.0296874312e-01    2.0580000000e+03    7.6209929097e-01    9.9087911423e-01
        65   -4.5158564532e+01    2.0408186930e+03   -8.2572335420e+01    3.7413770887e+01   -1.1195273860e+01   -5.1102678690e+01   -2.3140169090e+01    2.8657862210e+00   -1.0938063014e+01    1.0296874312e-01    2.0390000000e+03    7.5909897208e-01    9.9011479592e-01
        66   -4.5169359700e+01    2.0417687601e+03   -8.2686742718e+01    3.7517383017e+01   -1.1186274313e+01   -5.1102678690e+01   -2.3203532711e+01    2.8057429967e+00   -1.0929518386e+01    1.0296874312e-01    2.0440000000e+03    7.4982291297e-01    9.9049779304e-01
        67   -4.5148556566e+01    2.0399549543e+03   -8.2699952993e+01    3.7551396427e+01   -1.1224503329e+01   -5.1102678690e+01   -2.3099333891e+01    2.7265629175e+00   -1.0965322044e+01    1.0296874312e-01    2.0380000000e+03    7.4522234499e-01    9.9019997554e-01
        68   -4.5117362868e+01    2.0370557075e+03   -8.2509134489e+01    3.7391771621e+01   -1.1222746897e+01   -5.1102678690e+01   -2.3071552382e+01    2.8878434809e+00   -1.0962492155e+01    1.0296874312e-01    2.0330000000e+03    7.4184540799e-01    9.8978778214e-01
        69   -4.5119529851e+01    2.0371867871e+03   -8.2661063161e+01    3.7541533311e+01   -1.1138822804e+01   -5.1102678690e+01   -2.3184620782e+01    2.7650591156e+00   -1.0877173658e+01    1.0296874312e-01    2.0300000000e+03    7.4390579993e-01    9.8996249385e-01
        70   -4.5147039342e+01    2.0395738404e+03   -8.2706476782e+01    3.7559437441e+01   -1.1117870590e+01   -5.1102678690e+01   -2.3356127341e+01    2.8701998397e+00   -1.0852061112e+01    1.0296874312e-01    2.0280000000e+03    7.4325884692e-01    9.9017857143e-01
        71   -4.5117020389e+01    2.0369218474e+03   -8.2729970091e+01    3.7612949702e+01   -1.1088285176e+01   -5.1102678690e+01   -2.3359126677e+01    2.8201204532e+00   -1.0825146267e+01    1.0296874312e-01    2.0210000000e+03    7.4438736995e-01    9.9130917160e-01
        72   -4.5088971847e+01    2.0343739448e+03   -8.2785091260e+01    3.7696119412e+01   -1.1134254701e+01   -5.1102678690e+01   -2.3307576340e+01    2.7594184717e+00   -1.0869469599e+01    1.0296874312e-01    2.0140000000e+03    7.4257641006e-01    9.9032038595e-01
        73   -4.5155282378e+01    2.0403483958e+03   -8.2682964923e+01    3.7527682545e+01   -1.1128737503e+01   -5.1102678690e+01   -2.3357787587e+01    2.9062388577e+00   -1.0866530409e+01    1.0296874312e-01    2.0220000000e+03    7.4089354801e-01    9.9003848064e-01
        74   -4.5137568884e+01    2.0388796098e+03   -8.2693887529e+01    3.7556318645e+01   -1.1162055112e+01   -5.1102678690e+01   -2.3314968367e+01    2.8858146397e+00   -1.0900874164e+01    1.0296874312e-01    2.0250000000e+03    7.4295900005e-01    9.8936696340e-01
        75   -4.5158705764e+01    2.0407016902e+03   -8.2579380075e+01    3.7420674312e+01   -1.1190380710e+01   -5.1102678690e+01   -2.3074950362e+01    2.7886296878e+00   -1.0926289810e+01    1.0296874312e-01    2.0180000000e+03    7.4272933498e-01    9.9033950617e-01
        76   -4.5140808538e+01    2.0391210486e+03   -8.2455712972e+01    3.7314904434e+01   -1.1108132617e+01   -5.1102678690e+01   -2.3274914737e+01    3.0300130731e+00   -1.0840812454e+01    1.0296874312e-01    2.0280000000e+03    7.4208147300e-01    9.9056925173e-01
        77   -4.5170458596e+01    2.0418207039e+03   -8.2682674511e+01    3.7512215915e+01   -1.1131459724e+01   -5.1102678690e+01   -2.3348499898e+01    2.8999638011e+00   -1.0864738044e+01    1.0296874312e-01    2.0230000000e+03    7.4594928301e-01    9.8998397436e-01
        78   -4.5135261268e+01    2.0386426507e+03   -8.2570288383e+01    3.7435027114e+01   -1.1177375826e+01   -5.1102678690e+01   -2.3204576394e+01    2.9143425275e+00   -1.0910878582e+01    1.0296874312e-01    2.0160000000e+03    7.4366992200e-01    9.9019092931e-01
        79   -4.5141339249e+01    2.0392844381e+03   -8.2688827727e+01    3.7547488479e+01   -1.1182525916e+01   -5.1102678690e+01   -2.3186210598e+01    2.7825874767e+00   -1.0922981291e+01    1.0296874312e-01    2.0110000000e+03    7.3628930806e-01    9.9042038690e-01
        80   -4.5140555929e+01    2.0391658834e+03   -8.2550340688e+01    3.7409784759e+01   -1.1186106020e+01   -5.1102678690e+01   -2.3157945410e+01    2.8963894329e+00   -1.0922168261e+01    1.0296874312e-01    2.0020000000e+03    7.3427853803e-01    9.9025671308e-01
        81   -4.5130718917e+01    2.0382486714e+03   -8.2416265047e+01    3.7285546130e+01   -1.1198465945e+01   -5.1102678690e+01   -2.3000911898e+01    2.8857914868e+00   -1.0935219771e+01    1.0296874312e-01    1.9960000000e+03    7.2788242297e-01    9.8994755245e-01
        82   -4.5142840032e+01    2.0394386201e+03   -8.2563769332e+01    3.7420929300e+01   -1.1183910822e+01   -5.1102678690e+01   -2.2962495725e+01    2.6853159056e+00   -1.0921100374e+01    1.0296874312e-01    1.9940000000e+03    7.2886608494e-01    9.9079408818e-01
        83   -4.5185144769e+01    2.0430356252e+03   -8.2456675393e+01    3.7271530624e+01   -1.1182077128e+01   -5.1102678690e+01   -2.2872237137e+01    2.7003175629e+00   -1.0919320731e+01    1.0296874312e-01    1.9940000000e+03    7.2703614307e-01    9.9033036610e-01
        84   -4.5134692813e+01    2.0384261778e+03   -8.2540583935e+01    3.7405891122e+01   -1.1230942735e+01   -5.1102678690e+01   -2.2867625242e+01    2.6606627317e+00   -1.0967675717e+01    1.0296874312e-01    2.0040000000e+03    7.2550390207e-01    9.9056544634e-01
        85   -4.5143268803e+01    2.0393575297e+03   -8.2249872082e+01    3.7106603279e+01   -1.1244875173e+01   -5.1102678690e+01   -2.2725964769e+01    2.8236465502e+00   -1.0985264290e+01    1.0296874312e-01    2.0040000000e+03    7.3617700301e-01    9.9037861776e-01
        86   -4.5174849369e+01    2.0420751148e+03   -8.2298332358e+01    3.7123482989e+01   -1.1174390218e+01   -5.1102678690e+01   -2.2782076402e+01    2.7608129523e+00   -1.0909664880e+01    1.0296874312e-01    2.0130000000e+03    7.2823810694e-01    9.9067490020e-01
        87   -4.5197308557e+01    2.0441449186e+03   -8.2341701796e+01    3.7144393239e+01   -1.1183401218e+01   -5.1102678690e+01   -2.2756407090e+01    2.7007852019e+00   -1.0913068179e+01    1.0296874312e-01    2.0180000000e+03    7.3575381294e-01    9.9085630899e-01
        88   -4.5172289888e+01    2.0420164411e+03   -8.2220836497e+01    3.7048546610e+01   -1.1120628617e+01   -5.1102678690e+01   -2.2686462331e+01    2.6889331410e+00   -1.0846333568e+01    1.0296874312e-01    2.0200000000e+03    7.3784409603e-01    9.8998079782e-01
        89   -4.5151337343e+01    2.0400349087e+03   -8.2104888584e+01    3.6953551241e+01   -1.1112839778e+01   -5.1102678690e+01   -2.2788794977e+01    2.8994248608e+00   -1.0842389074e+01    1.0296874312e-01    2.0270000000e+03    7.3676618200e-01    9.9113551980e-01
        90   -4.5138575140e+01    2.0389563648e+03   -8.2462079354e+01    3.7323504213e+01   -1.1132321857e+01   -5.1102678690e+01   -2.2926453460e+01    2.6993746535e+00   -1.0862231490e+01    1.0296874312e-01    2.0260000000e+03    7.4732126202e-01    9.9017945239e-01
        91   -4.5152812145e+01    2.0402117930e+03   -8.2419683239e+01    3.7266871094e+01   -1.1148941789e+01   -5.1102678690e+01   -2.2977650447e+01    2.8095876873e+00   -1.0874151726e+01    1.0296874312e-01    2.0260000000e+03    7.4427118292e-01    9.9005120928e-01
        92   -4.5202540422e+01    2.0447182482e+03   -8.2399806530e+01    3.7197266108e+01   -1.1072677472e+01   -5.1102678690e+01   -2.2977859640e+01    2.7534092733e+00   -1.0799954448e+01    1.0296874312e-01    2.0310000000e+03    7.4383851001e-01    9.9054479269e-01
        93   -4.5180746356e+01    2.0426611532e+03   -8.2248275343e+01    3.7067528987e+01   -1.1143534000e+01   -5.1102678690e+01   -2.2921098989e+01    2.9190363360e+00   -1.0876759353e+01    1.0296874312e-01    2.0370000000e+03    7.4571717205e-01    9.8979874446e-01
        94   -4.5180368516e+01    2.0426370010e+03   -8.2317120759e+01    3.7136752244e+01   -1.1162404968e+01   -5.1102678690e+01   -2.2903684789e+01    2.8516476885e+00   -1.0894522144e+01    1.0296874312e-01    2.0320000000e+03    7.3780747806e-01    9.9018163967e-01
        95   -4.5160666364e+01    2.0410049492e+03   -8.2415836152e+01    3.7255169788e+01   -1.1176304695e+01   -5.1102678690e+01   -2.3018232526e+01    2.8813797590e+00   -1.0907674396e+01    1.0296874312e-01    2.0440000000e+03    7.3688141606e-01    9.9003444882e-01
        96   -4.5168308214e+01    2.0415786094e+03   -8.2329669065e+01    3.7161360851e+01   -1.1157064984e+01   -5.1102678690e+01   -2.3033078050e+01    2.9631526592e+00   -1.0886307143e+01    1.0296874312e-01    2.0410000000e+03    7.4578081898e-01    9.9053632583e-01
        97   -4.5142008822e+01    2.0391425232e+03   -8.2263249653e+01    3.7121240830e+01   -1.1094628564e+01   -5.1102678690e+01   -2.3005110503e+01    2.9391681045e+00   -1.0827009105e+01    1.0296874312e-01    2.0340000000e+03    7.4976586795e-01    9.9038461538e-01
        98   -4.5197220376e+01    2.0441122518e+03   -8.2529993873e+01    3.7332773497e+01   -1.1189540400e+01   -5.1102678690e+01   -2.3149623092e+01    2.9118483099e+00   -1.0923557111e+01    1.0296874312e-01    2.0350000000e+03    7.5203739107e-01    9.8950651426e-01
        99   -4.5160583593e+01    2.0409197136e+03   -8.2556768471e+01    3.7396184878e+01   -1.1122834752e+01   -5.1102678690e+01   -2.3286837431e+01    2.9555824024e+00   -1.0854569585e+01    1.0296874312e-01    2.0390000000e+03    7.5035641005e-01    9.9012592138e-01
       100   -4.5156885314e+01    2.0406105552e+03   -8.2615169046e+01    3.7458283732e+01   -1.1164907030e+01   -5.1102678690e+01   -2.3128670269e+01    2.7810869440e+00   -1.0900905714e+01    1.0296874312e-01    2.0580000000e+03    7.5215360301e-01    9.9069703286e-01
       101   -4.5148185388e+01    2.0398730758e+03   -8.2736902998e+01    3.7588717610e+01   -1.1212498247e+01   -5.1102678690e+01   -2.3198198617e+01    2.7764725561e+00   -1.0944103696e+01    1.0296874312e-01    2.0650000000e+03    7.4850070302e-01    9.9032738095e-01
       102   -4.5145774749e+01    2.0394924028e+03   -8.2720222289e+01    3.7574447541e+01   -1.1205320036e+01   -5.1102678690e+01   -2.3162843738e+01    2.7506201752e+00   -1.0936641898e+01    1.0296874312e-01    2.0600000000e+03    7.5557917799e-01    9.9051150121e-01
       103   -4.5145562774e+01    2.0395467185e+03   -8.2631499060e+01    3.7485936286e+01   -1.1168178784e+01   -5.1102678690e+01   -2.3208969268e+01    2.8483276823e+00   -1.0904676780e+01    1.0296874312e-01    2.0560000000e+03    7.5829442102e-01    9.9064016990e-01
       104   -4.5136540076e+01    2.0387508843e+03   -8.2497790377e+01    3.7361250301e+01   -1.1140750632e+01   -5.1102678690e+01   -2.3208921218e+01    2.9545601631e+00   -1.0879377634e+01    1.0296874312e-01    2.0720000000e+03    7.5757497898e-01    9.9033317121e-01
       105   -4.5120397998e+01    2.0371507785e+03   -8.2574721922e+01    3.7454323925e+01   -1.1155863780e+01   -5.1102678690e+01   -2.3323147901e+01    3.0069684491e+00   -1.0890570129e+01    1.0296874312e-01    2.0700000000e+03    7.6336642506e-01    9.9018158784e-01
       106   -4.5099240077e+01    2.0353573261e+03   -8.2253238173e+01    3.7153998096e+01   -1.1183577583e+01   -5.1102678690e+01   -2.2999082134e+01    3.0321002340e+00   -1.0920338244e+01    1.0296874312e-01    2.0640000000e+03    7.6051512593e-01    9.9044384058e-01
       107   -4.5108329223e+01    2.0360628721e+03   -8.2688141974e+01    3.7579812751e+01   -1.1205382900e+01   -5.1102678690e+01   -2.3177834410e+01    2.7977540268e+00   -1.0941809561e+01    1.0296874312e-01    2.0610000000e+03    7.5639719609e-01    9.9020409399e-01
       108   -4.5153113099e+01    2.0400517206e+03   -8.2640110743e+01    3.7486997643e+01   -1.1206967204e+01   -5.1102678690e+01   -2.3282606013e+01    2.9521411650e+00   -1.0942978174e+01    1.0296874312e-01    2.0530000000e+03    7.5543772394e-01    9.9009885978e-01
       109   -4.5120535573e+01    2.0373232092e+03   -8.2650348042e+01    3.7529812469e+01   -1.1227241886e+01   -5.1102678690e+01   -2.3332988870e+01    3.0125614039e+00   -1.0965210331e+01    1.0296874312e-01    2.0520000000e+03    7.5070281501e-01    9.8990806137e-01
       110   -4.5141481998e+01    2.0391934745e+03   -8.2562791845e+01    3.7421309848e+01   -1.1232996609e+01   -5.1102678690e+01   -2.3266408352e+01    3.0392918056e+00   -1.0970236972e+01    1.0296874312e-01    2.0520000000e+03    7.5337723701e-01    9.9052753411e-01
       111   -4.5196003927e+01    2.0440209048e+03   -8.2586277010e+01    3.7390273083e+01   -1.1207482822e+01   -5.1102678690e+01   -2.3393348299e+01    3.1172328020e+00   -1.0943634668e+01    1.0296874312e-01    2.0510000000e+03    7.5242935400e-01    9.8997928850e-01
       112   -4.5222625991e+01    2.0465055887e+03   -8.2504809192e+01    3.7282183201e+01   -1.1224217971e+01   -5.1102678690e+01   -2.3101755602e+01    2.9238430714e+00   -1.0960748191e+01    1.0296874312e-01    2.0530000000e+03    7.4444794096e-01    9.9072098976e-01
       113   -4.5197641371e+01    2.0445404883e+03   -8.2479744535e+01    3.7282103165e+01   -1.1233520077e+01   -5.1102678690e+01   -2.3216885069e+01    3.0733393017e+00   -1.0972291221e+01    1.0296874312e-01    2.0560000000e+03    7.4582550302e-01    9.9012116415e-01
       114   -4.5196563957e+01    2.0441004184e+03   -8.2532738321e+01    3.7336174365e+01   -1.1252650586e+01   -5.1102678690e+01   -2.3110886773e+01    2.9334777276e+00   -1.0990086516e+01    1.0296874312e-01    2.0580000000e+03    7.5084815198e-01    9.9005958171e-01
       115   -4.5167146457e+01    2.0414726625e+03   -8.2362760298e+01    3.7195613841e+01   -1.1217631238e+01   -5.1102678690e+01   -2.3042760199e+01    3.0003098303e+00   -1.0956572779e+01    1.0296874312e-01    2.0660000000e+03    7.5025741803e-01    9.8999331876e-01
       116   -4.5168724747e+01    2.0417326625e+03   -8.2348162463e+01    3.7179437717e+01   -1.1175528257e+01   -5.1102678690e+01   -2.3085805816e+01    3.0158502995e+00   -1.0912037647e+01    1.0296874312e-01    2.0630000000e+03    7.5094575400e-01    9.8983543078e-01
       117   -4.5148181181e+01    2.0399634460e+03   -8.2509206371e+01    3.7361025189e+01   -1.1227026142e+01   -5.1102678690e+01   -2.3091841645e+01    2.9123401071e+00   -1.0964381176e+01    1.0296874312e-01    2.0660000000e+03    7.4905654101e-01    9.8997212797e-01
       118   -4.5188523680e+01    2.0435687058e+03   -8.2626086494e+01    3.7437562814e+01   -1.1212037624e+01   -5.1102678690e+01   -2.3153952459e+01    2.8425822790e+00   -1.0955096860e+01    1.0296874312e-01    2.0580000000e+03    7.5274618203e-01    9.9090936592e-01
       119   -4.5155449556e+01    2.0405271283e+03   -8.2453779911e+01    3.7298330355e+01   -1.1151967278e+01   -5.1102678690e+01   -2.3233639941e+01    3.0345059981e+00   -1.0894175025e+01    1.0296874312e-01    2.0500000000e+03    7.5427078502e-01    9.9055515063e-01
       120   -4.5130713414e+01    2.0381197265e+03   -8.2645262552e+01    3.7514549138e+01   -1.1152360653e+01   -5.1102678690e+01   -2.3272240893e+01    2.8820176843e+00   -1.0890830255e+01    1.0296874312e-01    2.0500000000e+03    7.5164804503e-01    9.9077743902e-01
       121   -4.5116176658e+01    2.0370569035e+03   -8.2524923376e+01    3.7408746718e+01   -1.1177300954e+01   -5.1102678690e+01   -2.3205219083e+01    2.9602753513e+00   -1.0918051415e+01    1.0296874312e-01    2.0480000000e+03    7.5281230907e-01    9.8981707317e-01
       122   -4.5132925511e+01    2.0383085196e+03   -8.2498809429e+01    3.7365883918e+01   -1.1173519883e+01   -5.1102678690e+01   -2.3109866713e+01    2.8872558577e+00   -1.0913457062e+01    1.0296874312e-01    2.0570000000e+03    7.5380073197e-01    9.9000549316e-01
       123   -4.5174502779e+01    2.0423324434e+03   -8.2536124733e+01    3.7361621954e+01   -1.1186482287e+01   -5.1102678690e+01   -2.3195486515e+01    2.9485227592e+00   -1.0929632697e+01    1.0296874312e-01    2.0600000000e+03    7.5909017096e-01    9.9047459893e-01
       124   -4.5150323824e+01    2.0402232494e+03   -8.2770416267e+01    3.7620092443e+01   -1.1131717478e+01   -5.1102678690e+01   -2.3290492777e+01    2.7544726787e+00   -1.0872302173e+01    1.0296874312e-01    2.0670000000e+03    7.6144089608e-01    9.9038228155e-01
       125   -4.5181942903e+01    2.0430032915e+03   -8.2743537061e+01    3.7561594158e+01   -1.1100496426e+01   -5.1102678690e+01   -2.3398623889e+01    2.8582619443e+00   -1.0843720126e+01    1.0296874312e-01    2.0700000000e+03    7.5772408606e-01    9.9005200774e-01
       126   -4.5138858750e+01    2.0388796062e+03   -8.2760228860e+01    3.7621370110e+01   -1.1135826271e+01   -5.1102678690e+01   -2.3343938926e+01    2.8222150280e+00   -1.0881500355e+01    1.0296874312e-01    2.0750000000e+03    7.5778893905e-01    9.9045893720e-01
       127   -4.5140986049e+01    2.0392339335e+03   -8.2836739225e+01    3.7695753176e+01   -1.1117455585e+01   -5.1102678690e+01   -2.3454976374e+01    2.8383714246e+00   -1.0863502178e+01    1.0296874312e-01    2.0720000000e+03    7.6507520606e-01    9.8998493976e-01
       128   -4.5194391591e+01    2.0442973295e+03   -8.2982950015e+01    3.7788558424e+01   -1.1115577302e+01   -5.1102678690e+01   -2.3691609920e+01    2.9269158982e+00   -1.0862497210e+01    1.0296874312e-01    2.0860000000e+03    7.5987305003e-01    9.9001568533e-01
       129   -4.5167922381e+01    2.0415488050e+03   -8.2988208303e+01    3.7820285922e+01   -1.1146580615e+01   -5.1102678690e+01   -2.3509221734e+01    2.7702727372e+00   -1.0896077606e+01    1.0296874312e-01    2.0830000000e+03    7.7245148097e-01    9.9054709971e-01
       130   -4.5173578201e+01    2.0422434971e+03   -8.3171989911e+01    3.7998411710e+01   -1.1188542149e+01   -5.1102678690e+01   -2.3624003447e+01    2.7432343750e+00   -1.0936844899e+01    1.0296874312e-01    2.0930000000e+03    7.7096472797e-01    9.9048847816e-01
       131   -4.5174865804e+01    2.0422492066e+03   -8.2819377618e+01    3.7644511814e+01   -1.1191102617e+01   -5.1102678690e+01   -2.3319786811e+01    2.7941905007e+00   -1.0938673024e+01    1.0296874312e-01    2.0870000000e+03    7.7079395403e-01    9.9050406116e-01
       132   -4.5141000466e+01    2.0390802681e+03   -8.2750373577e+01    3.7609373111e+01   -1.1223224622e+01   -5.1102678690e+01   -2.3360758183e+01    2.9362879175e+00   -1.0967633883e+01    1.0296874312e-01    2.0900000000e+03    7.6595665491e-01    9.8984786775e-01
       133   -4.5152078926e+01    2.0401417565e+03   -8.2847136335e+01    3.7695057409e+01   -1.1214659328e+01   -5.1102678690e+01   -2.3386847031e+01    2.8570487143e+00   -1.0954042892e+01    1.0296874312e-01    2.0810000000e+03    7.7168951393e-01    9.9025119617e-01
       134   -4.5173562776e+01    2.0421210166e+03   -8.2892923667e+01    3.7719360892e+01   -1.1172490105e+01   -5.1102678690e+01   -2.3502588154e+01    2.8848332814e+00   -1.0909228328e+01    1.0296874312e-01    2.0810000000e+03    7.6769782405e-01    9.9037421913e-01
       135   -4.5149700265e+01    2.0399185875e+03   -8.2804712089e+01    3.7655011824e+01   -1.1182674651e+01   -5.1102678690e+01   -2.3304142666e+01    2.7847839178e+00   -1.0920676033e+01    1.0296874312e-01    2.0850000000e+03    7.7115179494e-01    9.9044930322e-01
       136   -4.5170811513e+01    2.0420952356e+03   -8.2605797880e+01    3.7434986367e+01   -1.1129756384e+01   -5.1102678690e+01   -2.3251733863e+01    2.8783710583e+00   -1.0868408211e+01    1.0296874312e-01    2.0820000000e+03    7.6577830699e-01    9.9105215827e-01
       137   -4.5146599843e+01    2.0396205480e+03   -8.2567959055e+01    3.7421359212e+01   -1.1160418940e+01   -5.1102678690e+01   -2.3225201634e+01    2.9203402106e+00   -1.0898684164e+01    1.0296874312e-01    2.0810000000e+03    7.6376528596e-01    9.9007865034e-01
       138   -4.5131432872e+01    2.0382576239e+03   -8.2653358317e+01    3.7521925445e+01   -1.1183018726e+01   -5.1102678690e+01   -2.3030564070e+01    2.6629031692e+00   -1.0919114040e+01    1.0296874312e-01    2.0850000000e+03    7.6329590089e-01    9.9086977415e-01
       139   -4.5133838871e+01    2.0384547235e+03   -8.2417898664e+01    3.7284059792e+01   -1.1158257878e+01   -5.1102678690e+01   -2.2896281136e+01    2.7393190408e+00   -1.0892699964e+01    1.0296874312e-01    2.0920000000e+03    7.6398099493e-01    9.9051258993e-01
       140   -4.5106980570e+01    2.0360940509e+03   -8.2437909555e+01    3.7330928984e+01   -1.1179547932e+01   -5.1102678690e+01   -2.2793263599e+01    2.6375806667e+00   -1.0907054104e+01    1.0296874312e-01    2.0840000000e+03    7.6840244606e-01    9.9026051625e-01
       141   -4.5115651635e+01    2.0368533128e+03   -8.2407863209e+01    3.7292211574e+01   -1.1104807020e+01   -5.1102678690e+01   -2.2802381638e+01    2.6020041388e+00   -1.0835314328e+01    1.0296874312e-01    2.0780000000e+03    7.8115746996e-01    9.9026811420e-01
       142   -4.5170036841e+01    2.0417725666e+03   -8.2326673969e+01    3.7156637128e+01   -1.1128997294e+01   -5.1102678690e+01   -2.2882332136e+01    2.7873341521e+00   -1.0857387012e+01    1.0296874312e-01    2.0720000000e+03    7.7124522498e-01    9.9046559192e-01
       143   -4.5170932882e+01    2.0418277616e+03   -8.2190277512e+01    3.7019344630e+01   -1.1166194623e+01   -5.1102678690e+01   -2.2800928780e+01    2.8795245809e+00   -1.0896521555e+01    1.0296874312e-01    2.0720000000e+03    7.6034017291e-01    9.9040781853e-01
       144   -4.5155821257e+01    2.0404609470e+03   -8.2325244139e+01    3.7169422882e+01   -1.1136857257e+01   -5.1102678690e+01   -2.2839303890e+01    2.7535956992e+00   -1.0863867684e+01    1.0296874312e-01    2.0680000000e+03    7.6169931493e-01    9.9022683398e-01
       145   -4.5149989334e+01    2.0401307192e+03   -8.2295534544e+01    3.7145545210e+01   -1.1136633732e+01   -5.1102678690e+01   -2.2976695050e+01    2.9204729290e+00   -1.0863184756e+01    1.0296874312e-01    2.0810000000e+03    7.5762643502e-01    9.8981503868e-01
       146   -4.5147805100e+01    2.0396836356e+03   -8.2200973025e+01    3.7053167926e+01   -1.1081917806e+01   -5.1102678690e+01   -2.2872961562e+01    2.8565850334e+00   -1.0811318598e+01    1.0296874312e-01    2.0820000000e+03    7.6318372600e-01    9.8974351273e-01
       147   -4.5146435139e+01    2.0395577770e+03   -8.2443428961e+01    3.7296993822e+01   -1.1093962845e+01   -5.1102678690e+01   -2.3016379728e+01    2.7695923022e+00   -1.0829174159e+01    1.0296874312e-01    2.0750000000e+03    7.6111202198e-01    9.8979346782e-01
       148   -4.5159670741e+01    2.0408800357e+03   -8.2470298797e+01    3.7310628056e+01   -1.1063620304e+01   -5.1102678690e+01   -2.3194388038e+01    2.8903882366e+00   -1.0795714235e+01    1.0296874312e-01    2.0660000000e+03    7.6793926000e-01    9.9028614458e-01
       149   -4.5128785428e+01    2.0380403441e+03   -8.2492695427e+01    3.7363909998e+01   -1.1071144970e+01   -5.1102678690e+01   -2.3177151710e+01    2.8582799439e+00   -1.0801852463e+01    1.0296874312e-01    2.0580000000e+03    7.6371077192e-01    9.8969929816e-01
       150   -4.5141270806e+01    2.0392122409e+03   -8.2483625088e+01    3.7342354282e+01   -1.1070638920e+01   -5.1102678690e+01   -2.3220589386e+01    2.9102819081e+00   -1.0802152130e+01    1.0296874312e-01    2.0610000000e+03    7.5993498997e-01    9.9041848882e-01
       151   -4.5145362089e+01    2.0396485026e+03   -8.2405883022e+01    3.7260520933e+01   -1.1103111601e+01   -5.1102678690e+01   -2.3098303409e+01    2.8982106789e+00   -1.0835936180e+01    1.0296874312e-01    2.0630000000e+03    7.6660453796e-01    9.8990174672e-01
       152   -4.5147223074e+01    2.0396809534e+03   -8.2645597333e+01    3.7498374259e+01   -1.1093425354e+01   -5.1102678690e+01   -2.3293219884e+01    2.8437265951e+00   -1.0822671209e+01    1.0296874312e-01    2.0540000000e+03    7.8447908699e-01    9.9003271934e-01
       153   -4.5167307062e+01    2.0415232360e+03   -8.2689810327e+01    3.7522503265e+01   -1.1074004667e+01   -5.1102678690e+01   -2.3289289152e+01    2.7761621819e+00   -1.0806294585e+01    1.0296874312e-01    2.0510000000e+03    7.6193607296e-01    9.9079539922e-01
       154   -4.5179335295e+01    2.0425621720e+03   -8.2850464234e+01    3.7671128939e+01   -1.1097041254e+01   -5.1102678690e+01   -2.3468705053e+01    2.8179607642e+00   -1.0831770528e+01    1.0296874312e-01    2.0460000000e+03    7.6438983798e-01    9.9052291565e-01
       155   -4.5157197484e+01    2.0405524057e+03   -8.2848804975e+01    3.7691607491e+01   -1.1147644641e+01   -5.1102678690e+01   -2.3444367414e+01    2.8458857706e+00   -1.0881891868e+01    1.0296874312e-01    2.0460000000e+03    7.6309635397e-01    9.9028592375e-01
       156   -4.5181473167e+01    2.0427978193e+03   -8.2714817810e+01    3.7533344643e+01   -1.1135342476e+01   -5.1102678690e+01   -2.3331472967e+01    2.8546763236e+00   -1.0869043750e+01    1.0296874312e-01    2.0510000000e+03    7.6357901795e-01    9.8926258553e-01
       157   -4.5168035548e+01    2.0415112913e+03   -8.2882725137e+01    3.7714689589e+01   -1.1141561605e+01   -5.1102678690e+01   -2.3384522298e+01    2.7460374566e+00   -1.0876446454e+01    1.0296874312e-01    2.0470000000e+03    7.6685446990e-01    9.9034007801e-01
       158   -4.5202513560e+01    2.0450132118e+03   -8.2791306407e+01    3.7588792847e+01   -1.1120107594e+01   -5.1102678690e+01   -2.3404945722e+01    2.8364255998e+00   -1.0857272564e+01    1.0296874312e-01    2.0450000000e+03    7.5581126707e-01    9.9018380557e-01
       159   -4.5150751360e+01    2.0399449412e+03   -8.2851003552e+01    3.7700252193e+01   -1.1168628619e+01   -5.1102678690e+01   -2.3423869683e+01    2.8441734405e+00   -1.0905809854e+01    1.0296874312e-01    2.0560000000e+03    7.5584488199e-01    9.9064792176e-01
       160   -4.5148713331e+01    2.0397981424e+03   -8.2876640364e+01    3.7727927033e+01   -1.1199383445e+01   -5.1102678690e+01   -2.3397746801e+01    2.8231685729e+00   -1.0935871173e+01    1.0296874312e-01    2.0590000000e+03    7.6415001904e-01    9.9050036479e-01
       161   -4.5159873480e+01    2.0409279089e+03   -8.2869358131e+01    3.7709484651e+01   -1.1244016952e+01   -5.1102678690e+01   -2.3415274397e+01    2.8926119073e+00   -1.0978140103e+01    1.0296874312e-01    2.0570000000e+03    7.6516430301e-01    9.8993746965e-01
       162   -4.5132608373e+01    2.0382714413e+03   -8.3026970063e+01    3.7894361690e+01   -1.1196598891e+01   -5.1102678690e+01   -2.3483349951e+01    2.7556574696e+00   -1.0930321110e+01    1.0296874312e-01    2.0580000000e+03    7.5247059099e-01    9.9086959164e-01
       163   -4.5137490387e+01    2.0388397740e+03   -8.2818492215e+01    3.7681001828e+01   -1.1120290681e+01   -5.1102678690e+01   -2.3535272411e+01    2.9397495675e+00   -1.0854489767e+01    1.0296874312e-01    2.0640000000e+03    7.5334659498e-01    9.9008442663e-01
       164   -4.5181573085e+01    2.0428903453e+03   -8.3125525987e+01    3.7943952902e+01   -1.1148934331e+01   -5.1102678690e+01   -2.3808703307e+01    2.9347903413e+00   -1.0883981201e+01    1.0296874312e-01    2.0740000000e+03    7.6391938096e-01    9.9005268895e-01
       165   -4.5137275558e+01    2.0394646020e+03   -8.3092744262e+01    3.7955468704e+01   -1.1147116716e+01   -5.1102678690e+01   -2.3680863306e+01    2.8379144510e+00   -1.0887356880e+01    1.0296874312e-01    2.0680000000e+03    7.6499533292e-01    9.9061294600e-01
       166   -4.5191891522e+01    2.0436351488e+03   -8.3022017148e+01    3.7830125626e+01   -1.1156468189e+01   -5.1102678690e+01   -2.3761881863e+01    2.9990115947e+00   -1.0893932123e+01    1.0296874312e-01    2.0650000000e+03    7.6770847803e-01    9.9029859768e-01
       167   -4.5238224403e+01    2.0479416673e+03   -8.3013967680e+01    3.7775743277e+01   -1.1145433067e+01   -5.1102678690e+01   -2.3922425697e+01    3.1565697742e+00   -1.0881983025e+01    1.0296874312e-01    2.0680000000e+03    7.7200163004e-01    9.9037530266e-01
       168   -4.5178793651e+01    2.0425470720e+03   -8.3069248760e+01    3.7890455109e+01   -1.1183690616e+01   -5.1102678690e+01   -2.3754045360e+01    2.9711659059e+00   -1.0919509319e+01    1.0296874312e-01    2.0720000000e+03    7.7861270006e-01    9.8999637331e-01
       169   -4.5188608677e+01    2.0434502304e+03   -8.3086652725e+01    3.7898044048e+01   -1.1137491118e+01   -5.1102678690e+01   -2.3853780951e+01    3.0072980336e+00   -1.0877506296e+01    1.0296874312e-01    2.0700000000e+03    7.7881954401e-01    9.9027208012e-01
       170   -4.5174886336e+01    2.0422071487e+03   -8.2952946864e+01    3.7778060529e+01   -1.1177207150e+01   -5.1102678690e+01   -2.3535438566e+01    2.8623775425e+00   -1.0919540871e+01    1.0296874312e-01    2.0690000000e+03    7.8243047604e-01    9.9067028986e-01
       171   -4.5200344334e+01    2.0445249851e+03   -8.2867184781e+01    3.7666840447e+01   -1.1186317662e+01   -5.1102678690e+01   -2.3504135670e+01    2.9259472408e+00   -1.0928551107e+01    1.0296874312e-01    2.0670000000e+03    7.8464026190e-01    9.9022776704e-01
       172   -4.5196164650e+01    2.0441358937e+03   -8.2775492149e+01    3.7579327499e+01   -1.1126179031e+01   -5.1102678690e+01   -2.3474768357e+01    2.9281339294e+00   -1.0870094996e+01    1.0296874312e-01    2.0690000000e+03    7.7468316501e-01    9.9123125302e-01
       173   -4.5180004202e+01    2.0426293092e+03   -8.2851963354e+01    3.7671959153e+01   -1.1157582026e+01   -5.1102678690e+01   -2.3509074243e+01    2.9173716052e+00   -1.0897787127e+01    1.0296874312e-01    2.0590000000e+03    7.7283043193e-01    9.8965381827e-01
       174   -4.5212207365e+01    2.0455749900e+03   -8.2922736964e+01    3.7710529599e+01   -1.1172414326e+01   -5.1102678690e+01   -2.3626071556e+01    2.9784276086e+00   -1.0911849535e+01    1.0296874312e-01    2.0530000000e+03    7.6571470196e-01    9.8975534240e-01
       175   -4.5187384262e+01    2.0433344182e+03   -8.2863502690e+01    3.7676118428e+01   -1.1198198510e+01   -5.1102678690e+01   -2.3425522332e+01    2.8628968425e+00   -1.0941637725e+01    1.0296874312e-01    2.0580000000e+03    7.6618478796e-01    9.9015160740e-01
       176   -4.5201419227e+01    2.0448834964e+03   -8.2627781527e+01    3.7426362300e+01   -1.1187713062e+01   -5.1102678690e+01   -2.3268344517e+01    2.9309547425e+00   -1.0933704524e+01    1.0296874312e-01    2.0560000000e+03    7.6575723290e-01    9.9005405734e-01
       177   -4.5184564334e+01    2.0429994344e+03   -8.2666103758e+01    3.7481539425e+01   -1.1214680157e+01   -5.1102678690e+01   -2.3238624361e+01    2.8898794499e+00   -1.0957243475e+01    1.0296874312e-01    2.0610000000e+03    7.6292238000e-01    9.9024197471e-01
       178   -4.5192775228e+01    2.0436824775e+03   -8.2585011246e+01    3.7392236018e+01   -1.1219095718e+01   -5.1102678690e+01   -2.3208184875e+01    2.9449480372e+00   -1.0963637685e+01    1.0296874312e-01    2.0630000000e+03    7.6576009404e-01    9.9012918486e-01
       179   -4.5170100541e+01    2.0419681126e+03   -8.2431585212e+01    3.7261484671e+01   -1.1197102385e+01   -5.1102678690e+01   -2.3113193803e+01    2.9813896656e+00   -1.0941297166e+01    1.0296874312e-01    2.0690000000e+03    7.6464459905e-01    9.9104762482e-01
       180   -4.5207988003e+01    2.0450700999e+03   -8.2425082681e+01    3.7217094678e+01   -1.1171603974e+01   -5.1102678690e+01   -2.3095694462e+01    2.9448944454e+00   -1.0916743965e+01    1.0296874312e-01    2.0710000000e+03    7.6709849294e-01    9.8994079265e-01
       181   -4.5185371778e+01    2.0429944764e+03   -8.2448641879e+01    3.7263270101e+01   -1.1244082765e+01   -5.1102678690e+01   -2.3076539282e+01    2.9746588584e+00   -1.0987183569e+01    1.0296874312e-01    2.0720000000e+03    7.7272815292e-01    9.9037300821e-01
       182   -4.5196604880e+01    2.0440246256e+03   -8.2518370117e+01    3.7321765238e+01   -1.1186929538e+01   -5.1102678690e+01   -2.3289676757e+01    3.0609148682e+00   -1.0931284832e+01    1.0296874312e-01    2.0650000000e+03    7.7018094005e-01    9.9010617761e-01
       183   -4.5170104984e+01    2.0416541989e+03   -8.2382085260e+01    3.7211980275e+01   -1.1217270189e+01   -5.1102678690e+01   -2.3272829554e+01    3.2106931739e+00   -1.0960956881e+01    1.0296874312e-01    2.0650000000e+03    7.6227661106e-01    9.9051150121e-01
       184   -4.5148453097e+01    2.0398238708e+03   -8.2503096209e+01    3.7354643112e+01   -1.1257213145e+01   -5.1102678690e+01   -2.3243316191e+01    3.1001118176e+00   -1.1002838567e+01    1.0296874312e-01    2.0650000000e+03    7.6024361793e-01    9.9078389831e-01
       185   -4.5175166505e+01    2.0422115226e+03   -8.2398676427e+01    3.7223509923e+01   -1.1183378346e+01   -5.1102678690e+01   -2.3281901893e+01    3.1692825024e+00   -1.0926190864e+01    1.0296874312e-01    2.0670000000e+03    7.6261047204e-01    9.9072336562e-01
       186   -4.5209677431e+01    2.0452641005e+03   -8.2508609807e+01    3.7298932376e+01   -1.1235792682e+01   -5.1102678690e+01   -2.3314112562e+01    3.1439741282e+00   -1.0976852259e+01    1.0296874312e-01    2.0700000000e+03    7.7193030005e-01    9.9044508950e-01
       187   -4.5185289337e+01    2.0431188641e+03   -8.2400311133e+01    3.7215021797e+01   -1.1225927612e+01   -5.1102678690e+01   -2.3251469423e+01    3.1797645922e+00   -1.0967376137e+01    1.0296874312e-01    2.0780000000e+03    7.7267968399e-01    9.9065519324e-01
       188   -4.5154882693e+01    2.0403489302e+03   -8.2403371234e+01    3.7248488541e+01   -1.1236864924e+01   -5.1102678690e+01   -2.3158121587e+01    3.0942939675e+00   -1.0979842677e+01    1.0296874312e-01    2.0760000000e+03    7.7556086797e-01    9.9052574591e-01
       189   -4.5147810590e+01    2.0400520815e+03   -8.2473696794e+01    3.7325886204e+01   -1.1214131680e+01   -5.1102678690e+01   -2.3229037866e+01    3.0721514426e+00   -1.0960175941e+01    1.0296874312e-01    2.0710000000e+03    7.7667832305e-01    9.9004997592e-01
       190   -4.5218099152e+01    2.0462032294e+03   -8.2389470790e+01    3.7171371637e+01   -1.1167389845e+01   -5.1102678690e+01   -2.3109128334e+01    2.9897260793e+00   -1.0917478707e+01    1.0296874312e-01    2.0610000000e+03    7.6827032398e-01    9.9109729599e-01
       191   -4.5216359626e+01    2.0460762753e+03   -8.2338661177e+01    3.7122301551e+01   -1.1221172273e+01   -5.1102678690e+01   -2.3170143354e+01    3.1553331400e+00   -1.0966379008e+01    1.0296874312e-01    2.0660000000e+03    7.6177058299e-01    9.9032629791e-01
       192   -4.5193743769e+01    2.0440230886e+03   -8.2334154592e+01    3.7140410823e+01   -1.1221853199e+01   -5.1102678690e+01   -2.3117946595e+01    3.1083238930e+00   -1.0966617432e+01    1.0296874312e-01    2.0640000000e+03    7.5337306305e-01    9.9116650532e-01
       193   -4.5149558247e+01    2.0399335883e+03   -8.2575145412e+01    3.7425587165e+01   -1.1225967752e+01   -5.1102678690e+01   -2.3242797691e+01    2.9962987220e+00   -1.0972122168e+01    1.0296874312e-01    2.0540000000e+03    7.6018474496e-01    9.9015867248e-01
       194   -4.5154318723e+01    2.0402537877e+03   -8.2486010931e+01    3.7331692207e+01   -1.1274970588e+01   -5.1102678690e+01   -2.3209035881e+01    3.1006742285e+00   -1.1024028500e+01    1.0296874312e-01    2.0590000000e+03    7.6193452789e-01    9.9020204479e-01
       195   -4.5164070414e+01    2.0413098302e+03   -8.2649185527e+01    3.7485115113e+01   -1.1289546428e+01   -5.1102678690e+01   -2.3211404487e+01    2.9544440782e+00   -1.1036950303e+01    1.0296874312e-01    2.0570000000e+03    7.6518569991e-01    9.9008924235e-01
       196   -4.5168707953e+01    2.0416632981e+03   -8.2666598568e+01    3.7497890615e+01   -1.1287264452e+01   -5.1102678690e+01   -2.3048691754e+01    2.7720363279e+00   -1.1032043003e+01    1.0296874312e-01    2.0590000000e+03    7.6090271794e-01    9.9076324745e-01
       197   -4.5202593587e+01    2.0446083905e+03   -8.2551371683e+01    3.7348778096e+01   -1.1326356412e+01   -5.1102678690e+01   -2.3144030062e+01    3.0216934810e+00   -1.1072161689e+01    1.0296874312e-01    2.0630000000e+03    7.5929052499e-01    9.9071151044e-01
       198   -4.5180986346e+01    2.0426261233e+03   -8.2778256305e+01    3.7597269959e+01   -1.1298892460e+01   -5.1102678690e+01   -2.3253022557e+01    2.8763374022e+00   -1.1046334683e+01    1.0296874312e-01    2.0630000000e+03    7.6679852500e-01    9.8994183228e-01
       199   -4.5165605202e+01    2.0413194188e+03   -8.3017407859e+01    3.7851802658e+01   -1.1351806282e+01   -5.1102678690e+01   -2.3374632088e+01    2.8117092007e+00   -1.1097467840e+01    1.0296874312e-01    2.0700000000e+03    7.6043557306e-01    9.9039626757e-01
