#   index    LocalEnergy         LocalEnergy_sq      LocalPotential      Kinetic             ElecElec            IonIon              LocalECP            NonLocalECP         MPC                 KEcorr              BlockWeight         BlockCPU            AcceptRatio         
         0   -4.5194386508e+01    2.0438655170e+03   -8.2247186715e+01    3.7052800206e+01   -1.1181620988e+01   -5.1102678690e+01   -2.2959439136e+01    2.9965521000e+00   -1.0925229115e+01    1.0296874312e-01    8.1810000000e+03    2.9636167570e+00    9.9821930790e-01
         1   -4.5181909928e+01    2.0428354046e+03   -8.2289088250e+01    3.7107178323e+01   -1.1207675477e+01   -5.1102678690e+01   -2.3002488764e+01    3.0237546818e+00   -1.0952130937e+01    1.0296874312e-01    8.1890000000e+03    2.9820842710e+00    9.9836269541e-01
         2   -4.5162515510e+01    2.0411188243e+03   -8.2464969280e+01    3.7302453770e+01   -1.1217245978e+01   -5.1102678690e+01   -2.3073917970e+01    2.9288733584e+00   -1.0959830810e+01    1.0296874312e-01    8.1870000000e+03    2.9931676490e+00    9.9841250458e-01
         3   -4.5159499296e+01    2.0408311777e+03   -8.2628820624e+01    3.7469321327e+01   -1.1249002975e+01   -5.1102678690e+01   -2.3137256063e+01    2.8601171042e+00   -1.0989181280e+01    1.0296874312e-01    8.1860000000e+03    2.9897397059e+00    9.9825201514e-01
         4   -4.5155081816e+01    2.0403487209e+03   -8.2428152168e+01    3.7273070352e+01   -1.1273247429e+01   -5.1102678690e+01   -2.3003387574e+01    2.9511615259e+00   -1.1013175525e+01    1.0296874312e-01    8.2020000000e+03    2.9965266261e+00    9.9832555230e-01
         5   -4.5149736035e+01    2.0398569819e+03   -8.2361471228e+01    3.7211735193e+01   -1.1292767897e+01   -5.1102678690e+01   -2.2879967781e+01    2.9139431402e+00   -1.1031600421e+01    1.0296874312e-01    8.1960000000e+03    2.9788534630e+00    9.9840662357e-01
         6   -4.5136264673e+01    2.0386573557e+03   -8.2278292407e+01    3.7142027734e+01   -1.1265617903e+01   -5.1102678690e+01   -2.2868090008e+01    2.9580941948e+00   -1.1000739590e+01    1.0296874312e-01    8.1840000000e+03    2.9784299140e+00    9.9828636419e-01
         7   -4.5159157294e+01    2.0407592507e+03   -8.2292033349e+01    3.7132876055e+01   -1.1252574913e+01   -5.1102678690e+01   -2.2956008197e+01    3.0192284518e+00   -1.0985138821e+01    1.0296874312e-01    8.1930000000e+03    2.9786642840e+00    9.9841690063e-01
         8   -4.5185843735e+01    2.0432092973e+03   -8.2301859671e+01    3.7116015936e+01   -1.1238509626e+01   -5.1102678690e+01   -2.2970109430e+01    3.0094380758e+00   -1.0973494634e+01    1.0296874312e-01    8.1950000000e+03    2.9773464120e+00    9.9825604469e-01
         9   -4.5177544187e+01    2.0422743927e+03   -8.2329679130e+01    3.7152134943e+01   -1.1275119205e+01   -5.1102678690e+01   -2.2819328600e+01    2.8674473655e+00   -1.1015303925e+01    1.0296874312e-01    8.1810000000e+03    2.9802827650e+00    9.9837835775e-01
        10   -4.5165320602e+01    2.0413063552e+03   -8.2547832187e+01    3.7382511586e+01   -1.1294449005e+01   -5.1102678690e+01   -2.3145954061e+01    2.9952495689e+00   -1.1034074343e+01    1.0296874312e-01    8.1880000000e+03    2.9670208859e+00    9.9832793794e-01
        11   -4.5160274631e+01    2.0408747731e+03   -8.2751025637e+01    3.7590751006e+01   -1.1270146308e+01   -5.1102678690e+01   -2.3278931077e+01    2.9007304394e+00   -1.1009867081e+01    1.0296874312e-01    8.2090000000e+03    2.9701734700e+00    9.9824737869e-01
        12   -4.5147800252e+01    2.0398695365e+03   -8.2687867619e+01    3.7540067368e+01   -1.1275915063e+01   -5.1102678690e+01   -2.3197413374e+01    2.8881395082e+00   -1.1016712536e+01    1.0296874312e-01    8.1990000000e+03    3.0102344590e+00    9.9829226641e-01
        13   -4.5124956637e+01    2.0376592164e+03   -8.2634786975e+01    3.7509830338e+01   -1.1275142386e+01   -5.1102678690e+01   -2.3105617291e+01    2.8486513919e+00   -1.1012878737e+01    1.0296874312e-01    8.1800000000e+03    3.0082602260e+00    9.9837796165e-01
        14   -4.5130761747e+01    2.0381751038e+03   -8.2539326920e+01    3.7408565173e+01   -1.1221716752e+01   -5.1102678690e+01   -2.3055878250e+01    2.8409467719e+00   -1.0958380889e+01    1.0296874312e-01    8.1870000000e+03    3.0100718380e+00    9.9834763097e-01
        15   -4.5151889939e+01    2.0400296549e+03   -8.2573494956e+01    3.7421605017e+01   -1.1198293251e+01   -5.1102678690e+01   -2.3133120334e+01    2.8605973203e+00   -1.0934068080e+01    1.0296874312e-01    8.1900000000e+03    2.9671868309e+00    9.9833236659e-01
        16   -4.5189999976e+01    2.0435381717e+03   -8.2672115512e+01    3.7482115535e+01   -1.1215604529e+01   -5.1102678690e+01   -2.3153478600e+01    2.7996463084e+00   -1.0952678332e+01    1.0296874312e-01    8.1890000000e+03    2.9711857270e+00    9.9844665975e-01
        17   -4.5183643266e+01    2.0429137424e+03   -8.2699131001e+01    3.7515487736e+01   -1.1253147579e+01   -5.1102678690e+01   -2.3181385995e+01    2.8380812626e+00   -1.0991118572e+01    1.0296874312e-01    8.1960000000e+03    2.9836244631e+00    9.9825795926e-01
        18   -4.5191098485e+01    2.0436727560e+03   -8.2711076360e+01    3.7519977875e+01   -1.1243243663e+01   -5.1102678690e+01   -2.3210897242e+01    2.8457432350e+00   -1.0981845884e+01    1.0296874312e-01    8.1870000000e+03    2.9661384830e+00    9.9821679497e-01
        19   -4.5192069821e+01    2.0437387465e+03   -8.2689223762e+01    3.7497153941e+01   -1.1218671731e+01   -5.1102678690e+01   -2.3273362814e+01    2.9054894734e+00   -1.0958412980e+01    1.0296874312e-01    8.1940000000e+03    2.9887331870e+00    9.9816580232e-01
        20   -4.5201900830e+01    2.0445989778e+03   -8.2688480056e+01    3.7486579226e+01   -1.1193168062e+01   -5.1102678690e+01   -2.3414741248e+01    3.0221079439e+00   -1.0928930039e+01    1.0296874312e-01    8.1800000000e+03    2.9569061940e+00    9.9829594082e-01
        21   -4.5196056736e+01    2.0441219037e+03   -8.2808522377e+01    3.7612465641e+01   -1.1198502378e+01   -5.1102678690e+01   -2.3469473373e+01    2.9621320651e+00   -1.0936523605e+01    1.0296874312e-01    8.1540000000e+03    2.9645004319e+00    9.9835063066e-01
        22   -4.5180129055e+01    2.0426974373e+03   -8.2769852781e+01    3.7589723726e+01   -1.1209907610e+01   -5.1102678690e+01   -2.3538411467e+01    3.0811449861e+00   -1.0948742484e+01    1.0296874312e-01    8.1310000000e+03    2.9365681640e+00    9.9835182567e-01
        23   -4.5199928962e+01    2.0444432645e+03   -8.2797234515e+01    3.7597305553e+01   -1.1217552005e+01   -5.1102678690e+01   -2.3600104874e+01    3.1231010546e+00   -1.0957925169e+01    1.0296874312e-01    8.1350000000e+03    2.9492192890e+00    9.9831216166e-01
        24   -4.5208646192e+01    2.0451584628e+03   -8.2887845118e+01    3.7679198927e+01   -1.1228868788e+01   -5.1102678690e+01   -2.3589674145e+01    3.0333765051e+00   -1.0971961234e+01    1.0296874312e-01    8.1530000000e+03    2.9668532450e+00    9.9836050503e-01
        25   -4.5197580660e+01    2.0442423317e+03   -8.2780272850e+01    3.7582692191e+01   -1.1230126136e+01   -5.1102678690e+01   -2.3487733574e+01    3.0402655497e+00   -1.0971124953e+01    1.0296874312e-01    8.1250000000e+03    2.9382625241e+00    9.9845517708e-01
        26   -4.5199343282e+01    2.0444246253e+03   -8.2768211400e+01    3.7568868118e+01   -1.1253036998e+01   -5.1102678690e+01   -2.3424033231e+01    3.0115375190e+00   -1.0997201980e+01    1.0296874312e-01    8.1380000000e+03    2.9603778060e+00    9.9830447219e-01
        27   -4.5172172578e+01    2.0419407144e+03   -8.2659091042e+01    3.7486918465e+01   -1.1246628873e+01   -5.1102678690e+01   -2.3300516320e+01    2.9907328408e+00   -1.0993228170e+01    1.0296874312e-01    8.1520000000e+03    2.9630984169e+00    9.9845839980e-01
        28   -4.5191079130e+01    2.0438469408e+03   -8.2582208992e+01    3.7391129862e+01   -1.1196279276e+01   -5.1102678690e+01   -2.3324804456e+01    3.0415534303e+00   -1.0943664615e+01    1.0296874312e-01    8.1450000000e+03    2.9784200580e+00    9.9825941602e-01
        29   -4.5199207128e+01    2.0444597490e+03   -8.2472587332e+01    3.7273380204e+01   -1.1189043467e+01   -5.1102678690e+01   -2.3276965782e+01    3.0961006079e+00   -1.0935429639e+01    1.0296874312e-01    8.1030000000e+03    2.9609304729e+00    9.9836701997e-01
        30   -4.5195434580e+01    2.0440566363e+03   -8.2380432905e+01    3.7184998324e+01   -1.1180931403e+01   -5.1102678690e+01   -2.3279281818e+01    3.1824590067e+00   -1.0926325815e+01    1.0296874312e-01    8.0750000000e+03    2.9374185280e+00    9.9836421854e-01
        31   -4.5199882753e+01    2.0449052312e+03   -8.2276154051e+01    3.7076271298e+01   -1.1218581072e+01   -5.1102678690e+01   -2.3108220816e+01    3.1533265276e+00   -1.0963979587e+01    1.0296874312e-01    8.0700000000e+03    2.9274805950e+00    9.9833384997e-01
        32   -4.5178801867e+01    2.0424925338e+03   -8.2326126880e+01    3.7147325012e+01   -1.1281553433e+01   -5.1102678690e+01   -2.3090189726e+01    3.1482949698e+00   -1.1028768174e+01    1.0296874312e-01    8.0730000000e+03    2.9718599860e+00    9.9857655650e-01
        33   -4.5166568317e+01    2.0413437447e+03   -8.2464301005e+01    3.7297732688e+01   -1.1238709897e+01   -5.1102678690e+01   -2.3247064649e+01    3.1241522319e+00   -1.0984273018e+01    1.0296874312e-01    8.0950000000e+03    2.9803803350e+00    9.9833776596e-01
        34   -4.5144822342e+01    2.0394967174e+03   -8.2441932778e+01    3.7297110436e+01   -1.1185072274e+01   -5.1102678690e+01   -2.3338874538e+01    3.1846927252e+00   -1.0929567661e+01    1.0296874312e-01    8.0850000000e+03    2.9809068020e+00    9.9825552674e-01
        35   -4.5160970077e+01    2.0409675983e+03   -8.2514446618e+01    3.7353476541e+01   -1.1182135449e+01   -5.1102678690e+01   -2.3359490962e+01    3.1298584827e+00   -1.0924348288e+01    1.0296874312e-01    8.0380000000e+03    2.9481721460e+00    9.9853467040e-01
        36   -4.5155048474e+01    2.0402665782e+03   -8.2396546411e+01    3.7241497937e+01   -1.1193189110e+01   -5.1102678690e+01   -2.3308030116e+01    3.2073515053e+00   -1.0930497358e+01    1.0296874312e-01    8.0530000000e+03    2.9655955510e+00    9.9843614181e-01
        37   -4.5156541563e+01    2.0405146973e+03   -8.2548784000e+01    3.7392242437e+01   -1.1185571710e+01   -5.1102678690e+01   -2.3452862715e+01    3.1923291160e+00   -1.0920220748e+01    1.0296874312e-01    8.0630000000e+03    2.9620743589e+00    9.9839017502e-01
        38   -4.5159468545e+01    2.0407446657e+03   -8.2450541616e+01    3.7291073071e+01   -1.1178291142e+01   -5.1102678690e+01   -2.3446853025e+01    3.2772812423e+00   -1.0917350101e+01    1.0296874312e-01    8.0750000000e+03    2.9552570090e+00    9.9829784600e-01
        39   -4.5150820750e+01    2.0399559281e+03   -8.2599844025e+01    3.7449023275e+01   -1.1180184475e+01   -5.1102678690e+01   -2.3435049486e+01    3.1180686261e+00   -1.0921236296e+01    1.0296874312e-01    8.0660000000e+03    2.9652454910e+00    9.9838889577e-01
        40   -4.5174328519e+01    2.0421509387e+03   -8.2708270232e+01    3.7533941714e+01   -1.1198858529e+01   -5.1102678690e+01   -2.3486874533e+01    3.0801415198e+00   -1.0937309671e+01    1.0296874312e-01    8.0480000000e+03    2.9586140320e+00    9.9829947820e-01
        41   -4.5174717185e+01    2.0422089490e+03   -8.2575394079e+01    3.7400676894e+01   -1.1188407503e+01   -5.1102678690e+01   -2.3408486102e+01    3.1241782155e+00   -1.0927070597e+01    1.0296874312e-01    8.0790000000e+03    2.9743010029e+00    9.9835383614e-01
        42   -4.5179860309e+01    2.0425860467e+03   -8.2439293689e+01    3.7259433380e+01   -1.1178934333e+01   -5.1102678690e+01   -2.3237619641e+01    3.0799389757e+00   -1.0918477113e+01    1.0296874312e-01    8.0980000000e+03    2.9906897960e+00    9.9834815364e-01
        43   -4.5184654569e+01    2.0430712599e+03   -8.2469087122e+01    3.7284432553e+01   -1.1159703763e+01   -5.1102678690e+01   -2.3235559818e+01    3.0288551499e+00   -1.0898367804e+01    1.0296874312e-01    8.1170000000e+03    2.9981516630e+00    9.9833965113e-01
        44   -4.5170965566e+01    2.0418609963e+03   -8.2379268911e+01    3.7208303345e+01   -1.1130030846e+01   -5.1102678690e+01   -2.3168066399e+01    3.0215070241e+00   -1.0868559392e+01    1.0296874312e-01    8.1260000000e+03    3.0017913840e+00    9.9832307692e-01
        45   -4.5185405897e+01    2.0431074088e+03   -8.2371688563e+01    3.7186282666e+01   -1.1127469021e+01   -5.1102678690e+01   -2.3095246099e+01    2.9537052472e+00   -1.0861742173e+01    1.0296874312e-01    8.1150000000e+03    2.9986782711e+00    9.9836742238e-01
        46   -4.5184130590e+01    2.0430483152e+03   -8.2362486397e+01    3.7178355807e+01   -1.1179445167e+01   -5.1102678690e+01   -2.3039028851e+01    2.9586663115e+00   -1.0919710988e+01    1.0296874312e-01    8.1200000000e+03    2.9965324990e+00    9.9838727060e-01
        47   -4.5166635201e+01    2.0414905500e+03   -8.2353405283e+01    3.7186770082e+01   -1.1184694950e+01   -5.1102678690e+01   -2.3046258495e+01    2.9802268523e+00   -1.0925113216e+01    1.0296874312e-01    8.1040000000e+03    2.9962208210e+00    9.9835120809e-01
        48   -4.5160848636e+01    2.0409257942e+03   -8.2370078563e+01    3.7209229928e+01   -1.1174030798e+01   -5.1102678690e+01   -2.3004685547e+01    2.9113164721e+00   -1.0918601207e+01    1.0296874312e-01    8.1120000000e+03    2.9769083561e+00    9.9852732544e-01
        49   -4.5154819125e+01    2.0403800400e+03   -8.2414187073e+01    3.7259367948e+01   -1.1160821450e+01   -5.1102678690e+01   -2.3085762643e+01    2.9350757100e+00   -1.0903561529e+01    1.0296874312e-01    8.0950000000e+03    2.9753231350e+00    9.9840277778e-01
        50   -4.5144898561e+01    2.0395134850e+03   -8.2667756404e+01    3.7522857842e+01   -1.1219313327e+01   -5.1102678690e+01   -2.3283072045e+01    2.9373076594e+00   -1.0962330805e+01    1.0296874312e-01    8.1190000000e+03    2.9859797170e+00    9.9827437446e-01
        51   -4.5144145008e+01    2.0394080897e+03   -8.2581517936e+01    3.7437372928e+01   -1.1217409267e+01   -5.1102678690e+01   -2.3185884214e+01    2.9244542352e+00   -1.0958510728e+01    1.0296874312e-01    8.1290000000e+03    2.9868853891e+00    9.9833097465e-01
        52   -4.5147274284e+01    2.0399118341e+03   -8.2544063019e+01    3.7396788735e+01   -1.1199873546e+01   -5.1102678690e+01   -2.3141952637e+01    2.9004418541e+00   -1.0940691138e+01    1.0296874312e-01    8.1620000000e+03    2.9929237230e+00    9.9830542265e-01
        53   -4.5166689554e+01    2.0415093918e+03   -8.2420599252e+01    3.7253909698e+01   -1.1208288608e+01   -5.1102678690e+01   -2.3127932881e+01    3.0183009280e+00   -1.0951072579e+01    1.0296874312e-01    8.1640000000e+03    3.0150531089e+00    9.9837398996e-01
        54   -4.5158123734e+01    2.0408293419e+03   -8.2520924497e+01    3.7362800763e+01   -1.1156032866e+01   -5.1102678690e+01   -2.3198676121e+01    2.9364631801e+00   -1.0905579986e+01    1.0296874312e-01    8.1500000000e+03    3.0094512081e+00    9.9834820334e-01
        55   -4.5163994865e+01    2.0412412125e+03   -8.2616565014e+01    3.7452570149e+01   -1.1139971812e+01   -5.1102678690e+01   -2.3347045391e+01    2.9731308788e+00   -1.0891153142e+01    1.0296874312e-01    8.1390000000e+03    2.9762791420e+00    9.9837243582e-01
        56   -4.5181707117e+01    2.0427752085e+03   -8.2765249068e+01    3.7583541951e+01   -1.1146464790e+01   -5.1102678690e+01   -2.3441653644e+01    2.9255480568e+00   -1.0899203279e+01    1.0296874312e-01    8.1470000000e+03    2.9795244901e+00    9.9825727798e-01
        57   -4.5164081746e+01    2.0412383067e+03   -8.2591283863e+01    3.7427202117e+01   -1.1147076555e+01   -5.1102678690e+01   -2.3345265148e+01    3.0037365306e+00   -1.0902264161e+01    1.0296874312e-01    8.1740000000e+03    2.9963916229e+00    9.9827472763e-01
        58   -4.5169904678e+01    2.0417163919e+03   -8.2518620467e+01    3.7348715788e+01   -1.1110649659e+01   -5.1102678690e+01   -2.3396589507e+01    3.0912973895e+00   -1.0867055340e+01    1.0296874312e-01    8.1680000000e+03    3.0013393450e+00    9.9820270436e-01
        59   -4.5186899895e+01    2.0432513340e+03   -8.2635003941e+01    3.7448104046e+01   -1.1091426208e+01   -5.1102678690e+01   -2.3439932715e+01    2.9990336723e+00   -1.0845238820e+01    1.0296874312e-01    8.1690000000e+03    2.9919356860e+00    9.9835828435e-01
        60   -4.5182943308e+01    2.0429902890e+03   -8.2536757301e+01    3.7353813993e+01   -1.1094934671e+01   -5.1102678690e+01   -2.3438263526e+01    3.0991195873e+00   -1.0846318090e+01    1.0296874312e-01    8.1790000000e+03    2.9963881840e+00    9.9828342917e-01
        61   -4.5177931390e+01    2.0424648044e+03   -8.2592514461e+01    3.7414583072e+01   -1.1089355212e+01   -5.1102678690e+01   -2.3396271877e+01    2.9957913175e+00   -1.0840134361e+01    1.0296874312e-01    8.1900000000e+03    2.9960481439e+00    9.9831812912e-01
        62   -4.5143465034e+01    2.0393859377e+03   -8.2714330499e+01    3.7570865465e+01   -1.1105796939e+01   -5.1102678690e+01   -2.3559934382e+01    3.0540795129e+00   -1.0857265995e+01    1.0296874312e-01    8.1620000000e+03    2.9743965879e+00    9.9822817169e-01
        63   -4.5162097151e+01    2.0412204181e+03   -8.2901726353e+01    3.7739629201e+01   -1.1116449191e+01   -5.1102678690e+01   -2.3671986647e+01    2.9893881755e+00   -1.0870094838e+01    1.0296874312e-01    8.1860000000e+03    3.0010364831e+00    9.9815097800e-01
        64   -4.5197903001e+01    2.0444188993e+03   -8.2942619817e+01    3.7744716816e+01   -1.1136724887e+01   -5.1102678690e+01   -2.3569199781e+01    2.8659835408e+00   -1.0889967049e+01    1.0296874312e-01    8.1650000000e+03    3.0093569489e+00    9.9845966854e-01
        65   -4.5211287553e+01    2.0455941197e+03   -8.2758256550e+01    3.7546968997e+01   -1.1142975574e+01   -5.1102678690e+01   -2.3469467878e+01    2.9568655928e+00   -1.0891898327e+01    1.0296874312e-01    8.1370000000e+03    2.9630736330e+00    9.9841043126e-01
        66   -4.5193702717e+01    2.0441465236e+03   -8.2771175043e+01    3.7577472327e+01   -1.1168833962e+01   -5.1102678690e+01   -2.3417033188e+01    2.9173707973e+00   -1.0915527281e+01    1.0296874312e-01    8.1730000000e+03    2.9921506110e+00    9.9825750613e-01
        67   -4.5167007594e+01    2.0415791978e+03   -8.2872120710e+01    3.7705113116e+01   -1.1206306959e+01   -5.1102678690e+01   -2.3475492825e+01    2.9123577645e+00   -1.0952295530e+01    1.0296874312e-01    8.2020000000e+03    2.9908167169e+00    9.9837211785e-01
        68   -4.5159753429e+01    2.0408819534e+03   -8.2896715564e+01    3.7736962135e+01   -1.1187435915e+01   -5.1102678690e+01   -2.3481020473e+01    2.8744195146e+00   -1.0933398704e+01    1.0296874312e-01    8.2090000000e+03    2.9856626650e+00    9.9831698550e-01
        69   -4.5181660184e+01    2.0429346591e+03   -8.2930688611e+01    3.7749028427e+01   -1.1172830150e+01   -5.1102678690e+01   -2.3617810723e+01    2.9626309520e+00   -1.0916681618e+01    1.0296874312e-01    8.1990000000e+03    2.9886043500e+00    9.9832337520e-01
        70   -4.5188071953e+01    2.0434501496e+03   -8.2996138729e+01    3.7808066775e+01   -1.1189112740e+01   -5.1102678690e+01   -2.3744754183e+01    3.0404068842e+00   -1.0930911956e+01    1.0296874312e-01    8.2160000000e+03    2.9923678370e+00    9.9833363769e-01
        71   -4.5170934370e+01    2.0419481693e+03   -8.3020214288e+01    3.7849279918e+01   -1.1228732823e+01   -5.1102678690e+01   -2.3605680082e+01    2.9168773072e+00   -1.0971147868e+01    1.0296874312e-01    8.2150000000e+03    2.9984567460e+00    9.9830741845e-01
        72   -4.5172777465e+01    2.0420327994e+03   -8.2860396016e+01    3.7687618551e+01   -1.1185221891e+01   -5.1102678690e+01   -2.3614368532e+01    3.0418730972e+00   -1.0927841733e+01    1.0296874312e-01    8.2260000000e+03    2.9969693720e+00    9.9827423671e-01
        73   -4.5172503273e+01    2.0419780581e+03   -8.2943668206e+01    3.7771164933e+01   -1.1183449089e+01   -5.1102678690e+01   -2.3573552750e+01    2.9160123235e+00   -1.0926934014e+01    1.0296874312e-01    8.2210000000e+03    3.0006715480e+00    9.9848422684e-01
        74   -4.5166300376e+01    2.0414154906e+03   -8.2882127632e+01    3.7715827256e+01   -1.1207225626e+01   -5.1102678690e+01   -2.3609159534e+01    3.0369362185e+00   -1.0950801094e+01    1.0296874312e-01    8.2040000000e+03    2.9880029770e+00    9.9833622685e-01
        75   -4.5157243089e+01    2.0406367968e+03   -8.2888195437e+01    3.7730952348e+01   -1.1240240557e+01   -5.1102678690e+01   -2.3600985535e+01    3.0557093449e+00   -1.0984600926e+01    1.0296874312e-01    8.1930000000e+03    2.9793980680e+00    9.9828020134e-01
        76   -4.5199083764e+01    2.0444161360e+03   -8.2943950481e+01    3.7744866717e+01   -1.1194440790e+01   -5.1102678690e+01   -2.3618372932e+01    2.9715419313e+00   -1.0936571208e+01    1.0296874312e-01    8.1880000000e+03    2.9829254210e+00    9.9838579192e-01
        77   -4.5182756596e+01    2.0428615229e+03   -8.2861042361e+01    3.7678285765e+01   -1.1202769342e+01   -5.1102678690e+01   -2.3582866276e+01    3.0272719475e+00   -1.0950209563e+01    1.0296874312e-01    8.1830000000e+03    2.9847792521e+00    9.9838078944e-01
        78   -4.5179874785e+01    2.0426241446e+03   -8.2854283757e+01    3.7674408971e+01   -1.1183590869e+01   -5.1102678690e+01   -2.3675375668e+01    3.1073614706e+00   -1.0932166223e+01    1.0296874312e-01    8.1950000000e+03    2.9854301601e+00    9.9838177821e-01
        79   -4.5188425632e+01    2.0433832313e+03   -8.2851207386e+01    3.7662781754e+01   -1.1208320266e+01   -5.1102678690e+01   -2.3476926040e+01    2.9367176098e+00   -1.0958383674e+01    1.0296874312e-01    8.2110000000e+03    2.9867082610e+00    9.9824485258e-01
        80   -4.5178293301e+01    2.0424230184e+03   -8.2876250141e+01    3.7697956840e+01   -1.1222724725e+01   -5.1102678690e+01   -2.3413952427e+01    2.8631057010e+00   -1.0973567280e+01    1.0296874312e-01    8.2090000000e+03    3.0102392790e+00    9.9853093411e-01
        81   -4.5170460564e+01    2.0418302513e+03   -8.2862794956e+01    3.7692334392e+01   -1.1224630680e+01   -5.1102678690e+01   -2.3380477806e+01    2.8449922213e+00   -1.0974775066e+01    1.0296874312e-01    8.1910000000e+03    3.0075006600e+00    9.9820546818e-01
        82   -4.5171562248e+01    2.0419670957e+03   -8.2975265226e+01    3.7803702978e+01   -1.1253214752e+01   -5.1102678690e+01   -2.3477818561e+01    2.8584467771e+00   -1.1000909848e+01    1.0296874312e-01    8.1740000000e+03    2.9832185010e+00    9.9837498471e-01
        83   -4.5190206949e+01    2.0437170230e+03   -8.2910373837e+01    3.7720166888e+01   -1.1243367994e+01   -5.1102678690e+01   -2.3425273455e+01    2.8609463029e+00   -1.0992216859e+01    1.0296874312e-01    8.1900000000e+03    2.9741640670e+00    9.9843387116e-01
        84   -4.5200548160e+01    2.0446316381e+03   -8.2823483559e+01    3.7622935399e+01   -1.1212866327e+01   -5.1102678690e+01   -2.3400272445e+01    2.8923339044e+00   -1.0958575247e+01    1.0296874312e-01    8.1960000000e+03    2.9722121380e+00    9.9834222561e-01
        85   -4.5186888280e+01    2.0432682673e+03   -8.2671819557e+01    3.7484931277e+01   -1.1266270375e+01   -5.1102678690e+01   -2.3356026210e+01    3.0531557186e+00   -1.1007330083e+01    1.0296874312e-01    8.1760000000e+03    2.9658960501e+00    9.9848771844e-01
        86   -4.5185959374e+01    2.0433109196e+03   -8.2741719024e+01    3.7555759650e+01   -1.1280862925e+01   -5.1102678690e+01   -2.3415035808e+01    3.0568583991e+00   -1.1021732004e+01    1.0296874312e-01    8.1900000000e+03    2.9704956961e+00    9.9850244499e-01
        87   -4.5174063984e+01    2.0421826226e+03   -8.2777192749e+01    3.7603128765e+01   -1.1228194582e+01   -5.1102678690e+01   -2.3422161480e+01    2.9758420038e+00   -1.0968404209e+01    1.0296874312e-01    8.2080000000e+03    2.9734118059e+00    9.9805401535e-01
        88   -4.5155677306e+01    2.0404385816e+03   -8.2721083388e+01    3.7565406082e+01   -1.1217472964e+01   -5.1102678690e+01   -2.3311251058e+01    2.9103193242e+00   -1.0955201299e+01    1.0296874312e-01    8.2060000000e+03    2.9829252551e+00    9.9828694116e-01
        89   -4.5176134969e+01    2.0423002143e+03   -8.2634566604e+01    3.7458431635e+01   -1.1164103725e+01   -5.1102678690e+01   -2.3372408816e+01    3.0046246271e+00   -1.0900187761e+01    1.0296874312e-01    8.2060000000e+03    2.9774240460e+00    9.9840359059e-01
        90   -4.5196093536e+01    2.0441063223e+03   -8.2716664758e+01    3.7520571222e+01   -1.1207104475e+01   -5.1102678690e+01   -2.3341377113e+01    2.9344955200e+00   -1.0945651387e+01    1.0296874312e-01    8.2260000000e+03    2.9747567649e+00    9.9831666464e-01
        91   -4.5180491203e+01    2.0427062938e+03   -8.2725928343e+01    3.7545437141e+01   -1.1226894161e+01   -5.1102678690e+01   -2.3334537532e+01    2.9381820410e+00   -1.0967525638e+01    1.0296874312e-01    8.2130000000e+03    2.9717161431e+00    9.9839548607e-01
        92   -4.5149064866e+01    2.0398354308e+03   -8.2765601337e+01    3.7616536471e+01   -1.1280731929e+01   -5.1102678690e+01   -2.3329927319e+01    2.9477366023e+00   -1.1027393773e+01    1.0296874312e-01    8.1930000000e+03    2.9647311000e+00    9.9826515983e-01
        93   -4.5190862384e+01    2.0436627791e+03   -8.2670374002e+01    3.7479511618e+01   -1.1250023263e+01   -5.1102678690e+01   -2.3346907633e+01    3.0292355846e+00   -1.0997733374e+01    1.0296874312e-01    8.1830000000e+03    2.9489008980e+00    9.9835847789e-01
        94   -4.5175052261e+01    2.0421373747e+03   -8.2680367306e+01    3.7505315045e+01   -1.1213535484e+01   -5.1102678690e+01   -2.3351696275e+01    2.9875431442e+00   -1.0957474087e+01    1.0296874312e-01    8.1930000000e+03    2.9677902770e+00    9.9840066569e-01
        95   -4.5196348037e+01    2.0441836834e+03   -8.2609316368e+01    3.7412968331e+01   -1.1225521254e+01   -5.1102678690e+01   -2.3322811915e+01    3.0416954911e+00   -1.0970312376e+01    1.0296874312e-01    8.1930000000e+03    2.9746760370e+00    9.9834563308e-01
        96   -4.5203735560e+01    2.0447368860e+03   -8.2504476048e+01    3.7300740489e+01   -1.1224385068e+01   -5.1102678690e+01   -2.3085567329e+01    2.9081550392e+00   -1.0968964113e+01    1.0296874312e-01    8.1490000000e+03    2.9518620870e+00    9.9831795611e-01
        97   -4.5192340476e+01    2.0438053449e+03   -8.2440902506e+01    3.7248562031e+01   -1.1224967291e+01   -5.1102678690e+01   -2.3018420700e+01    2.9051641750e+00   -1.0971266401e+01    1.0296874312e-01    8.1490000000e+03    2.9535481241e+00    9.9833185053e-01
        98   -4.5170646295e+01    2.0417794652e+03   -8.2432737818e+01    3.7262091523e+01   -1.1242067156e+01   -5.1102678690e+01   -2.3092608649e+01    3.0046166778e+00   -1.0984399162e+01    1.0296874312e-01    8.1710000000e+03    2.9665738189e+00    9.9847252848e-01
        99   -4.5169429562e+01    2.0416234786e+03   -8.2429119271e+01    3.7259689709e+01   -1.1226062483e+01   -5.1102678690e+01   -2.3125603993e+01    3.0252258960e+00   -1.0968175766e+01    1.0296874312e-01    8.2060000000e+03    2.9669285631e+00    9.9818238629e-01
       100   -4.5159024789e+01    2.0408325145e+03   -8.2383450573e+01    3.7224425784e+01   -1.1261330207e+01   -5.1102678690e+01   -2.2940312919e+01    2.9208712436e+00   -1.1006412272e+01    1.0296874312e-01    8.2040000000e+03    2.9759804469e+00    9.9831637006e-01
       101   -4.5151894116e+01    2.0400216368e+03   -8.2314764995e+01    3.7162870879e+01   -1.1251132373e+01   -5.1102678690e+01   -2.2885306833e+01    2.9243529011e+00   -1.0994899316e+01    1.0296874312e-01    8.2040000000e+03    2.9857259359e+00    9.9824951291e-01
       102   -4.5150909049e+01    2.0399295109e+03   -8.2330316713e+01    3.7179407664e+01   -1.1246107297e+01   -5.1102678690e+01   -2.2953502412e+01    2.9719716863e+00   -1.0987760889e+01    1.0296874312e-01    8.1460000000e+03    2.9368295809e+00    9.9850186979e-01
       103   -4.5139675861e+01    2.0389751519e+03   -8.2531096784e+01    3.7391420923e+01   -1.1226856427e+01   -5.1102678690e+01   -2.3115649230e+01    2.9140875629e+00   -1.0966997280e+01    1.0296874312e-01    8.1450000000e+03    2.9374462931e+00    9.9843040034e-01
       104   -4.5146998064e+01    2.0397679416e+03   -8.2610937403e+01    3.7463939339e+01   -1.1200166324e+01   -5.1102678690e+01   -2.3108958219e+01    2.8008658308e+00   -1.0941935837e+01    1.0296874312e-01    8.1510000000e+03    2.9403514630e+00    9.9835142927e-01
       105   -4.5173376979e+01    2.0421360236e+03   -8.2804770915e+01    3.7631393936e+01   -1.1259048278e+01   -5.1102678690e+01   -2.3271334149e+01    2.8282902033e+00   -1.1002840493e+01    1.0296874312e-01    8.1540000000e+03    2.9423407400e+00    9.9842543214e-01
       106   -4.5172761877e+01    2.0419799090e+03   -8.2633703098e+01    3.7460941221e+01   -1.1263029388e+01   -5.1102678690e+01   -2.3167210802e+01    2.8992157827e+00   -1.1004940237e+01    1.0296874312e-01    8.1310000000e+03    2.9313772459e+00    9.9830748400e-01
       107   -4.5158898152e+01    2.0407308707e+03   -8.2549229807e+01    3.7390331655e+01   -1.1252572141e+01   -5.1102678690e+01   -2.3141938887e+01    2.9479599123e+00   -1.0994927061e+01    1.0296874312e-01    8.1720000000e+03    2.9555141560e+00    9.9839674911e-01
       108   -4.5175914168e+01    2.0427173792e+03   -8.2519171390e+01    3.7343257223e+01   -1.1251022090e+01   -5.1102678690e+01   -2.3181095724e+01    3.0156251144e+00   -1.0996145632e+01    1.0296874312e-01    8.1810000000e+03    2.9670248580e+00    9.9838763908e-01
       109   -4.5177524660e+01    2.0424174609e+03   -8.2522104231e+01    3.7344579571e+01   -1.1270204111e+01   -5.1102678690e+01   -2.3100979695e+01    2.9517582663e+00   -1.1017119129e+01    1.0296874312e-01    8.1860000000e+03    2.9640241220e+00    9.9831689668e-01
       110   -4.5183266324e+01    2.0429893561e+03   -8.2499964763e+01    3.7316698439e+01   -1.1264497843e+01   -5.1102678690e+01   -2.3050017690e+01    2.9172294608e+00   -1.1007959705e+01    1.0296874312e-01    8.1850000000e+03    2.9717632129e+00    9.9833175544e-01
       111   -4.5164289334e+01    2.0412170555e+03   -8.2475742060e+01    3.7311452726e+01   -1.1253273840e+01   -5.1102678690e+01   -2.3025397704e+01    2.9056081741e+00   -1.0997435580e+01    1.0296874312e-01    8.1830000000e+03    2.9691829081e+00    9.9837315166e-01
       112   -4.5184925852e+01    2.0431312754e+03   -8.2660887796e+01    3.7475961944e+01   -1.1270118950e+01   -5.1102678690e+01   -2.3124752803e+01    2.8366626482e+00   -1.1017373167e+01    1.0296874312e-01    8.1600000000e+03    2.9640986170e+00    9.9835123638e-01
       113   -4.5198347589e+01    2.0444599129e+03   -8.2619425533e+01    3.7421077944e+01   -1.1254946299e+01   -5.1102678690e+01   -2.3077191002e+01    2.8153904585e+00   -1.1001776747e+01    1.0296874312e-01    8.1460000000e+03    2.9478384280e+00    9.9842330592e-01
       114   -4.5193230318e+01    2.0438844441e+03   -8.2502921035e+01    3.7309690717e+01   -1.1238309825e+01   -5.1102678690e+01   -2.3129542629e+01    2.9676101097e+00   -1.0984054678e+01    1.0296874312e-01    8.1570000000e+03    2.9654041231e+00    9.9839763248e-01
       115   -4.5184870862e+01    2.0430518084e+03   -8.2543134615e+01    3.7358263753e+01   -1.1241077187e+01   -5.1102678690e+01   -2.3103683938e+01    2.9043052010e+00   -1.0989795242e+01    1.0296874312e-01    8.1460000000e+03    2.9499298970e+00    9.9834315169e-01
       116   -4.5144019461e+01    2.0393343411e+03   -8.2565014796e+01    3.7420995335e+01   -1.1280339484e+01   -5.1102678690e+01   -2.3042092765e+01    2.8600961438e+00   -1.1028459585e+01    1.0296874312e-01    8.1340000000e+03    2.9336545661e+00    9.9833788847e-01
       117   -4.5121793264e+01    2.0372978807e+03   -8.2502238569e+01    3.7380445305e+01   -1.1261473935e+01   -5.1102678690e+01   -2.2983617701e+01    2.8455317576e+00   -1.1006746473e+01    1.0296874312e-01    8.1330000000e+03    2.9225417590e+00    9.9836274751e-01
       118   -4.5155330538e+01    2.0404317436e+03   -8.2472274831e+01    3.7316944293e+01   -1.1270891366e+01   -5.1102678690e+01   -2.2903110776e+01    2.8044060020e+00   -1.1012801492e+01    1.0296874312e-01    8.1230000000e+03    2.9379665380e+00    9.9838421765e-01
       119   -4.5136979192e+01    2.0387787598e+03   -8.2585385370e+01    3.7448406179e+01   -1.1281024332e+01   -5.1102678690e+01   -2.3033120288e+01    2.8314379407e+00   -1.1019496459e+01    1.0296874312e-01    8.1290000000e+03    2.9429437520e+00    9.9829377767e-01
       120   -4.5119701483e+01    2.0372038559e+03   -8.2404976316e+01    3.7285274833e+01   -1.1193542696e+01   -5.1102678690e+01   -2.2984056929e+01    2.8753019996e+00   -1.0935370535e+01    1.0296874312e-01    8.0990000000e+03    2.9251666070e+00    9.9840356614e-01
       121   -4.5136088440e+01    2.0387476623e+03   -8.2437490388e+01    3.7301401949e+01   -1.1256156631e+01   -5.1102678690e+01   -2.2961950693e+01    2.8832956260e+00   -1.0997876012e+01    1.0296874312e-01    8.0660000000e+03    2.9256513879e+00    9.9836340844e-01
       122   -4.5157163485e+01    2.0405959899e+03   -8.2407342911e+01    3.7250179426e+01   -1.1274699056e+01   -5.1102678690e+01   -2.2859112018e+01    2.8291468532e+00   -1.1019143240e+01    1.0296874312e-01    8.0510000000e+03    2.9165581641e+00    9.9842430452e-01
       123   -4.5197801547e+01    2.0443877940e+03   -8.2406743611e+01    3.7208942064e+01   -1.1281503092e+01   -5.1102678690e+01   -2.2912881462e+01    2.8903196337e+00   -1.1027037836e+01    1.0296874312e-01    8.0450000000e+03    2.9114178410e+00    9.9841944203e-01
       124   -4.5197283595e+01    2.0442077721e+03   -8.2369806125e+01    3.7172522530e+01   -1.1281778964e+01   -5.1102678690e+01   -2.2875167381e+01    2.8898189117e+00   -1.1025146300e+01    1.0296874312e-01    8.0480000000e+03    2.9288623940e+00    9.9838509317e-01
       125   -4.5160096750e+01    2.0407946731e+03   -8.2382704600e+01    3.7222607850e+01   -1.1252104017e+01   -5.1102678690e+01   -2.2878875335e+01    2.8509534419e+00   -1.0995721450e+01    1.0296874312e-01    8.0150000000e+03    2.9175777860e+00    9.9829680095e-01
       126   -4.5158245940e+01    2.0406442095e+03   -8.2334924310e+01    3.7176678371e+01   -1.1244791713e+01   -5.1102678690e+01   -2.2784683809e+01    2.7972299016e+00   -1.0986507361e+01    1.0296874312e-01    7.9870000000e+03    2.9099715340e+00    9.9825890069e-01
       127   -4.5168484574e+01    2.0415415621e+03   -8.2265348505e+01    3.7096863930e+01   -1.1228843730e+01   -5.1102678690e+01   -2.2758649453e+01    2.8248233690e+00   -1.0970757872e+01    1.0296874312e-01    7.9300000000e+03    2.8681264870e+00    9.9845304824e-01
       128   -4.5193358270e+01    2.0438315197e+03   -8.2492733000e+01    3.7299374730e+01   -1.1219235015e+01   -5.1102678690e+01   -2.2985978293e+01    2.8151589988e+00   -1.0960894762e+01    1.0296874312e-01    7.9300000000e+03    2.8626702609e+00    9.9828184111e-01
       129   -4.5173185754e+01    2.0420810050e+03   -8.2524566393e+01    3.7351380639e+01   -1.1208732669e+01   -5.1102678690e+01   -2.3036575141e+01    2.8234201082e+00   -1.0948800107e+01    1.0296874312e-01    7.9240000000e+03    2.8778094380e+00    9.9834363958e-01
       130   -4.5151260122e+01    2.0400963869e+03   -8.2663643950e+01    3.7512383828e+01   -1.1222004720e+01   -5.1102678690e+01   -2.3103315956e+01    2.7643554159e+00   -1.0961554639e+01    1.0296874312e-01    7.9290000000e+03    2.8946238910e+00    9.9838328076e-01
       131   -4.5187064189e+01    2.0432758238e+03   -8.2504907194e+01    3.7317843005e+01   -1.1224272592e+01   -5.1102678690e+01   -2.3006259152e+01    2.8283032404e+00   -1.0962942668e+01    1.0296874312e-01    7.9380000000e+03    2.8873407911e+00    9.9843986384e-01
       132   -4.5193456204e+01    2.0438784417e+03   -8.2441267939e+01    3.7247811735e+01   -1.1196452945e+01   -5.1102678690e+01   -2.2997131828e+01    2.8549955246e+00   -1.0935629834e+01    1.0296874312e-01    7.9270000000e+03    2.8898631050e+00    9.9832272899e-01
       133   -4.5157339243e+01    2.0405894366e+03   -8.2482402136e+01    3.7325062893e+01   -1.1225881304e+01   -5.1102678690e+01   -2.3032323904e+01    2.8784817634e+00   -1.0962812587e+01    1.0296874312e-01    7.9090000000e+03    2.8627085921e+00    9.9829286798e-01
       134   -4.5126811208e+01    2.0377916954e+03   -8.2474580514e+01    3.7347769306e+01   -1.1233284546e+01   -5.1102678690e+01   -2.3018471981e+01    2.8798547030e+00   -1.0969676909e+01    1.0296874312e-01    7.9210000000e+03    2.8698898380e+00    9.9826827190e-01
       135   -4.5145049954e+01    2.0394212194e+03   -8.2370141299e+01    3.7225091346e+01   -1.1241313913e+01   -5.1102678690e+01   -2.2930259858e+01    2.9041111618e+00   -1.0979357496e+01    1.0296874312e-01    7.9060000000e+03    2.8547049060e+00    9.9825730273e-01
       136   -4.5151660846e+01    2.0400524265e+03   -8.2366184932e+01    3.7214524086e+01   -1.1288223177e+01   -5.1102678690e+01   -2.2788472782e+01    2.8131897171e+00   -1.1029501038e+01    1.0296874312e-01    7.9310000000e+03    2.8604715801e+00    9.9826432719e-01
       137   -4.5142162559e+01    2.0391967757e+03   -8.2378040008e+01    3.7235877449e+01   -1.1251369934e+01   -5.1102678690e+01   -2.2763812207e+01    2.7398208235e+00   -1.0993613055e+01    1.0296874312e-01    7.9400000000e+03    2.8750877051e+00    9.9840994962e-01
       138   -4.5171767911e+01    2.0418438638e+03   -8.2403297306e+01    3.7231529396e+01   -1.1250252363e+01   -5.1102678690e+01   -2.2871481678e+01    2.8211154243e+00   -1.0990937899e+01    1.0296874312e-01    7.9390000000e+03    2.8615842580e+00    9.9837846348e-01
       139   -4.5203387993e+01    2.0447934479e+03   -8.2382240911e+01    3.7178852918e+01   -1.1239945958e+01   -5.1102678690e+01   -2.2918245430e+01    2.8786291666e+00   -1.0983114923e+01    1.0296874312e-01    7.9390000000e+03    2.8714870400e+00    9.9829645600e-01
       140   -4.5204765083e+01    2.0448224266e+03   -8.2399272860e+01    3.7194507777e+01   -1.1283462596e+01   -5.1102678690e+01   -2.2873566510e+01    2.8604349369e+00   -1.1027656071e+01    1.0296874312e-01    7.9420000000e+03    2.8600687381e+00    9.9834593573e-01
       141   -4.5170866845e+01    2.0419031083e+03   -8.2339925137e+01    3.7169058291e+01   -1.1257463300e+01   -5.1102678690e+01   -2.2845041604e+01    2.8652584583e+00   -1.0997623710e+01    1.0296874312e-01    7.9530000000e+03    2.8699051411e+00    9.9822438718e-01
       142   -4.5188626822e+01    2.0434807184e+03   -8.2367589495e+01    3.7178962672e+01   -1.1260683909e+01   -5.1102678690e+01   -2.2933181719e+01    2.9289548244e+00   -1.0999464170e+01    1.0296874312e-01    7.9670000000e+03    2.8686601559e+00    9.9842159819e-01
       143   -4.5192727694e+01    2.0439151858e+03   -8.2317347990e+01    3.7124620296e+01   -1.1200805326e+01   -5.1102678690e+01   -2.2995450756e+01    2.9815867816e+00   -1.0937273731e+01    1.0296874312e-01    8.0050000000e+03    2.8816016569e+00    9.9825193968e-01
       144   -4.5206653775e+01    2.0450269793e+03   -8.2260795575e+01    3.7054141800e+01   -1.1220296268e+01   -5.1102678690e+01   -2.2843047080e+01    2.9052264637e+00   -1.0956358797e+01    1.0296874312e-01    8.0340000000e+03    2.8893200860e+00    9.9831470295e-01
       145   -4.5205919261e+01    2.0449924453e+03   -8.2129486600e+01    3.6923567339e+01   -1.1213364764e+01   -5.1102678690e+01   -2.2735586643e+01    2.9221434970e+00   -1.0945757565e+01    1.0296874312e-01    8.0690000000e+03    2.9059612370e+00    9.9833384997e-01
       146   -4.5180085150e+01    2.0426741801e+03   -8.2158173609e+01    3.6978088458e+01   -1.1195013973e+01   -5.1102678690e+01   -2.2783434109e+01    2.9229531641e+00   -1.0927159127e+01    1.0296874312e-01    8.1000000000e+03    2.9153023700e+00    9.9828470763e-01
       147   -4.5192157664e+01    2.0437949233e+03   -8.2219526918e+01    3.7027369254e+01   -1.1209521762e+01   -5.1102678690e+01   -2.2880464523e+01    2.9731380575e+00   -1.0937130122e+01    1.0296874312e-01    8.1140000000e+03    2.9280703620e+00    9.9837087133e-01
       148   -4.5203520058e+01    2.0447940932e+03   -8.2320564755e+01    3.7117044697e+01   -1.1233577167e+01   -5.1102678690e+01   -2.2951348786e+01    2.9670398884e+00   -1.0955744324e+01    1.0296874312e-01    8.1470000000e+03    2.9415532260e+00    9.9848226362e-01
       149   -4.5194988937e+01    2.0439354344e+03   -8.2552615463e+01    3.7357626526e+01   -1.1273714455e+01   -5.1102678690e+01   -2.3062968563e+01    2.8867462452e+00   -1.0999489740e+01    1.0296874312e-01    8.1740000000e+03    2.9531490050e+00    9.9825666748e-01
       150   -4.5205057615e+01    2.0448562001e+03   -8.2543959354e+01    3.7338901738e+01   -1.1207879228e+01   -5.1102678690e+01   -2.3086706413e+01    2.8533049779e+00   -1.0936728070e+01    1.0296874312e-01    8.1640000000e+03    2.9455665811e+00    9.9837721984e-01
       151   -4.5186864096e+01    2.0431612750e+03   -8.2552329362e+01    3.7365465266e+01   -1.1238870899e+01   -5.1102678690e+01   -2.3045725927e+01    2.8349461547e+00   -1.0969222649e+01    1.0296874312e-01    8.1640000000e+03    2.9465854319e+00    9.9820903747e-01
       152   -4.5149003083e+01    2.0398480093e+03   -8.2434263725e+01    3.7285260642e+01   -1.1235668969e+01   -5.1102678690e+01   -2.2942866269e+01    2.8469502034e+00   -1.0969076726e+01    1.0296874312e-01    8.1680000000e+03    2.9636273161e+00    9.9836553773e-01
       153   -4.5162016207e+01    2.0410795186e+03   -8.2426791547e+01    3.7264775340e+01   -1.1256098871e+01   -5.1102678690e+01   -2.2901574287e+01    2.8335603013e+00   -1.0989833712e+01    1.0296874312e-01    8.1720000000e+03    2.9689825170e+00    9.9839272594e-01
       154   -4.5175496756e+01    2.0425225652e+03   -8.2585656900e+01    3.7410160145e+01   -1.1211369599e+01   -5.1102678690e+01   -2.3031371710e+01    2.7597630985e+00   -1.0948212506e+01    1.0296874312e-01    8.1860000000e+03    2.9748002801e+00    9.9828338623e-01
       155   -4.5184137248e+01    2.0430320112e+03   -8.2575459144e+01    3.7391321896e+01   -1.1208256236e+01   -5.1102678690e+01   -2.3095112008e+01    2.8305877896e+00   -1.0945560984e+01    1.0296874312e-01    8.1610000000e+03    2.9607552381e+00    9.9823900527e-01
       156   -4.5167013318e+01    2.0413755713e+03   -8.2453968782e+01    3.7286955464e+01   -1.1226415701e+01   -5.1102678690e+01   -2.3007868706e+01    2.8829943157e+00   -1.0964335534e+01    1.0296874312e-01    8.1490000000e+03    2.9472624890e+00    9.9848691468e-01
       157   -4.5159302570e+01    2.0407639826e+03   -8.2441615970e+01    3.7282313400e+01   -1.1226225543e+01   -5.1102678690e+01   -2.2982943379e+01    2.8702316421e+00   -1.0963412172e+01    1.0296874312e-01    8.1160000000e+03    2.9361895439e+00    9.9836093327e-01
       158   -4.5125274333e+01    2.0377817550e+03   -8.2299810275e+01    3.7174535942e+01   -1.1195187774e+01   -5.1102678690e+01   -2.2926330081e+01    2.9243862706e+00   -1.0932931665e+01    1.0296874312e-01    8.1010000000e+03    2.9338137939e+00    9.9827610144e-01
       159   -4.5157516512e+01    2.0406507056e+03   -8.2386022825e+01    3.7228506313e+01   -1.1214427530e+01   -5.1102678690e+01   -2.2978751488e+01    2.9098348826e+00   -1.0956626929e+01    1.0296874312e-01    8.1360000000e+03    2.9440703590e+00    9.9833035824e-01
       160   -4.5149195136e+01    2.0399089802e+03   -8.2514437691e+01    3.7365242555e+01   -1.1243390665e+01   -5.1102678690e+01   -2.3063674683e+01    2.8953063470e+00   -1.0983445645e+01    1.0296874312e-01    8.1320000000e+03    2.9461827510e+00    9.9811862637e-01
       161   -4.5187834515e+01    2.0434346714e+03   -8.2661391773e+01    3.7473557258e+01   -1.1263135594e+01   -5.1102678690e+01   -2.3118744717e+01    2.8231672281e+00   -1.1001768488e+01    1.0296874312e-01    8.0970000000e+03    2.9108525789e+00    9.9841147440e-01
       162   -4.5199334665e+01    2.0445803099e+03   -8.2599853659e+01    3.7400518994e+01   -1.1220022605e+01   -5.1102678690e+01   -2.3130851900e+01    2.8536995366e+00   -1.0960591815e+01    1.0296874312e-01    8.1230000000e+03    2.9128210989e+00    9.9828978183e-01
       163   -4.5195330603e+01    2.0440731016e+03   -8.2601106584e+01    3.7405775981e+01   -1.1229374730e+01   -5.1102678690e+01   -2.3099257209e+01    2.8302040454e+00   -1.0971177551e+01    1.0296874312e-01    8.1360000000e+03    2.9269165150e+00    9.9829377767e-01
       164   -4.5201992774e+01    2.0446769294e+03   -8.2500333519e+01    3.7298340746e+01   -1.1167775717e+01   -5.1102678690e+01   -2.3028620102e+01    2.7987409898e+00   -1.0905491591e+01    1.0296874312e-01    8.1210000000e+03    2.9390210450e+00    9.9838116771e-01
       165   -4.5181787882e+01    2.0429112457e+03   -8.2337644317e+01    3.7155856435e+01   -1.1140887063e+01   -5.1102678690e+01   -2.2937544166e+01    2.8434656032e+00   -1.0874444322e+01    1.0296874312e-01    8.1110000000e+03    2.9313683789e+00    9.9835161449e-01
       166   -4.5193355082e+01    2.0439720319e+03   -8.2372579902e+01    3.7179224819e+01   -1.1194560435e+01   -5.1102678690e+01   -2.2892626182e+01    2.8172854054e+00   -1.0925433320e+01    1.0296874312e-01    8.1250000000e+03    2.9452507941e+00    9.9826089633e-01
       167   -4.5182825538e+01    2.0430554802e+03   -8.2427856574e+01    3.7245031035e+01   -1.1219495005e+01   -5.1102678690e+01   -2.2951722679e+01    2.8460398009e+00   -1.0949351539e+01    1.0296874312e-01    8.1040000000e+03    2.9399748140e+00    9.9828487296e-01
       168   -4.5198469465e+01    2.0443083951e+03   -8.2311826656e+01    3.7113357191e+01   -1.1266753725e+01   -5.1102678690e+01   -2.2787061986e+01    2.8446677449e+00   -1.0996437330e+01    1.0296874312e-01    8.1190000000e+03    2.9390390491e+00    9.9836296684e-01
       169   -4.5197434044e+01    2.0443319717e+03   -8.2257591276e+01    3.7060157232e+01   -1.1241097901e+01   -5.1102678690e+01   -2.2791424419e+01    2.8776097345e+00   -1.0966989412e+01    1.0296874312e-01    8.1350000000e+03    2.9557630110e+00    9.9832150320e-01
       170   -4.5198025578e+01    2.0442173686e+03   -8.2200536353e+01    3.7002510775e+01   -1.1235115682e+01   -5.1102678690e+01   -2.2796159467e+01    2.9334174865e+00   -1.0960493880e+01    1.0296874312e-01    8.1540000000e+03    2.9715172800e+00    9.9838838409e-01
       171   -4.5186917421e+01    2.0433322095e+03   -8.2122372063e+01    3.6935454641e+01   -1.1236719752e+01   -5.1102678690e+01   -2.2802665132e+01    3.0196915111e+00   -1.0962227738e+01    1.0296874312e-01    8.1810000000e+03    2.9913751530e+00    9.9828788064e-01
       172   -4.5183599492e+01    2.0430466001e+03   -8.2184219125e+01    3.7000619634e+01   -1.1206189035e+01   -5.1102678690e+01   -2.2962979395e+01    3.0876279951e+00   -1.0932286416e+01    1.0296874312e-01    8.1750000000e+03    3.0001762840e+00    9.9823776758e-01
       173   -4.5158085962e+01    2.0407057838e+03   -8.2210902604e+01    3.7052816643e+01   -1.1178051822e+01   -5.1102678690e+01   -2.2979949324e+01    3.0497772319e+00   -1.0904558180e+01    1.0296874312e-01    8.1770000000e+03    3.0053181240e+00    9.9852482573e-01
       174   -4.5159511673e+01    2.0408891125e+03   -8.2210633039e+01    3.7051121366e+01   -1.1216580871e+01   -5.1102678690e+01   -2.3053653192e+01    3.1622797146e+00   -1.0943603217e+01    1.0296874312e-01    8.1800000000e+03    3.0006551769e+00    9.9822399780e-01
       175   -4.5124565261e+01    2.0376196764e+03   -8.2282345336e+01    3.7157780075e+01   -1.1268105363e+01   -5.1102678690e+01   -2.3006480963e+01    3.0949196805e+00   -1.0998318069e+01    1.0296874312e-01    8.1610000000e+03    2.9937022520e+00    9.9843443778e-01
       176   -4.5158696158e+01    2.0407621793e+03   -8.2303457099e+01    3.7144760941e+01   -1.1293546086e+01   -5.1102678690e+01   -2.3087990283e+01    3.1807579607e+00   -1.1023897522e+01    1.0296874312e-01    8.1550000000e+03    2.9932268361e+00    9.9831495098e-01
       177   -4.5166136470e+01    2.0414146040e+03   -8.2362044011e+01    3.7195907541e+01   -1.1284256039e+01   -5.1102678690e+01   -2.3148884566e+01    3.1737752845e+00   -1.1013685497e+01    1.0296874312e-01    8.1470000000e+03    2.9730229630e+00    9.9819992017e-01
       178   -4.5144306483e+01    2.0393587510e+03   -8.2275419913e+01    3.7131113430e+01   -1.1287442140e+01   -5.1102678690e+01   -2.3039038590e+01    3.1537395083e+00   -1.1019872948e+01    1.0296874312e-01    8.1600000000e+03    2.9897327260e+00    9.9819733619e-01
       179   -4.5132658278e+01    2.0383063692e+03   -8.2520348628e+01    3.7387690349e+01   -1.1253719284e+01   -5.1102678690e+01   -2.3110879826e+01    2.9469291728e+00   -1.0986574120e+01    1.0296874312e-01    8.1210000000e+03    2.9603603369e+00    9.9836558577e-01
       180   -4.5171894955e+01    2.0418968458e+03   -8.2369444289e+01    3.7197549334e+01   -1.1229936235e+01   -5.1102678690e+01   -2.3045947562e+01    3.0091181985e+00   -1.0965093793e+01    1.0296874312e-01    8.1080000000e+03    2.9648899540e+00    9.9844347183e-01
       181   -4.5170528790e+01    2.0417352352e+03   -8.2239245484e+01    3.7068716694e+01   -1.1243122044e+01   -5.1102678690e+01   -2.3001029428e+01    3.1075846778e+00   -1.0977095768e+01    1.0296874312e-01    8.1020000000e+03    2.9555716619e+00    9.9837271718e-01
       182   -4.5168108935e+01    2.0415311666e+03   -8.2318271224e+01    3.7150162289e+01   -1.1260176107e+01   -5.1102678690e+01   -2.2979165284e+01    3.0237488562e+00   -1.0992447476e+01    1.0296874312e-01    8.0870000000e+03    2.9539542119e+00    9.9833554745e-01
       183   -4.5147616785e+01    2.0396766632e+03   -8.2399869643e+01    3.7252252857e+01   -1.1242252693e+01   -5.1102678690e+01   -2.3008386639e+01    2.9534483791e+00   -1.0972868687e+01    1.0296874312e-01    8.0990000000e+03    2.9384482499e+00    9.9848728081e-01
       184   -4.5155320552e+01    2.0403544527e+03   -8.2274319081e+01    3.7118998529e+01   -1.1247492789e+01   -5.1102678690e+01   -2.2907294914e+01    2.9831473117e+00   -1.0977850686e+01    1.0296874312e-01    8.0970000000e+03    2.9400177089e+00    9.9831112417e-01
       185   -4.5156829585e+01    2.0404829458e+03   -8.2236015963e+01    3.7079186378e+01   -1.1249167156e+01   -5.1102678690e+01   -2.2907726866e+01    3.0235567495e+00   -1.0979098864e+01    1.0296874312e-01    8.1380000000e+03    2.9864810890e+00    9.9841772152e-01
       186   -4.5165935188e+01    2.0413334683e+03   -8.2436844378e+01    3.7270909190e+01   -1.1238469590e+01   -5.1102678690e+01   -2.3044971524e+01    2.9492754256e+00   -1.0968314030e+01    1.0296874312e-01    8.1190000000e+03    2.9699397850e+00    9.9829636352e-01
       187   -4.5158007689e+01    2.0406068897e+03   -8.2566401664e+01    3.7408393974e+01   -1.1229146991e+01   -5.1102678690e+01   -2.3268687190e+01    3.0341112077e+00   -1.0957757514e+01    1.0296874312e-01    8.1240000000e+03    2.9617257660e+00    9.9832891819e-01
       188   -4.5139660457e+01    2.0390414009e+03   -8.2581603491e+01    3.7441943034e+01   -1.1162960853e+01   -5.1102678690e+01   -2.3331442996e+01    3.0154790485e+00   -1.0889957026e+01    1.0296874312e-01    8.1450000000e+03    2.9811280860e+00    9.9823830140e-01
       189   -4.5138509448e+01    2.0389193835e+03   -8.2379595976e+01    3.7241086528e+01   -1.1134710125e+01   -5.1102678690e+01   -2.3145302250e+01    3.0030950899e+00   -1.0863780884e+01    1.0296874312e-01    8.1440000000e+03    2.9687467940e+00    9.9828456957e-01
       190   -4.5147007466e+01    2.0396139091e+03   -8.2428684678e+01    3.7281677213e+01   -1.1095898264e+01   -5.1102678690e+01   -2.3154016851e+01    2.9239091267e+00   -1.0825426302e+01    1.0296874312e-01    8.1570000000e+03    2.9809657530e+00    9.9840244575e-01
       191   -4.5121701767e+01    2.0373083001e+03   -8.2412474029e+01    3.7290772262e+01   -1.1112681907e+01   -5.1102678690e+01   -2.3149552416e+01    2.9524389846e+00   -1.0841980556e+01    1.0296874312e-01    8.1610000000e+03    2.9639017570e+00    9.9831836847e-01
       192   -4.5130088054e+01    2.0382245204e+03   -8.2295853196e+01    3.7165765141e+01   -1.1127206812e+01   -5.1102678690e+01   -2.3142851512e+01    3.0768838180e+00   -1.0860584570e+01    1.0296874312e-01    8.1670000000e+03    2.9703530400e+00    9.9839233219e-01
       193   -4.5153146018e+01    2.0402139764e+03   -8.2546765774e+01    3.7393619756e+01   -1.1146246026e+01   -5.1102678690e+01   -2.3168523988e+01    2.8706829300e+00   -1.0885028672e+01    1.0296874312e-01    8.1830000000e+03    2.9802443130e+00    9.9832712051e-01
       194   -4.5139557476e+01    2.0390345474e+03   -8.2387625110e+01    3.7248067634e+01   -1.1114892442e+01   -5.1102678690e+01   -2.3119719828e+01    2.9496658512e+00   -1.0850633313e+01    1.0296874312e-01    8.1470000000e+03    2.9447522220e+00    9.9824537207e-01
       195   -4.5136749069e+01    2.0388848755e+03   -8.2513884540e+01    3.7377135471e+01   -1.1131383988e+01   -5.1102678690e+01   -2.3244949149e+01    2.9651272871e+00   -1.0867532765e+01    1.0296874312e-01    8.1360000000e+03    2.9510966800e+00    9.9836879759e-01
       196   -4.5106834741e+01    2.0360785851e+03   -8.2683341416e+01    3.7576506676e+01   -1.1113708987e+01   -5.1102678690e+01   -2.3365654496e+01    2.8987007563e+00   -1.0851819993e+01    1.0296874312e-01    8.0860000000e+03    2.9286098090e+00    9.9829369981e-01
       197   -4.5108689411e+01    2.0362319973e+03   -8.2794514930e+01    3.7685825519e+01   -1.1119111617e+01   -5.1102678690e+01   -2.3387712741e+01    2.8149881188e+00   -1.0860337904e+01    1.0296874312e-01    8.0720000000e+03    2.9204373040e+00    9.9827399381e-01
       198   -4.5137777742e+01    2.0387316045e+03   -8.2795372225e+01    3.7657594483e+01   -1.1097258858e+01   -5.1102678690e+01   -2.3515801648e+01    2.9203669715e+00   -1.0841677048e+01    1.0296874312e-01    8.0590000000e+03    2.9389685531e+00    9.9834221616e-01
       199   -4.5138307398e+01    2.0388993929e+03   -8.2757221611e+01    3.7618914214e+01   -1.1083250364e+01   -5.1102678690e+01   -2.3600406171e+01    3.0291136142e+00   -1.0831212969e+01    1.0296874312e-01    8.0420000000e+03    2.9448289539e+00    9.9840989674e-01
