#   index    LocalEnergy         LocalEnergy_sq      LocalPotential      Kinetic             ElecElec            IonIon              LocalECP            NonLocalECP         MPC                 KEcorr              BlockWeight         BlockCPU            AcceptRatio         
         0   -4.5179349560e+01    2.0425700574e+03   -8.2897821841e+01    3.7718472281e+01   -1.1298907965e+01   -5.1102678690e+01   -2.3339288355e+01    2.8430531697e+00   -1.1046937980e+01    1.0296874312e-01    4.1280000000e+03    1.5189509550e+00    9.9621074879e-01
         1   -4.5189584581e+01    2.0435431871e+03   -8.2925398653e+01    3.7735814072e+01   -1.1307157010e+01   -5.1102678690e+01   -2.3438530982e+01    2.9229680290e+00   -1.1053170037e+01    1.0296874312e-01    4.0910000000e+03    1.5124089060e+00    9.9591961023e-01
         2   -4.5178151512e+01    2.0425276542e+03   -8.2974496263e+01    3.7796344751e+01   -1.1307439819e+01   -5.1102678690e+01   -2.3505021595e+01    2.9406438413e+00   -1.1057520621e+01    1.0296874312e-01    4.0920000000e+03    1.5003661660e+00    9.9602786605e-01
         3   -4.5169043163e+01    2.0417201933e+03   -8.2985270440e+01    3.7816227276e+01   -1.1237839127e+01   -5.1102678690e+01   -2.3635247456e+01    2.9904948336e+00   -1.0983769070e+01    1.0296874312e-01    4.0950000000e+03    1.5063291279e+00    9.9576258246e-01
         4   -4.5148745118e+01    2.0397837787e+03   -8.3017175516e+01    3.7868430398e+01   -1.1224790292e+01   -5.1102678690e+01   -2.3659415539e+01    2.9697090057e+00   -1.0967302807e+01    1.0296874312e-01    4.0960000000e+03    1.4981774039e+00    9.9564805766e-01
         5   -4.5186216183e+01    2.0432580893e+03   -8.3074075006e+01    3.7887858822e+01   -1.1191867506e+01   -5.1102678690e+01   -2.3757254116e+01    2.9777253067e+00   -1.0937211647e+01    1.0296874312e-01    4.1000000000e+03    1.5063630369e+00    9.9603755182e-01
         6   -4.5201492305e+01    2.0447093123e+03   -8.2968092757e+01    3.7766600453e+01   -1.1209883386e+01   -5.1102678690e+01   -2.3696424119e+01    3.0408934389e+00   -1.0953986441e+01    1.0296874312e-01    4.0980000000e+03    1.5112561240e+00    9.9590401513e-01
         7   -4.5200954284e+01    2.0445158334e+03   -8.2834014246e+01    3.7633059962e+01   -1.1179142879e+01   -5.1102678690e+01   -2.3610186521e+01    3.0579938446e+00   -1.0921781696e+01    1.0296874312e-01    4.0920000000e+03    1.5117146430e+00    9.9580280830e-01
         8   -4.5187100757e+01    2.0432701387e+03   -8.2838512787e+01    3.7651412030e+01   -1.1216596093e+01   -5.1102678690e+01   -2.3543908680e+01    3.0246706764e+00   -1.0961542985e+01    1.0296874312e-01    4.0900000000e+03    1.5109475530e+00    9.9581704934e-01
         9   -4.5190474837e+01    2.0436201225e+03   -8.2814969853e+01    3.7624495016e+01   -1.1202589610e+01   -5.1102678690e+01   -2.3549897732e+01    3.0401961797e+00   -1.0945891686e+01    1.0296874312e-01    4.1090000000e+03    1.5225623160e+00    9.9583739937e-01
        10   -4.5198763755e+01    2.0443157474e+03   -8.2764512640e+01    3.7565748885e+01   -1.1169900186e+01   -5.1102678690e+01   -2.3369565847e+01    2.8776320839e+00   -1.0915408773e+01    1.0296874312e-01    4.1010000000e+03    1.4969558670e+00    9.9586228969e-01
        11   -4.5199848771e+01    2.0444020192e+03   -8.2672820007e+01    3.7472971235e+01   -1.1154272158e+01   -5.1102678690e+01   -2.3338890368e+01    2.9230212090e+00   -1.0896947379e+01    1.0296874312e-01    4.1050000000e+03    1.5192585051e+00    9.9619273879e-01
        12   -4.5224473210e+01    2.0472038959e+03   -8.2753895921e+01    3.7529422711e+01   -1.1192220488e+01   -5.1102678690e+01   -2.3439844674e+01    2.9808479309e+00   -1.0934957064e+01    1.0296874312e-01    4.0940000000e+03    1.5207008751e+00    9.9586027080e-01
        13   -4.5153437505e+01    2.0402280243e+03   -8.2890308493e+01    3.7736870987e+01   -1.1173465987e+01   -5.1102678690e+01   -2.3478075693e+01    2.8639118783e+00   -1.0913044011e+01    1.0296874312e-01    4.0940000000e+03    1.5185710931e+00    9.9630376344e-01
        14   -4.5166971674e+01    2.0414755015e+03   -8.2953341994e+01    3.7786370320e+01   -1.1172607341e+01   -5.1102678690e+01   -2.3474338481e+01    2.7962825186e+00   -1.0912569119e+01    1.0296874312e-01    4.1000000000e+03    1.5163290950e+00    9.9614799026e-01
        15   -4.5189088283e+01    2.0436154381e+03   -8.2848997820e+01    3.7659909536e+01   -1.1195756462e+01   -5.1102678690e+01   -2.3443576035e+01    2.8930133678e+00   -1.0935710401e+01    1.0296874312e-01    4.0790000000e+03    1.4935049820e+00    9.9561215753e-01
        16   -4.5181440496e+01    2.0428147846e+03   -8.2962317678e+01    3.7780877181e+01   -1.1197176465e+01   -5.1102678690e+01   -2.3516403166e+01    2.8539406433e+00   -1.0936399696e+01    1.0296874312e-01    4.0960000000e+03    1.4934434210e+00    9.9600183824e-01
        17   -4.5195640871e+01    2.0440592535e+03   -8.3226278684e+01    3.8030637812e+01   -1.1185373986e+01   -5.1102678690e+01   -2.3724782054e+01    2.7865560472e+00   -1.0926295022e+01    1.0296874312e-01    4.0980000000e+03    1.4948003790e+00    9.9586890244e-01
        18   -4.5173209522e+01    2.0421040416e+03   -8.3255853131e+01    3.8082643609e+01   -1.1220998811e+01   -5.1102678690e+01   -2.3655760580e+01    2.7235849515e+00   -1.0958932247e+01    1.0296874312e-01    4.1030000000e+03    1.5115195310e+00    9.9556618723e-01
        19   -4.5131853318e+01    2.0383162625e+03   -8.3027591951e+01    3.7895738634e+01   -1.1188413538e+01   -5.1102678690e+01   -2.3598084176e+01    2.8615844536e+00   -1.0922797019e+01    1.0296874312e-01    4.0860000000e+03    1.5040259621e+00    9.9561095506e-01
        20   -4.5163355840e+01    2.0412903742e+03   -8.3042787612e+01    3.7879431772e+01   -1.1177870690e+01   -5.1102678690e+01   -2.3616585067e+01    2.8543468350e+00   -1.0913717755e+01    1.0296874312e-01    4.0920000000e+03    1.5195697850e+00    9.9601356305e-01
        21   -4.5147815719e+01    2.0397747880e+03   -8.2914248619e+01    3.7766432900e+01   -1.1169865251e+01   -5.1102678690e+01   -2.3513649374e+01    2.8719446963e+00   -1.0907960072e+01    1.0296874312e-01    4.0800000000e+03    1.5143502140e+00    9.9588634695e-01
        22   -4.5164988191e+01    2.0412720635e+03   -8.2906702269e+01    3.7741714077e+01   -1.1152610371e+01   -5.1102678690e+01   -2.3498411125e+01    2.8469979179e+00   -1.0888427555e+01    1.0296874312e-01    4.0780000000e+03    1.5013219370e+00    9.9615030675e-01
        23   -4.5175216199e+01    2.0420849166e+03   -8.2884190316e+01    3.7708974116e+01   -1.1148881537e+01   -5.1102678690e+01   -2.3310522846e+01    2.6778927581e+00   -1.0885612775e+01    1.0296874312e-01    4.0850000000e+03    1.5042472150e+00    9.9591958599e-01
        24   -4.5168864863e+01    2.0415954778e+03   -8.2791757338e+01    3.7622892475e+01   -1.1118584413e+01   -5.1102678690e+01   -2.3420043519e+01    2.8495492849e+00   -1.0858463772e+01    1.0296874312e-01    4.0870000000e+03    1.5081618109e+00    9.9597045510e-01
        25   -4.5150232043e+01    2.0399583122e+03   -8.2638601782e+01    3.7488369739e+01   -1.1114937174e+01   -5.1102678690e+01   -2.3264069028e+01    2.8430831101e+00   -1.0856720400e+01    1.0296874312e-01    4.0810000000e+03    1.5053705410e+00    9.9588795638e-01
        26   -4.5169452767e+01    2.0417506803e+03   -8.2750433963e+01    3.7580981196e+01   -1.1081102454e+01   -5.1102678690e+01   -2.3337382659e+01    2.7707298406e+00   -1.0823026896e+01    1.0296874312e-01    4.0810000000e+03    1.5104225570e+00    9.9574871544e-01
        27   -4.5154190834e+01    2.0403558536e+03   -8.2835156838e+01    3.7680966004e+01   -1.1124237746e+01   -5.1102678690e+01   -2.3339439695e+01    2.7311992941e+00   -1.0868461657e+01    1.0296874312e-01    4.0720000000e+03    1.5042628470e+00    9.9589723926e-01
        28   -4.5178691835e+01    2.0426412609e+03   -8.2933715320e+01    3.7755023485e+01   -1.1094012023e+01   -5.1102678690e+01   -2.3394556329e+01    2.6575317230e+00   -1.0841269049e+01    1.0296874312e-01    4.0770000000e+03    1.5002046861e+00    9.9600737101e-01
        29   -4.5189937755e+01    2.0437364356e+03   -8.2960717286e+01    3.7770779531e+01   -1.1134896415e+01   -5.1102678690e+01   -2.3495030976e+01    2.7718887948e+00   -1.0884598802e+01    1.0296874312e-01    4.0930000000e+03    1.5024543230e+00    9.9568860078e-01
        30   -4.5170244384e+01    2.0417904763e+03   -8.3051724003e+01    3.7881479619e+01   -1.1131239350e+01   -5.1102678690e+01   -2.3653154587e+01    2.8353486249e+00   -1.0879022233e+01    1.0296874312e-01    4.0930000000e+03    1.4886996940e+00    9.9587148962e-01
        31   -4.5196903556e+01    2.0445243923e+03   -8.2927056958e+01    3.7730153402e+01   -1.1117973436e+01   -5.1102678690e+01   -2.3553332321e+01    2.8469274895e+00   -1.0867952194e+01    1.0296874312e-01    4.0890000000e+03    1.4884397610e+00    9.9603453545e-01
        32   -4.5170203585e+01    2.0417567475e+03   -8.2846633536e+01    3.7676429950e+01   -1.1111053363e+01   -5.1102678690e+01   -2.3522101028e+01    2.8891995454e+00   -1.0857485029e+01    1.0296874312e-01    4.0840000000e+03    1.5060175350e+00    9.9587466324e-01
        33   -4.5159777065e+01    2.0409326523e+03   -8.3032717347e+01    3.7872940281e+01   -1.1136460994e+01   -5.1102678690e+01   -2.3501170203e+01    2.7075925408e+00   -1.0881339807e+01    1.0296874312e-01    4.0830000000e+03    1.5061923920e+00    9.9606317270e-01
        34   -4.5130966856e+01    2.0383399895e+03   -8.3075314450e+01    3.7944347594e+01   -1.1123546151e+01   -5.1102678690e+01   -2.3654938272e+01    2.8058486637e+00   -1.0868962704e+01    1.0296874312e-01    4.0800000000e+03    1.5017195911e+00    9.9581698946e-01
        35   -4.5161447791e+01    2.0411930523e+03   -8.3023846705e+01    3.7862398914e+01   -1.1106543799e+01   -5.1102678690e+01   -2.3767955962e+01    2.9533317467e+00   -1.0850838970e+01    1.0296874312e-01    4.0920000000e+03    1.5008007380e+00    9.9603830152e-01
        36   -4.5134678386e+01    2.0386103575e+03   -8.2995561400e+01    3.7860883015e+01   -1.1094457431e+01   -5.1102678690e+01   -2.3666675232e+01    2.8682499537e+00   -1.0837868616e+01    1.0296874312e-01    4.0920000000e+03    1.5053850150e+00    9.9597734489e-01
        37   -4.5143447297e+01    2.0393637772e+03   -8.3060490809e+01    3.7917043513e+01   -1.1112426759e+01   -5.1102678690e+01   -2.3699724638e+01    2.8543392776e+00   -1.0857771999e+01    1.0296874312e-01    4.0800000000e+03    1.5037684240e+00    9.9611383109e-01
        38   -4.5143729225e+01    2.0394334762e+03   -8.2920559296e+01    3.7776830071e+01   -1.1107984787e+01   -5.1102678690e+01   -2.3618443200e+01    2.9085473814e+00   -1.0854331606e+01    1.0296874312e-01    4.0740000000e+03    1.4983969800e+00    9.9619725221e-01
        39   -4.5137676695e+01    2.0387936783e+03   -8.2826194101e+01    3.7688517406e+01   -1.1111694524e+01   -5.1102678690e+01   -2.3588594960e+01    2.9767740739e+00   -1.0856696065e+01    1.0296874312e-01    4.0890000000e+03    1.5010175870e+00    9.9597416116e-01
        40   -4.5167073227e+01    2.0414187921e+03   -8.2885170123e+01    3.7718096896e+01   -1.1158125677e+01   -5.1102678690e+01   -2.3605343536e+01    2.9809777802e+00   -1.0905099616e+01    1.0296874312e-01    4.0840000000e+03    1.4991339560e+00    9.9589862880e-01
        41   -4.5179433917e+01    2.0425713158e+03   -8.2723877267e+01    3.7544443350e+01   -1.1121246007e+01   -5.1102678690e+01   -2.3653467239e+01    3.1535146696e+00   -1.0865449672e+01    1.0296874312e-01    4.0770000000e+03    1.4951174920e+00    9.9568437806e-01
        42   -4.5154571805e+01    2.0402772910e+03   -8.2679339731e+01    3.7524767926e+01   -1.1111709028e+01   -5.1102678690e+01   -2.3645831241e+01    3.1808792279e+00   -1.0853676383e+01    1.0296874312e-01    4.0580000000e+03    1.4905322900e+00    9.9586408364e-01
        43   -4.5150956995e+01    2.0399116455e+03   -8.2698926404e+01    3.7547969409e+01   -1.1155404845e+01   -5.1102678690e+01   -2.3500106678e+01    3.0592638100e+00   -1.0892458335e+01    1.0296874312e-01    4.0590000000e+03    1.4842561170e+00    9.9632760532e-01
        44   -4.5154293894e+01    2.0402450367e+03   -8.2657123441e+01    3.7502829546e+01   -1.1152529547e+01   -5.1102678690e+01   -2.3398322271e+01    2.9964070674e+00   -1.0886509257e+01    1.0296874312e-01    4.0620000000e+03    1.4890598239e+00    9.9585333580e-01
        45   -4.5159370788e+01    2.0406639216e+03   -8.2676482954e+01    3.7517112167e+01   -1.1156952753e+01   -5.1102678690e+01   -2.3289205899e+01    2.8723543876e+00   -1.0891759464e+01    1.0296874312e-01    4.0790000000e+03    1.5011646990e+00    9.9614083641e-01
        46   -4.5174031507e+01    2.0424085455e+03   -8.2261321008e+01    3.7087289501e+01   -1.1134284448e+01   -5.1102678690e+01   -2.3141019468e+01    3.1166615989e+00   -1.0870973246e+01    1.0296874312e-01    4.0760000000e+03    1.5029405160e+00    9.9604304433e-01
        47   -4.5199561506e+01    2.0444725889e+03   -8.2378365437e+01    3.7178803931e+01   -1.1147632694e+01   -5.1102678690e+01   -2.3203030527e+01    3.0749764739e+00   -1.0886384706e+01    1.0296874312e-01    4.0940000000e+03    1.5043614131e+00    9.9584966920e-01
        48   -4.5170861823e+01    2.0417514501e+03   -8.2510657452e+01    3.7339795630e+01   -1.1178561685e+01   -5.1102678690e+01   -2.3238741414e+01    3.0093243370e+00   -1.0916442038e+01    1.0296874312e-01    4.0970000000e+03    1.5085814090e+00    9.9580690412e-01
        49   -4.5191291614e+01    2.0437141882e+03   -8.2440910550e+01    3.7249618936e+01   -1.1196609639e+01   -5.1102678690e+01   -2.3122594714e+01    2.9809724927e+00   -1.0934540422e+01    1.0296874312e-01    4.1050000000e+03    1.5004750070e+00    9.9601745605e-01
        50   -4.5162797203e+01    2.0410981679e+03   -8.2515386933e+01    3.7352589730e+01   -1.1207970461e+01   -5.1102678690e+01   -2.3117828253e+01    2.9130904714e+00   -1.0943735654e+01    1.0296874312e-01    4.1090000000e+03    1.5098096330e+00    9.9612892431e-01
        51   -4.5167128615e+01    2.0415364450e+03   -8.2496321624e+01    3.7329193009e+01   -1.1214078453e+01   -5.1102678690e+01   -2.3025109381e+01    2.8455449000e+00   -1.0952395943e+01    1.0296874312e-01    4.1020000000e+03    1.5182840900e+00    9.9600060827e-01
        52   -4.5168817293e+01    2.0415687768e+03   -8.2595725848e+01    3.7426908554e+01   -1.1266373224e+01   -5.1102678690e+01   -2.3052562265e+01    2.8258883326e+00   -1.1007088725e+01    1.0296874312e-01    4.1030000000e+03    1.5204471371e+00    9.9597855228e-01
        53   -4.5144364485e+01    2.0393350603e+03   -8.2544129034e+01    3.7399764548e+01   -1.1236209643e+01   -5.1102678690e+01   -2.3018848587e+01    2.8136078861e+00   -1.0978914492e+01    1.0296874312e-01    4.1010000000e+03    1.5126914231e+00    9.9613952637e-01
        54   -4.5154251283e+01    2.0403252518e+03   -8.2460072265e+01    3.7305820982e+01   -1.1178707828e+01   -5.1102678690e+01   -2.3032636760e+01    2.8539510135e+00   -1.0921450424e+01    1.0296874312e-01    4.1060000000e+03    1.5177253899e+00    9.9582825822e-01
        55   -4.5173064009e+01    2.0420741759e+03   -8.2281799442e+01    3.7108735433e+01   -1.1231041132e+01   -5.1102678690e+01   -2.2843201359e+01    2.8951217403e+00   -1.0970720973e+01    1.0296874312e-01    4.1110000000e+03    1.5069596471e+00    9.9583434687e-01
        56   -4.5168031548e+01    2.0415105006e+03   -8.2283121959e+01    3.7115090410e+01   -1.1198660091e+01   -5.1102678690e+01   -2.2890761031e+01    2.9089778532e+00   -1.0941754183e+01    1.0296874312e-01    4.1240000000e+03    1.5296745540e+00    9.9580903790e-01
        57   -4.5127137224e+01    2.0378854362e+03   -8.2297452387e+01    3.7170315163e+01   -1.1157424996e+01   -5.1102678690e+01   -2.2899855823e+01    2.8625071218e+00   -1.0900632882e+01    1.0296874312e-01    4.1140000000e+03    1.5237624019e+00    9.9605486769e-01
        58   -4.5159669527e+01    2.0407237649e+03   -8.2375404710e+01    3.7215735183e+01   -1.1149388028e+01   -5.1102678690e+01   -2.2911379274e+01    2.7880412822e+00   -1.0892193038e+01    1.0296874312e-01    4.1170000000e+03    1.5371868280e+00    9.9597313397e-01
        59   -4.5159984571e+01    2.0408789370e+03   -8.2220794623e+01    3.7060810052e+01   -1.1142549762e+01   -5.1102678690e+01   -2.2858168969e+01    2.8826027980e+00   -1.0886393353e+01    1.0296874312e-01    4.1260000000e+03    1.5702339980e+00    9.9613066392e-01
        60   -4.5133599266e+01    2.0384241362e+03   -8.2329791393e+01    3.7196192126e+01   -1.1145329238e+01   -5.1102678690e+01   -2.2879669031e+01    2.7978855669e+00   -1.0891163515e+01    1.0296874312e-01    4.1350000000e+03    1.5410910330e+00    9.9605303030e-01
        61   -4.5130130289e+01    2.0381656985e+03   -8.2279309903e+01    3.7149179614e+01   -1.1104832916e+01   -5.1102678690e+01   -2.2867517225e+01    2.7957189280e+00   -1.0853172479e+01    1.0296874312e-01    4.1470000000e+03    1.5483421320e+00    9.9576948600e-01
        62   -4.5157601558e+01    2.0406064262e+03   -8.2301737934e+01    3.7144136376e+01   -1.1113842298e+01   -5.1102678690e+01   -2.2938479408e+01    2.8532624625e+00   -1.0864006243e+01    1.0296874312e-01    4.1470000000e+03    1.5151827839e+00    9.9582227317e-01
        63   -4.5184331979e+01    2.0430305546e+03   -8.2397303958e+01    3.7212971979e+01   -1.1093908556e+01   -5.1102678690e+01   -2.3093169787e+01    2.8924530762e+00   -1.0841713009e+01    1.0296874312e-01    4.1480000000e+03    1.5166525610e+00    9.9618792189e-01
        64   -4.5167154419e+01    2.0415606812e+03   -8.2528480676e+01    3.7361326257e+01   -1.1133220358e+01   -5.1102678690e+01   -2.3158928889e+01    2.8663472618e+00   -1.0880477073e+01    1.0296874312e-01    4.1580000000e+03    1.5261791090e+00    9.9625090340e-01
        65   -4.5124591374e+01    2.0378965307e+03   -8.2511493334e+01    3.7386901961e+01   -1.1124549096e+01   -5.1102678690e+01   -2.3114438703e+01    2.8301731551e+00   -1.0869857825e+01    1.0296874312e-01    4.1640000000e+03    1.5476746480e+00    9.9597549255e-01
        66   -4.5124141688e+01    2.0375921747e+03   -8.2344464613e+01    3.7220322925e+01   -1.1153682854e+01   -5.1102678690e+01   -2.3112751671e+01    3.0246486022e+00   -1.0895268905e+01    1.0296874312e-01    4.1810000000e+03    1.5589106880e+00    9.9573761665e-01
        67   -4.5142175532e+01    2.0392074500e+03   -8.2250095594e+01    3.7107920062e+01   -1.1106842742e+01   -5.1102678690e+01   -2.3056481972e+01    3.0159078096e+00   -1.0846733178e+01    1.0296874312e-01    4.2020000000e+03    1.5469877210e+00    9.9593981371e-01
        68   -4.5154695641e+01    2.0404204507e+03   -8.2153960188e+01    3.6999264547e+01   -1.1148460493e+01   -5.1102678690e+01   -2.2940143941e+01    3.0373229362e+00   -1.0888050714e+01    1.0296874312e-01    4.1820000000e+03    1.5535122200e+00    9.9577179609e-01
        69   -4.5162025192e+01    2.0411541235e+03   -8.2165804869e+01    3.7003779677e+01   -1.1166187273e+01   -5.1102678690e+01   -2.2978004706e+01    3.0810658005e+00   -1.0906374214e+01    1.0296874312e-01    4.1620000000e+03    1.5336685730e+00    9.9604411412e-01
        70   -4.5185165825e+01    2.0431329438e+03   -8.2305308429e+01    3.7120142604e+01   -1.1171224728e+01   -5.1102678690e+01   -2.2970446910e+01    2.9390419001e+00   -1.0915989083e+01    1.0296874312e-01    4.1370000000e+03    1.5166469370e+00    9.9567354076e-01
        71   -4.5167414568e+01    2.0414357699e+03   -8.2264280801e+01    3.7096866233e+01   -1.1121277815e+01   -5.1102678690e+01   -2.2889403497e+01    2.8490792018e+00   -1.0866074634e+01    1.0296874312e-01    4.1450000000e+03    1.5072171789e+00    9.9607863878e-01
        72   -4.5178477294e+01    2.0424460597e+03   -8.2295082246e+01    3.7116604952e+01   -1.1168281752e+01   -5.1102678690e+01   -2.2962663230e+01    2.9385414277e+00   -1.0908035871e+01    1.0296874312e-01    4.1410000000e+03    1.5215717000e+00    9.9585290222e-01
        73   -4.5148106582e+01    2.0396832830e+03   -8.2345036396e+01    3.7196929814e+01   -1.1170696657e+01   -5.1102678690e+01   -2.2885802979e+01    2.8141419306e+00   -1.0912426143e+01    1.0296874312e-01    4.1320000000e+03    1.5103100610e+00    9.9612872006e-01
        74   -4.5176867739e+01    2.0425859155e+03   -8.2519884777e+01    3.7343017038e+01   -1.1211614931e+01   -5.1102678690e+01   -2.2851275133e+01    2.6456839771e+00   -1.0951686257e+01    1.0296874312e-01    4.1390000000e+03    1.5104122789e+00    9.9614570738e-01
        75   -4.5173807375e+01    2.0419999495e+03   -8.2568351386e+01    3.7394544010e+01   -1.1216303232e+01   -5.1102678690e+01   -2.2958221204e+01    2.7088517417e+00   -1.0958879722e+01    1.0296874312e-01    4.1410000000e+03    1.5122165130e+00    9.9644130803e-01
        76   -4.5175659522e+01    2.0422110077e+03   -8.2358049177e+01    3.7182389655e+01   -1.1188821435e+01   -5.1102678690e+01   -2.2910521779e+01    2.8439727265e+00   -1.0935438503e+01    1.0296874312e-01    4.1430000000e+03    1.5277781361e+00    9.9600422195e-01
        77   -4.5175798118e+01    2.0422180556e+03   -8.2289952346e+01    3.7114154228e+01   -1.1241075121e+01   -5.1102678690e+01   -2.2902541312e+01    2.9563427772e+00   -1.0992877371e+01    1.0296874312e-01    4.1490000000e+03    1.5302124900e+00    9.9562183506e-01
        78   -4.5176253019e+01    2.0422576284e+03   -8.2452728566e+01    3.7276475547e+01   -1.1235774869e+01   -5.1102678690e+01   -2.2999705004e+01    2.8854299976e+00   -1.0983277428e+01    1.0296874312e-01    4.1510000000e+03    1.5223706750e+00    9.9571329556e-01
        79   -4.5171677168e+01    2.0418656928e+03   -8.2507648300e+01    3.7335971132e+01   -1.1219418854e+01   -5.1102678690e+01   -2.2972641488e+01    2.7870907323e+00   -1.0965062895e+01    1.0296874312e-01    4.1460000000e+03    1.5517160591e+00    9.9595340005e-01
        80   -4.5170939731e+01    2.0419011741e+03   -8.2615126314e+01    3.7444186583e+01   -1.1198118236e+01   -5.1102678690e+01   -2.3088577180e+01    2.7742477924e+00   -1.0942193650e+01    1.0296874312e-01    4.1670000000e+03    1.5661462189e+00    9.9596604567e-01
        81   -4.5198225868e+01    2.0443650359e+03   -8.2530923773e+01    3.7332697905e+01   -1.1218721250e+01   -5.1102678690e+01   -2.3035093187e+01    2.8255693539e+00   -1.0962874948e+01    1.0296874312e-01    4.1660000000e+03    1.5573745529e+00    9.9579831933e-01
        82   -4.5193179049e+01    2.0440462822e+03   -8.2652636352e+01    3.7459457303e+01   -1.1229483384e+01   -5.1102678690e+01   -2.3105296801e+01    2.7848225235e+00   -1.0970525731e+01    1.0296874312e-01    4.1620000000e+03    1.5353411320e+00    9.9598782097e-01
        83   -4.5164057873e+01    2.0413228118e+03   -8.2672873428e+01    3.7508815555e+01   -1.1234137107e+01   -5.1102678690e+01   -2.3133472146e+01    2.7974145146e+00   -1.0976323485e+01    1.0296874312e-01    4.1680000000e+03    1.5287498760e+00    9.9597258956e-01
        84   -4.5176640804e+01    2.0424757732e+03   -8.2556677044e+01    3.7380036240e+01   -1.1232921714e+01   -5.1102678690e+01   -2.3172626663e+01    2.9515500236e+00   -1.0974190251e+01    1.0296874312e-01    4.1820000000e+03    1.5518444690e+00    9.9581887267e-01
        85   -4.5174755661e+01    2.0423499907e+03   -8.2781522488e+01    3.7606766827e+01   -1.1224805514e+01   -5.1102678690e+01   -2.3337064478e+01    2.8830261935e+00   -1.0968079742e+01    1.0296874312e-01    4.1710000000e+03    1.5461214040e+00    9.9587123025e-01
        86   -4.5169077376e+01    2.0418418647e+03   -8.2731432822e+01    3.7562355445e+01   -1.1237040490e+01   -5.1102678690e+01   -2.3436574738e+01    3.0448610971e+00   -1.0981380967e+01    1.0296874312e-01    4.1760000000e+03    1.5594102329e+00    9.9586628325e-01
        87   -4.5185587316e+01    2.0432451644e+03   -8.2636087938e+01    3.7450500623e+01   -1.1242357117e+01   -5.1102678690e+01   -2.3419103481e+01    3.1280513503e+00   -1.0987527811e+01    1.0296874312e-01    4.1840000000e+03    1.5810098490e+00    9.9614142139e-01
        88   -4.5173541952e+01    2.0420514079e+03   -8.2574266807e+01    3.7400724855e+01   -1.1188097411e+01   -5.1102678690e+01   -2.3363694261e+01    3.0802035558e+00   -1.0934802118e+01    1.0296874312e-01    4.1680000000e+03    1.5718736011e+00    9.9602830302e-01
        89   -4.5176793241e+01    2.0423909345e+03   -8.2675251257e+01    3.7498458016e+01   -1.1213138963e+01   -5.1102678690e+01   -2.3380387345e+01    3.0209537418e+00   -1.0961144885e+01    1.0296874312e-01    4.1620000000e+03    1.5309572320e+00    9.9568370166e-01
        90   -4.5155784154e+01    2.0404708918e+03   -8.2550190406e+01    3.7394406252e+01   -1.1261540325e+01   -5.1102678690e+01   -2.3280048929e+01    3.0940775397e+00   -1.1012740400e+01    1.0296874312e-01    4.1490000000e+03    1.5544061459e+00    9.9598568679e-01
        91   -4.5170992572e+01    2.0420159449e+03   -8.2709067708e+01    3.7538075136e+01   -1.1272205421e+01   -5.1102678690e+01   -2.3278666182e+01    2.9444825845e+00   -1.1023255578e+01    1.0296874312e-01    4.1530000000e+03    1.5212739090e+00    9.9582931824e-01
        92   -4.5177723953e+01    2.0425264829e+03   -8.2650921326e+01    3.7473197373e+01   -1.1258696631e+01   -5.1102678690e+01   -2.3316022435e+01    3.0264764299e+00   -1.1008420272e+01    1.0296874312e-01    4.1410000000e+03    1.5297180370e+00    9.9585343788e-01
        93   -4.5173685662e+01    2.0421319312e+03   -8.2744278854e+01    3.7570593192e+01   -1.1263418301e+01   -5.1102678690e+01   -2.3507977406e+01    3.1297955427e+00   -1.1016091469e+01    1.0296874312e-01    4.1440000000e+03    1.6096884761e+00    9.9613145512e-01
        94   -4.5160072611e+01    2.0408346759e+03   -8.2765721953e+01    3.7605649342e+01   -1.1275834938e+01   -5.1102678690e+01   -2.3472846603e+01    3.0856382792e+00   -1.1025176121e+01    1.0296874312e-01    4.1310000000e+03    1.6559350260e+00    9.9580617910e-01
        95   -4.5168203496e+01    2.0415193473e+03   -8.2553039002e+01    3.7384835506e+01   -1.1254079848e+01   -5.1102678690e+01   -2.3321572390e+01    3.1252919265e+00   -1.1001920046e+01    1.0296874312e-01    4.1140000000e+03    1.6195119950e+00    9.9619901675e-01
        96   -4.5170426959e+01    2.0417462133e+03   -8.2654931278e+01    3.7484504319e+01   -1.1254056578e+01   -5.1102678690e+01   -2.3409702353e+01    3.1115063436e+00   -1.1003492065e+01    1.0296874312e-01    4.0910000000e+03    1.5898922280e+00    9.9622989276e-01
        97   -4.5152831877e+01    2.0402441523e+03   -8.2571514724e+01    3.7418682847e+01   -1.1288194627e+01   -5.1102678690e+01   -2.3239248189e+01    3.0586067823e+00   -1.1038087705e+01    1.0296874312e-01    4.0880000000e+03    1.4974575520e+00    9.9589298825e-01
        98   -4.5161452956e+01    2.0409922758e+03   -8.2474509109e+01    3.7313056152e+01   -1.1257840819e+01   -5.1102678690e+01   -2.3072818968e+01    2.9588293686e+00   -1.1009960905e+01    1.0296874312e-01    4.0970000000e+03    1.5238961780e+00    9.9594582214e-01
        99   -4.5166819049e+01    2.0414281756e+03   -8.2490571286e+01    3.7323752237e+01   -1.1221579877e+01   -5.1102678690e+01   -2.2997015721e+01    2.8307030032e+00   -1.0969581932e+01    1.0296874312e-01    4.0900000000e+03    1.5252623430e+00    9.9598497802e-01
       100   -4.5164166448e+01    2.0412634634e+03   -8.2425806332e+01    3.7261639883e+01   -1.1214340602e+01   -5.1102678690e+01   -2.3104981257e+01    2.9961942184e+00   -1.0959108877e+01    1.0296874312e-01    4.1030000000e+03    1.5583970250e+00    9.9634462759e-01
       101   -4.5192658921e+01    2.0439106362e+03   -8.2519974839e+01    3.7327315918e+01   -1.1240060819e+01   -5.1102678690e+01   -2.3175466121e+01    2.9982307916e+00   -1.0984066670e+01    1.0296874312e-01    4.0830000000e+03    1.5172586500e+00    9.9593253968e-01
       102   -4.5169165492e+01    2.0417658024e+03   -8.2803141806e+01    3.7633976314e+01   -1.1233090591e+01   -5.1102678690e+01   -2.3288450389e+01    2.8210778653e+00   -1.0976991580e+01    1.0296874312e-01    4.0710000000e+03    1.4911559990e+00    9.9562009082e-01
       103   -4.5169637508e+01    2.0416387397e+03   -8.2740414394e+01    3.7570776886e+01   -1.1263236119e+01   -5.1102678690e+01   -2.3317099240e+01    2.9425996554e+00   -1.1010471898e+01    1.0296874312e-01    4.0910000000e+03    1.4956301369e+00    9.9594056373e-01
       104   -4.5157155095e+01    2.0405602952e+03   -8.2675527848e+01    3.7518372753e+01   -1.1255341633e+01   -5.1102678690e+01   -2.3233006642e+01    2.9154991172e+00   -1.1002487036e+01    1.0296874312e-01    4.1210000000e+03    1.5113606281e+00    9.9589877039e-01
       105   -4.5145564600e+01    2.0397626567e+03   -8.2593096026e+01    3.7447531425e+01   -1.1270970896e+01   -5.1102678690e+01   -2.3172565284e+01    2.9531188440e+00   -1.1018605812e+01    1.0296874312e-01    4.1360000000e+03    1.5198106291e+00    9.9624122701e-01
       106   -4.5180734084e+01    2.0427255182e+03   -8.2398431767e+01    3.7217697683e+01   -1.1264632618e+01   -5.1102678690e+01   -2.3026523640e+01    2.9954031809e+00   -1.1011192012e+01    1.0296874312e-01    4.1290000000e+03    1.5231957040e+00    9.9619013062e-01
       107   -4.5135392797e+01    2.0385333921e+03   -8.2420068385e+01    3.7284675588e+01   -1.1276171793e+01   -5.1102678690e+01   -2.3045150524e+01    3.0039326226e+00   -1.1023253074e+01    1.0296874312e-01    4.1230000000e+03    1.5228282891e+00    9.9574690684e-01
       108   -4.5120214350e+01    2.0372259463e+03   -8.2504567307e+01    3.7384352957e+01   -1.1326685274e+01   -5.1102678690e+01   -2.3168559006e+01    3.0933556632e+00   -1.1074073213e+01    1.0296874312e-01    4.1260000000e+03    1.5192475900e+00    9.9598019622e-01
       109   -4.5093148192e+01    2.0347022325e+03   -8.2525650974e+01    3.7432502782e+01   -1.1276023608e+01   -5.1102678690e+01   -2.3159849574e+01    3.0129008984e+00   -1.1023460477e+01    1.0296874312e-01    4.1190000000e+03    1.5139312730e+00    9.9605678233e-01
       110   -4.5107314190e+01    2.0361385298e+03   -8.2725560040e+01    3.7618245850e+01   -1.1293161006e+01   -5.1102678690e+01   -2.3206190498e+01    2.8764701537e+00   -1.1038234385e+01    1.0296874312e-01    4.1070000000e+03    1.5274081030e+00    9.9595230863e-01
       111   -4.5143128511e+01    2.0393393360e+03   -8.2524464435e+01    3.7381335924e+01   -1.1244137239e+01   -5.1102678690e+01   -2.3217750981e+01    3.0401024762e+00   -1.0985650324e+01    1.0296874312e-01    4.1170000000e+03    1.5110506989e+00    9.9597019465e-01
       112   -4.5124131151e+01    2.0375707444e+03   -8.2562569684e+01    3.7438438533e+01   -1.1253528564e+01   -5.1102678690e+01   -2.3099056632e+01    2.8926942025e+00   -1.0992354852e+01    1.0296874312e-01    4.1170000000e+03    1.5187714270e+00    9.9572552235e-01
       113   -4.5124946323e+01    2.0377402495e+03   -8.2538773913e+01    3.7413827590e+01   -1.1236194978e+01   -5.1102678690e+01   -2.3053091893e+01    2.8531916493e+00   -1.0975735595e+01    1.0296874312e-01    4.1340000000e+03    1.5144640200e+00    9.9621303926e-01
       114   -4.5135460604e+01    2.0388574810e+03   -8.2703333395e+01    3.7567872792e+01   -1.1215194088e+01   -5.1102678690e+01   -2.3211697503e+01    2.8262368869e+00   -1.0953042440e+01    1.0296874312e-01    4.1360000000e+03    1.5105647589e+00    9.9577027845e-01
       115   -4.5120187457e+01    2.0371637530e+03   -8.2724508767e+01    3.7604321310e+01   -1.1223465414e+01   -5.1102678690e+01   -2.3231559022e+01    2.8331943595e+00   -1.0960221683e+01    1.0296874312e-01    4.1380000000e+03    1.5191786201e+00    9.9593342588e-01
       116   -4.5154199519e+01    2.0403511369e+03   -8.2627107525e+01    3.7472908006e+01   -1.1177017510e+01   -5.1102678690e+01   -2.3255556554e+01    2.9081452293e+00   -1.0912866637e+01    1.0296874312e-01    4.1410000000e+03    1.5097408770e+00    9.9593704688e-01
       117   -4.5117562432e+01    2.0370063099e+03   -8.2819611850e+01    3.7702049418e+01   -1.1263405792e+01   -5.1102678690e+01   -2.3274335397e+01    2.8208080293e+00   -1.0999779952e+01    1.0296874312e-01    4.1280000000e+03    1.5210857301e+00    9.9600597971e-01
       118   -4.5143003012e+01    2.0394060749e+03   -8.2738919489e+01    3.7595916477e+01   -1.1226775425e+01   -5.1102678690e+01   -2.3369426406e+01    2.9599610325e+00   -1.0963816240e+01    1.0296874312e-01    4.1060000000e+03    1.4988642670e+00    9.9618106171e-01
       119   -4.5131581991e+01    2.0383309297e+03   -8.2651592790e+01    3.7520010800e+01   -1.1151426424e+01   -5.1102678690e+01   -2.3333616525e+01    2.9361288494e+00   -1.0889084034e+01    1.0296874312e-01    4.1020000000e+03    1.4969306199e+00    9.9595471721e-01
       120   -4.5160041627e+01    2.0407997675e+03   -8.2785969370e+01    3.7625927743e+01   -1.1139830312e+01   -5.1102678690e+01   -2.3300575324e+01    2.7571149566e+00   -1.0879346171e+01    1.0296874312e-01    4.0970000000e+03    1.5114166850e+00    9.9612615910e-01
       121   -4.5170100814e+01    2.0418144801e+03   -8.2692723388e+01    3.7522622574e+01   -1.1162378696e+01   -5.1102678690e+01   -2.3226724324e+01    2.7990583219e+00   -1.0903287308e+01    1.0296874312e-01    4.0910000000e+03    1.5160571410e+00    9.9604797363e-01
       122   -4.5164655529e+01    2.0412412816e+03   -8.2614871479e+01    3.7450215951e+01   -1.1139645431e+01   -5.1102678690e+01   -2.3229035333e+01    2.8564879749e+00   -1.0879032206e+01    1.0296874312e-01    4.0860000000e+03    1.5050468860e+00    9.9612432730e-01
       123   -4.5146920156e+01    2.0396713829e+03   -8.2574860134e+01    3.7427939979e+01   -1.1157663506e+01   -5.1102678690e+01   -2.3377657771e+01    3.0631398332e+00   -1.0896670577e+01    1.0296874312e-01    4.0920000000e+03    1.5035276890e+00    9.9594185620e-01
       124   -4.5137910162e+01    2.0387938694e+03   -8.2520762245e+01    3.7382852083e+01   -1.1187317627e+01   -5.1102678690e+01   -2.3268091236e+01    3.0373253091e+00   -1.0927368659e+01    1.0296874312e-01    4.1010000000e+03    1.5120656879e+00    9.9594879150e-01
       125   -4.5138317874e+01    2.0388921063e+03   -8.2515105145e+01    3.7376787271e+01   -1.1178734725e+01   -5.1102678690e+01   -2.3290979662e+01    3.0572879328e+00   -1.0923592900e+01    1.0296874312e-01    4.0990000000e+03    1.5183426170e+00    9.9582317073e-01
       126   -4.5126382400e+01    2.0378294123e+03   -8.2594825541e+01    3.7468443141e+01   -1.1170243962e+01   -5.1102678690e+01   -2.3336982294e+01    3.0150794059e+00   -1.0912290303e+01    1.0296874312e-01    4.0880000000e+03    1.5173882790e+00    9.9588474224e-01
       127   -4.5141382492e+01    2.0391835571e+03   -8.2654247561e+01    3.7512865069e+01   -1.1223880366e+01   -5.1102678690e+01   -2.3300518925e+01    2.9728304210e+00   -1.0972526971e+01    1.0296874312e-01    4.0820000000e+03    1.5149943009e+00    9.9579003667e-01
       128   -4.5147619242e+01    2.0397501767e+03   -8.2553327563e+01    3.7405708321e+01   -1.1165545544e+01   -5.1102678690e+01   -2.3312463541e+01    3.0273602125e+00   -1.0913575453e+01    1.0296874312e-01    4.0770000000e+03    1.4855837520e+00    9.9603624877e-01
       129   -4.5095130917e+01    2.0350096903e+03   -8.2521921012e+01    3.7426790096e+01   -1.1188347306e+01   -5.1102678690e+01   -2.3286682896e+01    3.0557878796e+00   -1.0934938421e+01    1.0296874312e-01    4.0710000000e+03    1.4885966771e+00    9.9591157339e-01
       130   -4.5099252901e+01    2.0353374020e+03   -8.2440903034e+01    3.7341650132e+01   -1.1185333496e+01   -5.1102678690e+01   -2.3185530900e+01    3.0326400528e+00   -1.0930577237e+01    1.0296874312e-01    4.0660000000e+03    1.4847096959e+00    9.9591990411e-01
       131   -4.5104146101e+01    2.0357850222e+03   -8.2648776737e+01    3.7544630635e+01   -1.1215966203e+01   -5.1102678690e+01   -2.3235747654e+01    2.9056158117e+00   -1.0963127164e+01    1.0296874312e-01    4.0710000000e+03    1.4986303620e+00    9.9609086999e-01
       132   -4.5168574712e+01    2.0420241944e+03   -8.2487329936e+01    3.7318755224e+01   -1.1200019285e+01   -5.1102678690e+01   -2.3220869910e+01    3.0362379490e+00   -1.0949865243e+01    1.0296874312e-01    4.0690000000e+03    1.4954735009e+00    9.9603138050e-01
       133   -4.5162864930e+01    2.0411075111e+03   -8.2515067131e+01    3.7352202201e+01   -1.1219255896e+01   -5.1102678690e+01   -2.3342068135e+01    3.1489355906e+00   -1.0970230668e+01    1.0296874312e-01    4.0620000000e+03    1.4925955021e+00    9.9601112887e-01
       134   -4.5185045085e+01    2.0431709556e+03   -8.2654225399e+01    3.7469180315e+01   -1.1264257705e+01   -5.1102678690e+01   -2.3309143592e+01    3.0218545880e+00   -1.1014325085e+01    1.0296874312e-01    4.0660000000e+03    1.4864224690e+00    9.9597642787e-01
       135   -4.5164250138e+01    2.0412658115e+03   -8.2414763091e+01    3.7250512953e+01   -1.1243077942e+01   -5.1102678690e+01   -2.3020030738e+01    2.9510242801e+00   -1.0992336015e+01    1.0296874312e-01    4.0740000000e+03    1.4896561760e+00    9.9597665848e-01
       136   -4.5164123959e+01    2.0411820264e+03   -8.2536089139e+01    3.7371965180e+01   -1.1232862031e+01   -5.1102678690e+01   -2.3038032140e+01    2.8374837226e+00   -1.0980570769e+01    1.0296874312e-01    4.0760000000e+03    1.4908896880e+00    9.9584559725e-01
       137   -4.5141013727e+01    2.0392841132e+03   -8.2485016839e+01    3.7344003113e+01   -1.1217713989e+01   -5.1102678690e+01   -2.3152336237e+01    2.9877120775e+00   -1.0966555136e+01    1.0296874312e-01    4.0880000000e+03    1.4992378680e+00    9.9576998529e-01
       138   -4.5135145554e+01    2.0385506796e+03   -8.2411967688e+01    3.7276822134e+01   -1.1180956914e+01   -5.1102678690e+01   -2.3126000612e+01    2.9976685286e+00   -1.0927232653e+01    1.0296874312e-01    4.0890000000e+03    1.5222839300e+00    9.9605174731e-01
       139   -4.5154989370e+01    2.0404226771e+03   -8.2280780605e+01    3.7125791236e+01   -1.1164661191e+01   -5.1102678690e+01   -2.3065433783e+01    3.0519930595e+00   -1.0911224741e+01    1.0296874312e-01    4.0930000000e+03    1.5152065180e+00    9.9602883675e-01
       140   -4.5163999579e+01    2.0412389579e+03   -8.2335194945e+01    3.7171195366e+01   -1.1178483571e+01   -5.1102678690e+01   -2.3081898852e+01    3.0278661677e+00   -1.0925111047e+01    1.0296874312e-01    4.0840000000e+03    1.5078062140e+00    9.9582721937e-01
       141   -4.5133096851e+01    2.0384112397e+03   -8.2362870853e+01    3.7229774002e+01   -1.1151909016e+01   -5.1102678690e+01   -2.3052906891e+01    2.9446237450e+00   -1.0898843494e+01    1.0296874312e-01    4.0780000000e+03    1.4924360240e+00    9.9597787448e-01
       142   -4.5151450735e+01    2.0400403298e+03   -8.2586430759e+01    3.7434980024e+01   -1.1176706827e+01   -5.1102678690e+01   -2.3295035296e+01    2.9879900548e+00   -1.0921755944e+01    1.0296874312e-01    4.0770000000e+03    1.4907990650e+00    9.9600851924e-01
       143   -4.5131676682e+01    2.0382418833e+03   -8.2571820738e+01    3.7440144055e+01   -1.1207745746e+01   -5.1102678690e+01   -2.3285626180e+01    3.0242298783e+00   -1.0949928355e+01    1.0296874312e-01    4.0710000000e+03    1.4808309990e+00    9.9613212181e-01
       144   -4.5155299000e+01    2.0404721558e+03   -8.2471762699e+01    3.7316463698e+01   -1.1166242172e+01   -5.1102678690e+01   -2.3299077415e+01    3.0962355791e+00   -1.0905593675e+01    1.0296874312e-01    4.0720000000e+03    1.4828485921e+00    9.9585278938e-01
       145   -4.5158209690e+01    2.0407213341e+03   -8.2474271705e+01    3.7316062016e+01   -1.1126901284e+01   -5.1102678690e+01   -2.3216421600e+01    2.9717298695e+00   -1.0867083837e+01    1.0296874312e-01    4.0710000000e+03    1.5063524670e+00    9.9585122699e-01
       146   -4.5152659209e+01    2.0401758779e+03   -8.2537701835e+01    3.7385042626e+01   -1.1160098677e+01   -5.1102678690e+01   -2.3184819382e+01    2.9098949146e+00   -1.0900121756e+01    1.0296874312e-01    4.0700000000e+03    1.5007151340e+00    9.9573968312e-01
       147   -4.5115638713e+01    2.0367197423e+03   -8.2481500226e+01    3.7365861512e+01   -1.1202228022e+01   -5.1102678690e+01   -2.3056453026e+01    2.8798595126e+00   -1.0942192255e+01    1.0296874312e-01    4.0370000000e+03    1.4822129189e+00    9.9572847274e-01
       148   -4.5168051402e+01    2.0415139922e+03   -8.2300016304e+01    3.7131964902e+01   -1.1166383388e+01   -5.1102678690e+01   -2.3081684985e+01    3.0507307590e+00   -1.0904224067e+01    1.0296874312e-01    4.0360000000e+03    1.4628332220e+00    9.9615086741e-01
       149   -4.5180549275e+01    2.0428919169e+03   -8.2328132485e+01    3.7147583209e+01   -1.1191499789e+01   -5.1102678690e+01   -2.3066448303e+01    3.0324942970e+00   -1.0928898648e+01    1.0296874312e-01    4.0440000000e+03    1.4630533759e+00    9.9582765668e-01
       150   -4.5161845169e+01    2.0410702905e+03   -8.2436387721e+01    3.7274542552e+01   -1.1198494476e+01   -5.1102678690e+01   -2.3168662236e+01    3.0334476813e+00   -1.0938798747e+01    1.0296874312e-01    4.0530000000e+03    1.4918799740e+00    9.9569204686e-01
       151   -4.5136509476e+01    2.0386986398e+03   -8.2526578934e+01    3.7390069458e+01   -1.1189962640e+01   -5.1102678690e+01   -2.3298607986e+01    3.0646703831e+00   -1.0925116548e+01    1.0296874312e-01    4.0480000000e+03    1.4791367850e+00    9.9600685863e-01
       152   -4.5121172031e+01    2.0372512390e+03   -8.2481916213e+01    3.7360744182e+01   -1.1163407556e+01   -5.1102678690e+01   -2.3275789190e+01    3.0599592236e+00   -1.0900410257e+01    1.0296874312e-01    4.0520000000e+03    1.4740165410e+00    9.9592022458e-01
       153   -4.5099963570e+01    2.0352889822e+03   -8.2589448195e+01    3.7489484625e+01   -1.1209417971e+01   -5.1102678690e+01   -2.3196487465e+01    2.9191359316e+00   -1.0948193874e+01    1.0296874312e-01    4.0470000000e+03    1.4715251810e+00    9.9621726779e-01
       154   -4.5125605612e+01    2.0376774265e+03   -8.2597356642e+01    3.7471751030e+01   -1.1275221052e+01   -5.1102678690e+01   -2.3183176952e+01    2.9637200526e+00   -1.1015941104e+01    1.0296874312e-01    4.0420000000e+03    1.4830300730e+00    9.9601556709e-01
       155   -4.5156257298e+01    2.0404826966e+03   -8.2645669422e+01    3.7489412124e+01   -1.1218409476e+01   -5.1102678690e+01   -2.3196848396e+01    2.8722671403e+00   -1.0966614088e+01    1.0296874312e-01    4.0510000000e+03    1.4807109640e+00    9.9607540173e-01
       156   -4.5163655537e+01    2.0411580798e+03   -8.2551998404e+01    3.7388342866e+01   -1.1262343047e+01   -5.1102678690e+01   -2.3051333187e+01    2.8643565202e+00   -1.1012190199e+01    1.0296874312e-01    4.0420000000e+03    1.4816928750e+00    9.9594035564e-01
       157   -4.5176769444e+01    2.0423197734e+03   -8.2558575931e+01    3.7381806487e+01   -1.1251355573e+01   -5.1102678690e+01   -2.3063489104e+01    2.8589474366e+00   -1.1001164673e+01    1.0296874312e-01    4.0370000000e+03    1.4850109820e+00    9.9587205700e-01
       158   -4.5148793596e+01    2.0397004450e+03   -8.2443980701e+01    3.7295187106e+01   -1.1221692260e+01   -5.1102678690e+01   -2.3024089872e+01    2.9044801205e+00   -1.0968753074e+01    1.0296874312e-01    4.0250000000e+03    1.4919558300e+00    9.9609858806e-01
       159   -4.5149341867e+01    2.0397598966e+03   -8.2469407299e+01    3.7320065432e+01   -1.1249801298e+01   -5.1102678690e+01   -2.3038716923e+01    2.9217896131e+00   -1.0995839033e+01    1.0296874312e-01    4.0280000000e+03    1.4709730610e+00    9.9612095771e-01
       160   -4.5171352897e+01    2.0418589777e+03   -8.2519960783e+01    3.7348607886e+01   -1.1264175468e+01   -5.1102678690e+01   -2.2995958240e+01    2.8428516161e+00   -1.1010242366e+01    1.0296874312e-01    4.0220000000e+03    1.4888473200e+00    9.9592694886e-01
       161   -4.5166668982e+01    2.0413856302e+03   -8.2453356122e+01    3.7286687140e+01   -1.1238160380e+01   -5.1102678690e+01   -2.2923740560e+01    2.8112235080e+00   -1.0984349776e+01    1.0296874312e-01    4.0090000000e+03    1.4736518270e+00    9.9574358815e-01
       162   -4.5176420740e+01    2.0422571667e+03   -8.2495139571e+01    3.7318718831e+01   -1.1235278019e+01   -5.1102678690e+01   -2.2957390857e+01    2.8002079950e+00   -1.0979839866e+01    1.0296874312e-01    4.0200000000e+03    1.4725662560e+00    9.9591951159e-01
       163   -4.5171888352e+01    2.0418241519e+03   -8.2590651319e+01    3.7418762967e+01   -1.1186372315e+01   -5.1102678690e+01   -2.3001702264e+01    2.7001019508e+00   -1.0933228848e+01    1.0296874312e-01    4.0230000000e+03    1.4805285770e+00    9.9609083561e-01
       164   -4.5198405734e+01    2.0444314435e+03   -8.2532806236e+01    3.7334400502e+01   -1.1185453082e+01   -5.1102678690e+01   -2.2977009613e+01    2.7323351493e+00   -1.0933425769e+01    1.0296874312e-01    4.0330000000e+03    1.4899185990e+00    9.9566317031e-01
       165   -4.5183625761e+01    2.0428796233e+03   -8.2514599977e+01    3.7330974216e+01   -1.1207390325e+01   -5.1102678690e+01   -2.2895203750e+01    2.6906727890e+00   -1.0955873320e+01    1.0296874312e-01    4.0540000000e+03    1.4945482850e+00    9.9576637824e-01
       166   -4.5153838790e+01    2.0402677737e+03   -8.2411647326e+01    3.7257808536e+01   -1.1216674824e+01   -5.1102678690e+01   -2.2863212364e+01    2.7709185532e+00   -1.0962535828e+01    1.0296874312e-01    4.0560000000e+03    1.5004452320e+00    9.9596277120e-01
       167   -4.5150169625e+01    2.0398576594e+03   -8.2564391070e+01    3.7414221445e+01   -1.1183319535e+01   -5.1102678690e+01   -2.2978145246e+01    2.6997524006e+00   -1.0926422671e+01    1.0296874312e-01    4.0600000000e+03    1.4968507210e+00    9.9583384672e-01
       168   -4.5145992147e+01    2.0396316892e+03   -8.2693260890e+01    3.7547268743e+01   -1.1178512473e+01   -5.1102678690e+01   -2.3077170532e+01    2.6651008056e+00   -1.0921686711e+01    1.0296874312e-01    4.0580000000e+03    1.4999338851e+00    9.9612743287e-01
       169   -4.5162385371e+01    2.0411233908e+03   -8.2719108304e+01    3.7556722933e+01   -1.1158781653e+01   -5.1102678690e+01   -2.3176108491e+01    2.7184605304e+00   -1.0905059616e+01    1.0296874312e-01    4.0620000000e+03    1.4977565360e+00    9.9579741379e-01
       170   -4.5154369303e+01    2.0404166957e+03   -8.2699761803e+01    3.7545392501e+01   -1.1178978832e+01   -5.1102678690e+01   -2.3157124287e+01    2.7390200063e+00   -1.0919915805e+01    1.0296874312e-01    4.0620000000e+03    1.4979604069e+00    9.9589747537e-01
       171   -4.5149022814e+01    2.0398777385e+03   -8.2635910230e+01    3.7486887416e+01   -1.1132309118e+01   -5.1102678690e+01   -2.3171927378e+01    2.7710049563e+00   -1.0871266234e+01    1.0296874312e-01    4.0620000000e+03    1.5014549129e+00    9.9574108241e-01
       172   -4.5159469743e+01    2.0408873213e+03   -8.2562149402e+01    3.7402679659e+01   -1.1164916105e+01   -5.1102678690e+01   -2.3154571494e+01    2.8600168870e+00   -1.0905758557e+01    1.0296874312e-01    4.0640000000e+03    1.4904244920e+00    9.9601489414e-01
       173   -4.5180580877e+01    2.0426856812e+03   -8.2654759595e+01    3.7474178717e+01   -1.1221155557e+01   -5.1102678690e+01   -2.3242167104e+01    2.9112417564e+00   -1.0965375671e+01    1.0296874312e-01    4.0480000000e+03    1.4866392299e+00    9.9617755857e-01
       174   -4.5177751141e+01    2.0425642539e+03   -8.2481824192e+01    3.7304073051e+01   -1.1193079830e+01   -5.1102678690e+01   -2.3164147579e+01    2.9780819070e+00   -1.0935156383e+01    1.0296874312e-01    4.0340000000e+03    1.4820366750e+00    9.9578851385e-01
       175   -4.5162867580e+01    2.0412274438e+03   -8.2358191275e+01    3.7195323695e+01   -1.1217557278e+01   -5.1102678690e+01   -2.2996429074e+01    2.9584737673e+00   -1.0956317696e+01    1.0296874312e-01    4.0410000000e+03    1.4786472130e+00    9.9593874008e-01
       176   -4.5176552737e+01    2.0422857811e+03   -8.2346766981e+01    3.7170214244e+01   -1.1205477137e+01   -5.1102678690e+01   -2.2991831406e+01    2.9532202526e+00   -1.0942861854e+01    1.0296874312e-01    4.0570000000e+03    1.4905642170e+00    9.9629538158e-01
       177   -4.5176827001e+01    2.0423820899e+03   -8.2531843388e+01    3.7355016387e+01   -1.1196839783e+01   -5.1102678690e+01   -2.3107787409e+01    2.8754624949e+00   -1.0932226668e+01    1.0296874312e-01    4.0660000000e+03    1.4916008200e+00    9.9615337272e-01
       178   -4.5175257144e+01    2.0424084635e+03   -8.2601935064e+01    3.7426677920e+01   -1.1205649798e+01   -5.1102678690e+01   -2.2994714721e+01    2.7011081455e+00   -1.0939860954e+01    1.0296874312e-01    4.0810000000e+03    1.4991802201e+00    9.9596724730e-01
       179   -4.5163179345e+01    2.0411261511e+03   -8.2538775949e+01    3.7375596604e+01   -1.1165418447e+01   -5.1102678690e+01   -2.2988857926e+01    2.7181791150e+00   -1.0901247795e+01    1.0296874312e-01    4.0950000000e+03    1.5001530921e+00    9.9588997061e-01
       180   -4.5149382387e+01    2.0399155437e+03   -8.2339188836e+01    3.7189806449e+01   -1.1162581383e+01   -5.1102678690e+01   -2.2888693739e+01    2.8147649768e+00   -1.0898558675e+01    1.0296874312e-01    4.0940000000e+03    1.5100494061e+00    9.9575871101e-01
       181   -4.5159718707e+01    2.0409333920e+03   -8.2395483371e+01    3.7235764664e+01   -1.1192479120e+01   -5.1102678690e+01   -2.2906639113e+01    2.8063135529e+00   -1.0926714658e+01    1.0296874312e-01    4.0910000000e+03    1.4944447390e+00    9.9573028893e-01
       182   -4.5217585786e+01    2.0462877232e+03   -8.2374900249e+01    3.7157314462e+01   -1.1207791757e+01   -5.1102678690e+01   -2.2891326982e+01    2.8268971802e+00   -1.0940469069e+01    1.0296874312e-01    4.0970000000e+03    1.4946976000e+00    9.9564574183e-01
       183   -4.5182777574e+01    2.0429972682e+03   -8.2557409376e+01    3.7374631802e+01   -1.1220537313e+01   -5.1102678690e+01   -2.3015625470e+01    2.7814320967e+00   -1.0952384216e+01    1.0296874312e-01    4.1010000000e+03    1.4948730001e+00    9.9619293213e-01
       184   -4.5170740033e+01    2.0418789704e+03   -8.2698411121e+01    3.7527671088e+01   -1.1233574392e+01   -5.1102678690e+01   -2.3064520984e+01    2.7023629449e+00   -1.0964824034e+01    1.0296874312e-01    4.1100000000e+03    1.4919486390e+00    9.9612037488e-01
       185   -4.5153174557e+01    2.0404395769e+03   -8.2736435131e+01    3.7583260575e+01   -1.1226217604e+01   -5.1102678690e+01   -2.3134097532e+01    2.7265586947e+00   -1.0962141922e+01    1.0296874312e-01    4.1050000000e+03    1.4891074370e+00    9.9598812424e-01
       186   -4.5149649408e+01    2.0399148698e+03   -8.2725653950e+01    3.7576004542e+01   -1.1230302472e+01   -5.1102678690e+01   -2.3154609153e+01    2.7619363654e+00   -1.0973133615e+01    1.0296874312e-01    4.1010000000e+03    1.4935113221e+00    9.9593780428e-01
       187   -4.5162836280e+01    2.0412748026e+03   -8.2764553124e+01    3.7601716844e+01   -1.1233412997e+01   -5.1102678690e+01   -2.3094927335e+01    2.6664658982e+00   -1.0975394409e+01    1.0296874312e-01    4.0890000000e+03    1.4797731059e+00    9.9591528219e-01
       188   -4.5128380183e+01    2.0380112006e+03   -8.2611741469e+01    3.7483361286e+01   -1.1218297089e+01   -5.1102678690e+01   -2.3147143077e+01    2.8563773880e+00   -1.0960745860e+01    1.0296874312e-01    4.0710000000e+03    1.4740984100e+00    9.9591958599e-01
       189   -4.5152153838e+01    2.0402472035e+03   -8.2539067508e+01    3.7386913670e+01   -1.1203658169e+01   -5.1102678690e+01   -2.3040885468e+01    2.8081548191e+00   -1.0946669584e+01    1.0296874312e-01    4.0760000000e+03    1.4703785060e+00    9.9613600049e-01
       190   -4.5155237625e+01    2.0403613258e+03   -8.2505776431e+01    3.7350538806e+01   -1.1152820702e+01   -5.1102678690e+01   -2.3066807348e+01    2.8165303100e+00   -1.0894453353e+01    1.0296874312e-01    4.0780000000e+03    1.4728555309e+00    9.9598083048e-01
       191   -4.5151053603e+01    2.0401213465e+03   -8.2590138679e+01    3.7439085076e+01   -1.1129711622e+01   -5.1102678690e+01   -2.3153765082e+01    2.7960167153e+00   -1.0869151802e+01    1.0296874312e-01    4.0970000000e+03    1.4811393810e+00    9.9586036974e-01
       192   -4.5146199953e+01    2.0395869823e+03   -8.2631781281e+01    3.7485581328e+01   -1.1146712712e+01   -5.1102678690e+01   -2.3167812822e+01    2.7854229430e+00   -1.0886608168e+01    1.0296874312e-01    4.0970000000e+03    1.5010808870e+00    9.9602896341e-01
       193   -4.5140495318e+01    2.0390664943e+03   -8.2512417336e+01    3.7371922018e+01   -1.1139715319e+01   -5.1102678690e+01   -2.2984552802e+01    2.7145294761e+00   -1.0877256650e+01    1.0296874312e-01    4.0920000000e+03    1.4939602889e+00    9.9605938416e-01
       194   -4.5133125951e+01    2.0382732231e+03   -8.2574047436e+01    3.7440921485e+01   -1.1132850073e+01   -5.1102678690e+01   -2.3194075564e+01    2.8555568918e+00   -1.0869974890e+01    1.0296874312e-01    4.0890000000e+03    1.4963765530e+00    9.9592955767e-01
       195   -4.5139068763e+01    2.0388517307e+03   -8.2519849347e+01    3.7380780585e+01   -1.1172876996e+01   -5.1102678690e+01   -2.3248007720e+01    3.0037140595e+00   -1.0913933043e+01    1.0296874312e-01    4.0860000000e+03    1.4948483610e+00    9.9594553244e-01
       196   -4.5150192420e+01    2.0398604978e+03   -8.2445540128e+01    3.7295347707e+01   -1.1176638834e+01   -5.1102678690e+01   -2.3266454800e+01    3.1002321967e+00   -1.0919646258e+01    1.0296874312e-01    4.1020000000e+03    1.4944860119e+00    9.9616147741e-01
       197   -4.5178275790e+01    2.0425654676e+03   -8.2494155812e+01    3.7315880022e+01   -1.1208668041e+01   -5.1102678690e+01   -2.3221974717e+01    3.0391656366e+00   -1.0951879769e+01    1.0296874312e-01    4.1000000000e+03    1.4966805549e+00    9.9618326426e-01
       198   -4.5224570663e+01    2.0468097818e+03   -8.2326998928e+01    3.7102428265e+01   -1.1147635685e+01   -5.1102678690e+01   -2.3226851506e+01    3.1501669537e+00   -1.0890415184e+01    1.0296874312e-01    4.0920000000e+03    1.4885129560e+00    9.9593452526e-01
       199   -4.5204450296e+01    2.0448913067e+03   -8.2236278615e+01    3.7031828319e+01   -1.1155620819e+01   -5.1102678690e+01   -2.3051607218e+01    3.0736281136e+00   -1.0898073916e+01    1.0296874312e-01    4.0890000000e+03    1.4805146049e+00    9.9585217551e-01
