# Index          LocalEnergy            Variance              Weight        NumOfWalkers      AvgSentWalkers         TrialEnergy             DiffEff      LivingFraction
         0   -4.5182291595e+01    1.4562524949e+00    2.0660000000e+03    2.0700000000e+03    0.0000000000e+00   -4.5170753746e+01    9.9330340850e-01    9.8888888889e-01
         1   -4.5186859202e+01    1.3465231070e+00    2.0526248537e+03    2.0700000000e+03    0.0000000000e+00   -4.6057357947e+01    9.9379327637e-01    9.8502415459e-01
         2   -4.5191124916e+01    1.4151005743e+00    2.0480825225e+03    2.0580000000e+03    0.0000000000e+00   -4.5673952226e+01    9.9284167944e-01    9.9271137026e-01
         3   -4.5191391596e+01    1.4791100000e+00    2.0479903996e+03    2.0470000000e+03    0.0000000000e+00   -4.5142284866e+01    9.9305474108e-01    9.9658036150e-01
         4   -4.5174690935e+01    1.5415379759e+00    2.0477715053e+03    2.0440000000e+03    0.0000000000e+00   -4.4995888112e+01    9.9305000271e-01    9.9755381605e-01
         5   -4.5191901768e+01    1.4046048827e+00    2.0480914443e+03    2.0470000000e+03    0.0000000000e+00   -4.5125850886e+01    9.9346719854e-01    9.9609184172e-01
         6   -4.5179141928e+01    1.5156939350e+00    2.0477251131e+03    2.0450000000e+03    0.0000000000e+00   -4.5045310000e+01    9.9271043816e-01    9.9559902200e-01
         7   -4.5160486647e+01    1.4522688330e+00    2.0476896903e+03    2.0480000000e+03    0.0000000000e+00   -4.5179141928e+01    9.9274664817e-01    9.9560546875e-01
         8   -4.5145247780e+01    1.3655040966e+00    2.0478387997e+03    2.0470000000e+03    0.0000000000e+00   -4.5111646597e+01    9.9293559924e-01    9.9706888129e-01
         9   -4.5157768132e+01    1.3872314962e+00    2.0480407381e+03    2.0460000000e+03    0.0000000000e+00   -4.5047543816e+01    9.9188583600e-01    9.9657869013e-01
        10   -4.5183331324e+01    1.3952008774e+00    2.0482898111e+03    2.0500000000e+03    0.0000000000e+00   -4.5255376730e+01    9.9304405008e-01    9.9560975610e-01
        11   -4.5189004996e+01    1.5170502307e+00    2.0480803867e+03    2.0510000000e+03    0.0000000000e+00   -4.5329708515e+01    9.9388928635e-01    9.9561189664e-01
        12   -4.5210622898e+01    1.4826605291e+00    2.0482243669e+03    2.0490000000e+03    0.0000000000e+00   -4.5237821204e+01    9.9274777735e-01    9.9707174231e-01
        13   -4.5189962009e+01    1.4987828060e+00    2.0477555035e+03    2.0480000000e+03    0.0000000000e+00   -4.5210622898e+01    9.9337980554e-01    9.9560546875e-01
        14   -4.5188112460e+01    1.3856847080e+00    2.0480588173e+03    2.0500000000e+03    0.0000000000e+00   -4.5287570606e+01    9.9288218063e-01    9.9365853659e-01
        15   -4.5210326401e+01    1.3900046210e+00    2.0482294511e+03    2.0450000000e+03    0.0000000000e+00   -4.5041520691e+01    9.9317481491e-01    9.9608801956e-01
        16   -4.5203848946e+01    1.3725228922e+00    2.0479385520e+03    2.0470000000e+03    0.0000000000e+00   -4.5161486351e+01    9.9306623763e-01    9.9511480215e-01
        17   -4.5165288988e+01    1.4095744651e+00    2.0476190107e+03    2.0470000000e+03    0.0000000000e+00   -4.5155008896e+01    9.9287293555e-01    9.9511480215e-01
        18   -4.5180891062e+01    1.5629597148e+00    2.0480407781e+03    2.0430000000e+03    0.0000000000e+00   -4.4920849854e+01    9.9314211691e-01    9.9755261870e-01
        19   -4.5197496860e+01    1.3208128375e+00    2.0481344811e+03    2.0560000000e+03    0.0000000000e+00   -4.5570755103e+01    9.9321753903e-01    9.9562256809e-01
        20   -4.5191263410e+01    1.3766631066e+00    2.0479726038e+03    2.0530000000e+03    0.0000000000e+00   -4.5441339946e+01    9.9301667048e-01    9.9512907940e-01
        21   -4.5205431590e+01    1.3893648229e+00    2.0481358876e+03    2.0480000000e+03    0.0000000000e+00   -4.5191263410e+01    9.9328586354e-01    9.9707031250e-01
        22   -4.5211828106e+01    1.3723457839e+00    2.0481167069e+03    2.0530000000e+03    0.0000000000e+00   -4.5449274676e+01    9.9394232976e-01    9.9659035558e-01
        23   -4.5195091642e+01    1.3657559759e+00    2.0478251787e+03    2.0510000000e+03    0.0000000000e+00   -4.5358205297e+01    9.9305747488e-01    9.9756216480e-01
        24   -4.5233077200e+01    1.5617883044e+00    2.0483751611e+03    2.0540000000e+03    0.0000000000e+00   -4.5487632075e+01    9.9323356304e-01    9.9269717624e-01
        25   -4.5211386974e+01    2.2956441981e+00    2.0476068319e+03    2.0450000000e+03    0.0000000000e+00   -4.5086485432e+01    9.9389650952e-01    9.9608801956e-01
        26   -4.5163583330e+01    1.3410097285e+00    2.0473705911e+03    2.0490000000e+03    0.0000000000e+00   -4.5260203182e+01    9.9395615263e-01    9.9463152757e-01
        27   -4.5149318453e+01    1.4376143560e+00    2.0478143278e+03    2.0430000000e+03    0.0000000000e+00   -4.4919144196e+01    9.9347384559e-01    9.9951052374e-01
        28   -4.5146724420e+01    1.3789375336e+00    2.0479384738e+03    2.0510000000e+03    0.0000000000e+00   -4.5295695644e+01    9.9300043031e-01    9.9561189664e-01
        29   -4.5190206086e+01    1.4616984885e+00    2.0485077968e+03    2.0540000000e+03    0.0000000000e+00   -4.5439264853e+01    9.9339304064e-01    9.9464459591e-01
        30   -4.5167684112e+01    1.5370874049e+00    2.0476983537e+03    2.0460000000e+03    0.0000000000e+00   -4.5092502121e+01    9.9323892324e-01    9.9364613881e-01
        31   -4.5206574695e+01    1.6194285516e+00    2.0483870258e+03    2.0420000000e+03    0.0000000000e+00   -4.4874285368e+01    9.9198977294e-01    9.9461312439e-01
        32   -4.5197097207e+01    1.5133914009e+00    2.0478218789e+03    2.0370000000e+03    0.0000000000e+00   -4.4668017702e+01    9.9286370343e-01    9.9901816397e-01
        33   -4.5165369717e+01    1.3749093851e+00    2.0476183539e+03    2.0430000000e+03    0.0000000000e+00   -4.4952658073e+01    9.9352887289e-01    9.9755261870e-01
        34   -4.5209304247e+01    1.4495056581e+00    2.0485121555e+03    2.0530000000e+03    0.0000000000e+00   -4.5409212803e+01    9.9322424518e-01    9.9512907940e-01
        35   -4.5187882373e+01    1.3875420455e+00    2.0477522519e+03    2.0470000000e+03    0.0000000000e+00   -4.5160464197e+01    9.9276052905e-01    9.9755740107e-01
        36   -4.5187714141e+01    1.4717867847e+00    2.0479811708e+03    2.0510000000e+03    0.0000000000e+00   -4.5334259564e+01    9.9227906694e-01    9.9561189664e-01
        37   -4.5166536505e+01    1.5047443420e+00    2.0477784017e+03    2.0510000000e+03    0.0000000000e+00   -4.5334091332e+01    9.9216097943e-01    9.9707459776e-01
        38   -4.5131906334e+01    1.4484364601e+00    2.0476232180e+03    2.0520000000e+03    0.0000000000e+00   -4.5361658518e+01    9.9212744277e-01    9.9171539961e-01
        39   -4.5134406675e+01    1.4188681569e+00    2.0480014804e+03    2.0420000000e+03    0.0000000000e+00   -4.4838507590e+01    9.9305230209e-01    9.9706170421e-01
        40   -4.5137749955e+01    1.4583357848e+00    2.0479617876e+03    2.0440000000e+03    0.0000000000e+00   -4.4938903192e+01    9.9388341876e-01    9.9559686888e-01
        41   -4.5179746510e+01    1.6920297973e+00    2.0485244208e+03    2.0480000000e+03    0.0000000000e+00   -4.5134406675e+01    9.9290861880e-01    9.9462890625e-01
        42   -4.5153830656e+01    1.5057334953e+00    2.0446527121e+03    2.0440000000e+03    0.0000000000e+00   -4.5134123280e+01    9.9291570215e-01    9.9608610568e-01
        43   -4.5149359986e+01    1.3946640864e+00    2.0430214974e+03    2.0430000000e+03    0.0000000000e+00   -4.5148189989e+01    9.9279922385e-01    9.9510523740e-01
        44   -4.5154842313e+01    1.3987056475e+00    2.0370961482e+03    2.0370000000e+03    0.0000000000e+00   -4.5146047879e+01    9.9351296816e-01    9.9607265587e-01
        45   -4.5178045388e+01    1.4157979549e+00    2.0383944907e+03    2.0380000000e+03    0.0000000000e+00   -4.5146123984e+01    9.9345553005e-01    9.9705593719e-01
        46   -4.5186382057e+01    1.3632473861e+00    2.0406863063e+03    2.0400000000e+03    0.0000000000e+00   -4.5147742117e+01    9.9340153293e-01    9.9754901961e-01
        47   -4.5173119187e+01    1.2134382681e+00    2.0425235629e+03    2.0420000000e+03    0.0000000000e+00   -4.5152491939e+01    9.9339037658e-01    9.9853085211e-01
        48   -4.5162466016e+01    1.7669664384e+00    2.0431484978e+03    2.0430000000e+03    0.0000000000e+00   -4.5156851051e+01    9.9279260362e-01    9.9706314244e-01
        49   -4.5163626706e+01    1.3711993977e+00    2.0441943250e+03    2.0440000000e+03    0.0000000000e+00   -4.5158876379e+01    9.9403020145e-01    9.9608610568e-01
        50   -4.5178022785e+01    1.3782743373e+00    2.0432573501e+03    2.0430000000e+03    0.0000000000e+00   -4.5158550483e+01    9.9331805141e-01    9.9510523740e-01
        51   -4.5121880205e+01    1.4527051018e+00    2.0378612440e+03    2.0380000000e+03    0.0000000000e+00   -4.5156339359e+01    9.9362274637e-01    9.9656526006e-01
        52   -4.5138998635e+01    1.4368769605e+00    2.0424102244e+03    2.0430000000e+03    0.0000000000e+00   -4.5160188795e+01    9.9312772556e-01    9.9510523740e-01
        53   -4.5188412856e+01    1.5243282093e+00    2.0441542922e+03    2.0440000000e+03    0.0000000000e+00   -4.5157543307e+01    9.9308454294e-01    9.9363992172e-01
        54   -4.5162017592e+01    1.3854613602e+00    2.0375446405e+03    2.0370000000e+03    0.0000000000e+00   -4.5152648507e+01    9.9311012071e-01    9.9509081983e-01
        55   -4.5141564100e+01    1.5375334914e+00    2.0379411877e+03    2.0380000000e+03    0.0000000000e+00   -4.5155164556e+01    9.9338364614e-01    9.9460255152e-01
        56   -4.5172622284e+01    1.4230708034e+00    2.0340976358e+03    2.0340000000e+03    0.0000000000e+00   -4.5153322311e+01    9.9274198877e-01    9.9459193707e-01
        57   -4.5169276569e+01    1.5656852805e+00    2.0364827949e+03    2.0360000000e+03    0.0000000000e+00   -4.5153209958e+01    9.9316255107e-01    9.9656188605e-01
        58   -4.5195935365e+01    1.7273460710e+00    2.0415575094e+03    2.0410000000e+03    0.0000000000e+00   -4.5156414727e+01    9.9203836958e-01    9.9755022048e-01
        59   -4.5189214152e+01    1.4551940784e+00    2.0476328158e+03    2.0470000000e+03    0.0000000000e+00   -4.5159846888e+01    9.9267484519e-01    9.9609184172e-01
        60   -4.5165170462e+01    1.4041828096e+00    2.0463140341e+03    2.0460000000e+03    0.0000000000e+00   -4.5161138252e+01    9.9232667783e-01    9.9608993157e-01
        61   -4.5178608068e+01    1.4792016126e+00    2.0491636302e+03    2.0490000000e+03    0.0000000000e+00   -4.5163893876e+01    9.9356648456e-01    9.9560761347e-01
        62   -4.5212352769e+01    1.5356372128e+00    2.0446054852e+03    2.0440000000e+03    0.0000000000e+00   -4.5161530895e+01    9.9249805523e-01    9.9804305284e-01
        63   -4.5185290229e+01    1.9738664360e+00    2.0464825086e+03    2.0460000000e+03    0.0000000000e+00   -4.5163166374e+01    9.9381330942e-01    9.9462365591e-01
        64   -4.5169779609e+01    1.4220925364e+00    2.0431124607e+03    2.0430000000e+03    0.0000000000e+00   -4.5163707746e+01    9.9309083374e-01    9.9461576114e-01
        65   -4.5168765845e+01    1.3770816211e+00    2.0401318692e+03    2.0400000000e+03    0.0000000000e+00   -4.5163003762e+01    9.9300869161e-01    9.9705882353e-01
        66   -4.5174225076e+01    1.5556096721e+00    2.0441416464e+03    2.0440000000e+03    0.0000000000e+00   -4.5165072701e+01    9.9374778504e-01    9.9657534247e-01
        67   -4.5150105889e+01    1.5078493722e+00    2.0439231370e+03    2.0440000000e+03    0.0000000000e+00   -4.5165137075e+01    9.9263569814e-01    9.9510763209e-01
        68   -4.5125818400e+01    1.6149487205e+00    2.0384606051e+03    2.0390000000e+03    0.0000000000e+00   -4.5162942643e+01    9.9315380422e-01    9.9509563512e-01
        69   -4.5137792472e+01    1.4695442468e+00    2.0393992217e+03    2.0400000000e+03    0.0000000000e+00   -4.5162838443e+01    9.9299863397e-01    9.9607843137e-01
        70   -4.5177183690e+01    1.6008982412e+00    2.0398744171e+03    2.0400000000e+03    0.0000000000e+00   -4.5161473979e+01    9.9322805348e-01    9.9803921569e-01
        71   -4.5153968509e+01    1.6685460769e+00    2.0459881060e+03    2.0460000000e+03    0.0000000000e+00   -4.5163520664e+01    9.9288077575e-01    9.9657869013e-01
        72   -4.5120212180e+01    1.4781429680e+00    2.0454243916e+03    2.0460000000e+03    0.0000000000e+00   -4.5163917101e+01    9.9289255363e-01    9.9560117302e-01
        73   -4.5144822492e+01    1.4767781919e+00    2.0473694612e+03    2.0480000000e+03    0.0000000000e+00   -4.5164563061e+01    9.9349737440e-01    9.9316406250e-01
        74   -4.5144029021e+01    1.4016578058e+00    2.0436818391e+03    2.0440000000e+03    0.0000000000e+00   -4.5161303588e+01    9.9328340353e-01    9.9461839530e-01
        75   -4.5140500838e+01    1.4718513362e+00    2.0406443822e+03    2.0410000000e+03    0.0000000000e+00   -4.5159308053e+01    9.9373236648e-01    9.9461048506e-01
        76   -4.5136380908e+01    1.5984758217e+00    2.0386368492e+03    2.0390000000e+03    0.0000000000e+00   -4.5157808137e+01    9.9374342920e-01    9.9411476214e-01
        77   -4.5144584862e+01    1.3481836322e+00    2.0367389263e+03    2.0370000000e+03    0.0000000000e+00   -4.5156239985e+01    9.9319788389e-01    9.9509081983e-01
        78   -4.5135108880e+01    1.3111775633e+00    2.0366971889e+03    2.0370000000e+03    0.0000000000e+00   -4.5155575652e+01    9.9313432344e-01    9.9852724595e-01
        79   -4.5139334191e+01    1.4431737737e+00    2.0455087023e+03    2.0460000000e+03    0.0000000000e+00   -4.5159564276e+01    9.9342756467e-01    9.9413489736e-01
        80   -4.5154945455e+01    1.3674126875e+00    2.0428362148e+03    2.0430000000e+03    0.0000000000e+00   -4.5157461113e+01    9.9400203274e-01    9.9559471366e-01
        81   -4.5179480996e+01    1.3582879255e+00    2.0412581434e+03    2.0410000000e+03    0.0000000000e+00   -4.5155979942e+01    9.9250211286e-01    9.9706026458e-01
        82   -4.5191154163e+01    1.3685770609e+00    2.0435439159e+03    2.0430000000e+03    0.0000000000e+00   -4.5156853224e+01    9.9283775347e-01    9.9412628488e-01
        83   -4.5164756466e+01    1.4281617868e+00    2.0414445413e+03    2.0410000000e+03    0.0000000000e+00   -4.5156343173e+01    9.9256985271e-01    9.9314061734e-01
        84   -4.5165688258e+01    1.3460197122e+00    2.0362385727e+03    2.0360000000e+03    0.0000000000e+00   -4.5154603732e+01    9.9282633613e-01    9.9459724951e-01
        85   -4.5146424650e+01    1.3617049183e+00    2.0290773562e+03    2.0290000000e+03    0.0000000000e+00   -4.5151254719e+01    9.9299543257e-01    9.9605717102e-01
        86   -4.5156766744e+01    1.3504750862e+00    2.0289934763e+03    2.0290000000e+03    0.0000000000e+00   -4.5151365869e+01    9.9375446374e-01    9.9655002464e-01
        87   -4.5142639542e+01    1.2485139868e+00    2.0299336773e+03    2.0300000000e+03    0.0000000000e+00   -4.5151555158e+01    9.9376514365e-01    9.9458128079e-01
        88   -4.5140537584e+01    1.3039085677e+00    2.0288662449e+03    2.0290000000e+03    0.0000000000e+00   -4.5150987085e+01    9.9320078694e-01    9.9556431740e-01
        89   -4.5164272589e+01    1.3505002527e+00    2.0330182753e+03    2.0330000000e+03    0.0000000000e+00   -4.5152595984e+01    9.9237149032e-01    9.9458927693e-01
        90   -4.5157090715e+01    1.2117019724e+00    2.0292292048e+03    2.0290000000e+03    0.0000000000e+00   -4.5150238318e+01    9.9391340713e-01    9.9753573189e-01
        91   -4.5165136721e+01    1.3827339679e+00    2.0361225852e+03    2.0360000000e+03    0.0000000000e+00   -4.5153774780e+01    9.9347419450e-01    9.9754420432e-01
        92   -4.5158381281e+01    1.2883884373e+00    2.0430818804e+03    2.0430000000e+03    0.0000000000e+00   -4.5157157754e+01    9.9331174863e-01    9.9559471366e-01
        93   -4.5194467081e+01    2.1336763109e+00    2.0401881936e+03    2.0400000000e+03    0.0000000000e+00   -4.5155792672e+01    9.9344952402e-01    9.9509803922e-01
        94   -4.5216027533e+01    1.4981240019e+00    2.0368040355e+03    2.0360000000e+03    0.0000000000e+00   -4.5153805420e+01    9.9335773025e-01    9.9705304519e-01
        95   -4.5180545891e+01    1.4682065627e+00    2.0458161488e+03    2.0450000000e+03    0.0000000000e+00   -4.5158848566e+01    9.9316222537e-01    9.9608801956e-01
        96   -4.5169646025e+01    1.3572000069e+00    2.0492840192e+03    2.0490000000e+03    0.0000000000e+00   -4.5161797522e+01    9.9217224593e-01    9.9609565642e-01
        97   -4.5168202768e+01    1.3300683472e+00    2.0501625421e+03    2.0500000000e+03    0.0000000000e+00   -4.5162622929e+01    9.9319947402e-01    9.9512195122e-01
        98   -4.5193214399e+01    1.3947844849e+00    2.0473990190e+03    2.0470000000e+03    0.0000000000e+00   -4.5161296359e+01    9.9356463736e-01    9.9658036150e-01
        99   -4.5183515702e+01    1.4405572040e+00    2.0495258206e+03    2.0490000000e+03    0.0000000000e+00   -4.5162381702e+01    9.9319265227e-01    9.9707174231e-01
       100   -4.5179552745e+01    1.4585225157e+00    2.0563745147e+03    2.0560000000e+03    0.0000000000e+00   -4.5166314194e+01    9.9325185239e-01    9.9513618677e-01
       101   -4.5138349202e+01    1.3804372856e+00    2.0529131216e+03    2.0530000000e+03    0.0000000000e+00   -4.5165199889e+01    9.9382289925e-01    9.9610326352e-01
       102   -4.5169232395e+01    1.4363161943e+00    2.0557703405e+03    2.0560000000e+03    0.0000000000e+00   -4.5166930926e+01    9.9337699018e-01    9.9659533074e-01
       103   -4.5166473557e+01    1.4971381120e+00    2.0540323113e+03    2.0540000000e+03    0.0000000000e+00   -4.5165565895e+01    9.9317650676e-01    9.9464459591e-01
       104   -4.5176748659e+01    1.3474613727e+00    2.0481823154e+03    2.0480000000e+03    0.0000000000e+00   -4.5162743489e+01    9.9364019990e-01    9.9658203125e-01
       105   -4.5163048121e+01    1.3383925481e+00    2.0550844842e+03    2.0550000000e+03    0.0000000000e+00   -4.5166213015e+01    9.9321199567e-01    9.9416058394e-01
       106   -4.5153969485e+01    1.3274692816e+00    2.0478779063e+03    2.0480000000e+03    0.0000000000e+00   -4.5163012205e+01    9.9322303085e-01    9.9658203125e-01
       107   -4.5138251346e+01    1.3106534916e+00    2.0476485738e+03    2.0480000000e+03    0.0000000000e+00   -4.5163012741e+01    9.9353273593e-01    9.9755859375e-01
       108   -4.5139041035e+01    1.3911361657e+00    2.0524268294e+03    2.0530000000e+03    0.0000000000e+00   -4.5165318182e+01    9.9315538172e-01    9.9366780321e-01
       109   -4.5165989790e+01    1.4390972441e+00    2.0518155828e+03    2.0520000000e+03    0.0000000000e+00   -4.5164474038e+01    9.9304137715e-01    9.9707602339e-01
       110   -4.5176975800e+01    1.4600773051e+00    2.0541044724e+03    2.0540000000e+03    0.0000000000e+00   -4.5165112768e+01    9.9344496103e-01    9.9707887050e-01
       111   -4.5170504597e+01    1.4654330776e+00    2.0571184302e+03    2.0570000000e+03    0.0000000000e+00   -4.5166625823e+01    9.9271258257e-01    9.9513855129e-01
       112   -4.5158199522e+01    1.3573053827e+00    2.0539951996e+03    2.0540000000e+03    0.0000000000e+00   -4.5165370975e+01    9.9378788930e-01    9.9756572541e-01
       113   -4.5164475619e+01    1.3883704053e+00    2.0618927344e+03    2.0620000000e+03    0.0000000000e+00   -4.5169368647e+01    9.9252494149e-01    9.9466537342e-01
       114   -4.5124866124e+01    1.4125178849e+00    2.0615733383e+03    2.0620000000e+03    0.0000000000e+00   -4.5169309776e+01    9.9236823963e-01    9.9563530553e-01
       115   -4.5137421304e+01    1.4352910635e+00    2.0562565131e+03    2.0570000000e+03    0.0000000000e+00   -4.5166908381e+01    9.9416276536e-01    9.9805542052e-01
       116   -4.5152762446e+01    1.2887191147e+00    2.0564989263e+03    2.0570000000e+03    0.0000000000e+00   -4.5166412890e+01    9.9325738976e-01    9.9611084103e-01
       117   -4.5167762957e+01    1.3730519520e+00    2.0558796867e+03    2.0560000000e+03    0.0000000000e+00   -4.5165607059e+01    9.9319958505e-01    9.9610894942e-01
       118   -4.5180458172e+01    1.5048039926e+00    2.0611169789e+03    2.0610000000e+03    0.0000000000e+00   -4.5167921322e+01    9.9334707139e-01    9.9854439592e-01
       119   -4.5142622954e+01    1.4091438717e+00    2.0657770542e+03    2.0660000000e+03    0.0000000000e+00   -4.5170422482e+01    9.9425332596e-01    9.9515972894e-01
       120   -4.5133036229e+01    1.4357243234e+00    2.0593958653e+03    2.0600000000e+03    0.0000000000e+00   -4.5167748923e+01    9.9333611199e-01    9.9805825243e-01
       121   -4.5132206571e+01    1.2992350344e+00    2.0642388272e+03    2.0650000000e+03    0.0000000000e+00   -4.5169935097e+01    9.9286223290e-01    9.9757869249e-01
       122   -4.5132843566e+01    1.3007829830e+00    2.0692089759e+03    2.0700000000e+03    0.0000000000e+00   -4.5172004303e+01    9.9360476984e-01    9.9613526570e-01
       123   -4.5121982061e+01    1.5942097436e+00    2.0730241688e+03    2.0740000000e+03    0.0000000000e+00   -4.5173584048e+01    9.9226373660e-01    9.9517839923e-01
       124   -4.5150439646e+01    1.4371693098e+00    2.0721736602e+03    2.0730000000e+03    0.0000000000e+00   -4.5172766949e+01    9.9345773930e-01    9.9469368066e-01
       125   -4.5171492161e+01    1.3790022462e+00    2.0707692541e+03    2.0710000000e+03    0.0000000000e+00   -4.5171346972e+01    9.9321894064e-01    9.9758570739e-01
       126   -4.5177242442e+01    1.4368344514e+00    2.0759623661e+03    2.0760000000e+03    0.0000000000e+00   -4.5173645105e+01    9.9354708715e-01    9.9277456647e-01
       127   -4.5186063237e+01    1.4049263558e+00    2.0723026978e+03    2.0720000000e+03    0.0000000000e+00   -4.5171847801e+01    9.9417599345e-01    9.9806949807e-01
       128   -4.5197263258e+01    1.4288048297e+00    2.0763185270e+03    2.0760000000e+03    0.0000000000e+00   -4.5173970138e+01    9.9412478207e-01    9.9470134875e-01
       129   -4.5133446963e+01    1.5103904970e+00    2.0748459901e+03    2.0750000000e+03    0.0000000000e+00   -4.5173776780e+01    9.9339785554e-01    9.9662650602e-01
       130   -4.5134905055e+01    1.4310603697e+00    2.0821113495e+03    2.0830000000e+03    0.0000000000e+00   -4.5178031277e+01    9.9339801281e-01    9.9471915506e-01
       131   -4.5115237474e+01    1.8182699877e+00    2.0779604357e+03    2.0790000000e+03    0.0000000000e+00   -4.5175805400e+01    9.9351160862e-01    9.9711399711e-01
       132   -4.5125118133e+01    1.4467559250e+00    2.0837777631e+03    2.0850000000e+03    0.0000000000e+00   -4.5178405974e+01    9.9273812274e-01    9.9664268585e-01
       133   -4.5114565686e+01    1.3316219418e+00    2.0927398897e+03    2.0940000000e+03    0.0000000000e+00   -4.5182226528e+01    9.9277909968e-01    9.9283667622e-01
       134   -4.5141880497e+01    1.4230204875e+00    2.0860117164e+03    2.0870000000e+03    0.0000000000e+00   -4.5178506810e+01    9.9249790367e-01    9.9664590321e-01
       135   -4.5132855961e+01    1.3486184672e+00    2.0991102627e+03    2.1000000000e+03    0.0000000000e+00   -4.5184242030e+01    9.9342577625e-01    9.9619047619e-01
       136   -4.5144200295e+01    1.4640393209e+00    2.1010416086e+03    2.1020000000e+03    0.0000000000e+00   -4.5185013875e+01    9.9334413859e-01    9.9333967650e-01
       137   -4.5162877150e+01    1.4789290490e+00    2.0954285370e+03    2.0960000000e+03    0.0000000000e+00   -4.5181885964e+01    9.9306917077e-01    9.9284351145e-01
       138   -4.5157754712e+01    1.5978357224e+00    2.0856536051e+03    2.0860000000e+03    0.0000000000e+00   -4.5176955405e+01    9.9380659788e-01    9.9664429530e-01
       139   -4.5165973126e+01    1.5174274452e+00    2.0846641065e+03    2.0850000000e+03    0.0000000000e+00   -4.5176519402e+01    9.9294722188e-01    9.9280575540e-01
       140   -4.5177198266e+01    1.4265890858e+00    2.0770121941e+03    2.0770000000e+03    0.0000000000e+00   -4.5172666496e+01    9.9289101933e-01    9.9277804526e-01
       141   -4.5187843062e+01    1.4708721339e+00    2.0693430509e+03    2.0690000000e+03    0.0000000000e+00   -4.5168880295e+01    9.9306586328e-01    9.9516674722e-01
       142   -4.5166131087e+01    1.3438560185e+00    2.0681658331e+03    2.0680000000e+03    0.0000000000e+00   -4.5168578419e+01    9.9352126894e-01    9.9468085106e-01
       143   -4.5166555068e+01    1.3509928981e+00    2.0679911297e+03    2.0680000000e+03    0.0000000000e+00   -4.5168859806e+01    9.9379924657e-01    9.9903288201e-01
       144   -4.5180379628e+01    1.3636284102e+00    2.0769823767e+03    2.0770000000e+03    0.0000000000e+00   -4.5173269601e+01    9.9348832799e-01    9.9566682715e-01
       145   -4.5174508288e+01    1.3232253750e+00    2.0751234812e+03    2.0750000000e+03    0.0000000000e+00   -4.5172376175e+01    9.9279293036e-01    9.9325301205e-01
       146   -4.5152024681e+01    1.3463013787e+00    2.0659013042e+03    2.0660000000e+03    0.0000000000e+00   -4.5168228457e+01    9.9352487077e-01    9.9515972894e-01
       147   -4.5140950084e+01    1.3283350106e+00    2.0665620508e+03    2.0670000000e+03    0.0000000000e+00   -4.5168852839e+01    9.9310919578e-01    9.9516207063e-01
       148   -4.5158105788e+01    1.7204136011e+00    2.0645622161e+03    2.0650000000e+03    0.0000000000e+00   -4.5167814474e+01    9.9248205663e-01    9.9757869249e-01
       149   -4.5197398378e+01    1.5698071519e+00    2.0700657275e+03    2.0700000000e+03    0.0000000000e+00   -4.5170062232e+01    9.9484413262e-01    9.9661835749e-01
       150   -4.5163178419e+01    1.3418770824e+00    2.0691695232e+03    2.0690000000e+03    0.0000000000e+00   -4.5169567464e+01    9.9475785211e-01    9.9613339778e-01
       151   -4.5190948473e+01    1.3106754134e+00    2.0671204109e+03    2.0670000000e+03    0.0000000000e+00   -4.5168942982e+01    9.9338204079e-01    9.9758103532e-01
       152   -4.5172630372e+01    1.3403005878e+00    2.0741739007e+03    2.0740000000e+03    0.0000000000e+00   -4.5172354793e+01    9.9363777686e-01    9.9469623915e-01
       153   -4.5179373582e+01    1.4108103304e+00    2.0710747736e+03    2.0710000000e+03    0.0000000000e+00   -4.5171183452e+01    9.9316515854e-01    9.9517141478e-01
       154   -4.5170890350e+01    1.3594771740e+00    2.0720856916e+03    2.0720000000e+03    0.0000000000e+00   -4.5171776850e+01    9.9313299559e-01    9.9662162162e-01
       155   -4.5180202407e+01    1.3918148220e+00    2.0750579396e+03    2.0750000000e+03    0.0000000000e+00   -4.5173391048e+01    9.9277422721e-01    9.9566265060e-01
       156   -4.5174634790e+01    1.3628701809e+00    2.0740821431e+03    2.0740000000e+03    0.0000000000e+00   -4.5173000355e+01    9.9219371191e-01    9.9421407907e-01
       157   -4.5172816458e+01    1.3648905596e+00    2.0740880816e+03    2.0740000000e+03    0.0000000000e+00   -4.5173169735e+01    9.9306894993e-01    9.9710703954e-01
       158   -4.5185952218e+01    1.3814506990e+00    2.0770709271e+03    2.0770000000e+03    0.0000000000e+00   -4.5174734496e+01    9.9301521666e-01    9.9374097256e-01
       159   -4.5155926332e+01    1.3990889145e+00    2.0700110367e+03    2.0700000000e+03    0.0000000000e+00   -4.5171460599e+01    9.9279431699e-01    9.9710144928e-01
       160   -4.5178453918e+01    1.4792410769e+00    2.0758387518e+03    2.0760000000e+03    0.0000000000e+00   -4.5174564761e+01    9.9361024348e-01    9.9855491329e-01
       161   -4.5172658111e+01    1.5040159796e+00    2.0839193240e+03    2.0840000000e+03    0.0000000000e+00   -4.5178369109e+01    9.9294602173e-01    9.9616122841e-01
       162   -4.5188931356e+01    1.4148529341e+00    2.0829857015e+03    2.0830000000e+03    0.0000000000e+00   -4.5178032673e+01    9.9293267875e-01    9.9471915506e-01
       163   -4.5205181206e+01    1.5217662435e+00    2.0824039116e+03    2.0820000000e+03    0.0000000000e+00   -4.5177646554e+01    9.9321162251e-01    9.9711815562e-01
       164   -4.5205754095e+01    1.6761600491e+00    2.0845262024e+03    2.0840000000e+03    0.0000000000e+00   -4.5178830498e+01    9.9282796419e-01    9.9424184261e-01
       165   -4.5184928116e+01    1.5928548297e+00    2.0833337285e+03    2.0830000000e+03    0.0000000000e+00   -4.5178700746e+01    9.9332835272e-01    9.9663946231e-01
       166   -4.5163945756e+01    1.4970620554e+00    2.0788683715e+03    2.0790000000e+03    0.0000000000e+00   -4.5177127789e+01    9.9354173398e-01    9.9518999519e-01
       167   -4.5160976208e+01    1.5981286444e+00    2.0796711815e+03    2.0800000000e+03    0.0000000000e+00   -4.5177788388e+01    9.9273914460e-01    9.9807692308e-01
       168   -4.5187009583e+01    1.5096938516e+00    2.0878856524e+03    2.0880000000e+03    0.0000000000e+00   -4.5181640145e+01    9.9246240035e-01    9.9616858238e-01
       169   -4.5170644561e+01    1.5581449193e+00    2.0899308412e+03    2.0900000000e+03    0.0000000000e+00   -4.5182587301e+01    9.9252126120e-01    9.9760765550e-01
       170   -4.5182204282e+01    1.5219643762e+00    2.0917943335e+03    2.0920000000e+03    0.0000000000e+00   -4.5183733955e+01    9.9300211540e-01    9.9187380497e-01
       171   -4.5160672134e+01    1.6083867110e+00    2.0858062788e+03    2.0860000000e+03    0.0000000000e+00   -4.5180924112e+01    9.9337002185e-01    9.9376797699e-01
       172   -4.5176893257e+01    1.6613437567e+00    2.0848191366e+03    2.0850000000e+03    0.0000000000e+00   -4.5180593587e+01    9.9343773781e-01    9.9856115108e-01
       173   -4.5169139153e+01    1.5177299946e+00    2.0877352387e+03    2.0880000000e+03    0.0000000000e+00   -4.5182016241e+01    9.9247402921e-01    9.9568965517e-01
       174   -4.5180592675e+01    1.4792272683e+00    2.0878510821e+03    2.0880000000e+03    0.0000000000e+00   -4.5182122361e+01    9.9387343098e-01    9.9473180077e-01
       175   -4.5183380557e+01    1.5215791541e+00    2.0910215550e+03    2.0910000000e+03    0.0000000000e+00   -4.5183605220e+01    9.9335963483e-01    9.9521759923e-01
       176   -4.5157484725e+01    1.3880859717e+00    2.0927260699e+03    2.0930000000e+03    0.0000000000e+00   -4.5184691877e+01    9.9241586910e-01    9.9187768753e-01
       177   -4.5189811931e+01    1.4321934110e+00    2.0848720204e+03    2.0850000000e+03    0.0000000000e+00   -4.5181011365e+01    9.9360645387e-01    9.9664268585e-01
       178   -4.5177758396e+01    1.4357204602e+00    2.0830499191e+03    2.0830000000e+03    0.0000000000e+00   -4.5180010936e+01    9.9278937973e-01    9.9567930869e-01
       179   -4.5174149316e+01    1.4478772437e+00    2.0799668323e+03    2.0800000000e+03    0.0000000000e+00   -4.5178762088e+01    9.9230038884e-01    9.9519230769e-01
       180   -4.5157939220e+01    1.4183799166e+00    2.0817084362e+03    2.0820000000e+03    0.0000000000e+00   -4.5179826740e+01    9.9389383913e-01    9.9375600384e-01
       181   -4.5149910084e+01    1.4420069130e+00    2.0745541861e+03    2.0750000000e+03    0.0000000000e+00   -4.5176535433e+01    9.9276357810e-01    9.9469879518e-01
       182   -4.5179937808e+01    1.5775512339e+00    2.0737855758e+03    2.0740000000e+03    0.0000000000e+00   -4.5176014665e+01    9.9247260051e-01    9.9710703954e-01
       183   -4.5165280963e+01    1.5849803464e+00    2.0769099474e+03    2.0770000000e+03    0.0000000000e+00   -4.5177365770e+01    9.9315085904e-01    9.9662975445e-01
       184   -4.5184001061e+01    1.4927927049e+00    2.0759129998e+03    2.0760000000e+03    0.0000000000e+00   -4.5176999697e+01    9.9314929642e-01    9.9325626204e-01
       185   -4.5165779877e+01    1.4969364111e+00    2.0690465170e+03    2.0690000000e+03    0.0000000000e+00   -4.5173634961e+01    9.9271482677e-01    9.9516674722e-01
       186   -4.5183754143e+01    1.4643930932e+00    2.0720292538e+03    2.0720000000e+03    0.0000000000e+00   -4.5175224762e+01    9.9382831670e-01    9.9710424710e-01
       187   -4.5164990656e+01    1.4753865941e+00    2.0719498011e+03    2.0720000000e+03    0.0000000000e+00   -4.5175239767e+01    9.9323503797e-01    9.9517374517e-01
       188   -4.5176153931e+01    1.4671254148e+00    2.0719193663e+03    2.0720000000e+03    0.0000000000e+00   -4.5175376017e+01    9.9302548346e-01    9.9613899614e-01
       189   -4.5148487920e+01    1.3514179021e+00    2.0707108580e+03    2.0710000000e+03    0.0000000000e+00   -4.5174901767e+01    9.9337377882e-01    9.9323998069e-01
       190   -4.5154016088e+01    1.3431880737e+00    2.0596105019e+03    2.0600000000e+03    0.0000000000e+00   -4.5169658968e+01    9.9340891798e-01    9.9514563107e-01
       191   -4.5177138991e+01    1.3799308517e+00    2.0589803454e+03    2.0590000000e+03    0.0000000000e+00   -4.5169071898e+01    9.9398298526e-01    9.9514327343e-01
       192   -4.5180264281e+01    1.3887995396e+00    2.0552378891e+03    2.0550000000e+03    0.0000000000e+00   -4.5167063508e+01    9.9358459237e-01    9.9513381995e-01
       193   -4.5165423107e+01    1.3765624712e+00    2.0481394935e+03    2.0480000000e+03    0.0000000000e+00   -4.5163739522e+01    9.9401256798e-01    9.9414062500e-01
       194   -4.5156329841e+01    1.5389493424e+00    2.0429819466e+03    2.0430000000e+03    0.0000000000e+00   -4.5161402434e+01    9.9286201301e-01    9.9804209496e-01
       195   -4.5159566559e+01    1.3965499508e+00    2.0428523949e+03    2.0430000000e+03    0.0000000000e+00   -4.5161412603e+01    9.9357137086e-01    9.9706314244e-01
       196   -4.5159048898e+01    1.4286204520e+00    2.0449061902e+03    2.0450000000e+03    0.0000000000e+00   -4.5162342826e+01    9.9266702750e-01    9.9511002445e-01
       197   -4.5170559398e+01    1.4570928698e+00    2.0480054405e+03    2.0480000000e+03    0.0000000000e+00   -4.5163781724e+01    9.9335116910e-01    9.9755859375e-01
       198   -4.5167277566e+01    1.4232329001e+00    2.0490335214e+03    2.0490000000e+03    0.0000000000e+00   -4.5164239931e+01    9.9354348350e-01    9.9658369937e-01
       199   -4.5170414832e+01    1.3492303376e+00    2.0450797372e+03    2.0450000000e+03    0.0000000000e+00   -4.5162328667e+01    9.9344197365e-01    9.9706601467e-01
       200   -4.5158228192e+01    1.4008643836e+00    2.0450521245e+03    2.0450000000e+03    0.0000000000e+00   -4.5162350435e+01    9.9428287595e-01    9.9804400978e-01
       201   -4.5173558903e+01    1.5065874107e+00    2.0499928942e+03    2.0500000000e+03    0.0000000000e+00   -4.5164833423e+01    9.9341819448e-01    9.9707317073e-01
       202   -4.5202210034e+01    1.5682948124e+00    2.0534308660e+03    2.0530000000e+03    0.0000000000e+00   -4.5166261020e+01    9.9356672893e-01    9.9269361909e-01
       203   -4.5181919904e+01    1.5396453713e+00    2.0426442446e+03    2.0420000000e+03    0.0000000000e+00   -4.5160948334e+01    9.9295665364e-01    9.9657198825e-01
       204   -4.5165336628e+01    1.5214264593e+00    2.0412616106e+03    2.0410000000e+03    0.0000000000e+00   -4.5160692204e+01    9.9265342216e-01    9.9265066144e-01
       205   -4.5175055178e+01    1.4995276088e+00    2.0332872134e+03    2.0330000000e+03    0.0000000000e+00   -4.5156872757e+01    9.9323365435e-01    9.9803246434e-01
       206   -4.5180388605e+01    1.3893697698e+00    2.0383364540e+03    2.0380000000e+03    0.0000000000e+00   -4.5159335860e+01    9.9289414657e-01    9.9754661433e-01
       207   -4.5160683928e+01    1.3087738077e+00    2.0421532752e+03    2.0420000000e+03    0.0000000000e+00   -4.5161361462e+01    9.9306007876e-01    9.9706170421e-01
       208   -4.5164877424e+01    1.4151712746e+00    2.0489710232e+03    2.0490000000e+03    0.0000000000e+00   -4.5164879405e+01    9.9341444668e-01    9.9755978526e-01
       209   -4.5148618879e+01    1.3616434166e+00    2.0577623639e+03    2.0580000000e+03    0.0000000000e+00   -4.5169240236e+01    9.9314013885e-01    9.9805636540e-01
       210   -4.5102430415e+01    1.5603723503e+00    2.0620418881e+03    2.0630000000e+03    0.0000000000e+00   -4.5171669821e+01    9.9334606647e-01    9.9660688318e-01
       211   -4.5180042218e+01    1.6630333259e+00    2.0683411544e+03    2.0690000000e+03    0.0000000000e+00   -4.5174481861e+01    9.9341991811e-01    9.9661672305e-01
       212   -4.5190854637e+01    1.5084610647e+00    2.0671248420e+03    2.0670000000e+03    0.0000000000e+00   -4.5173155151e+01    9.9346865258e-01    9.9516207063e-01
       213   -4.5167155590e+01    1.3610686673e+00    2.0671543029e+03    2.0670000000e+03    0.0000000000e+00   -4.5173248340e+01    9.9386571599e-01    9.9419448476e-01
       214   -4.5145880552e+01    1.3998889804e+00    2.0617057374e+03    2.0620000000e+03    0.0000000000e+00   -4.5170980703e+01    9.9225426891e-01    9.9709020369e-01
       215   -4.5129805125e+01    1.2643080316e+00    2.0593003687e+03    2.0600000000e+03    0.0000000000e+00   -4.5170027372e+01    9.9281673240e-01    9.9708737864e-01
       216   -4.5129106611e+01    1.3461773553e+00    2.0621336539e+03    2.0630000000e+03    0.0000000000e+00   -4.5171378620e+01    9.9278418336e-01    9.9757634513e-01
       217   -4.5114941682e+01    1.4335734319e+00    2.0639396725e+03    2.0650000000e+03    0.0000000000e+00   -4.5172153963e+01    9.9269992322e-01    9.9467312349e-01
       218   -4.5114882210e+01    1.3788924270e+00    2.0598578831e+03    2.0610000000e+03    0.0000000000e+00   -4.5170019640e+01    9.9303486433e-01    9.9611838913e-01
       219   -4.5082139458e+01    1.2406476503e+00    2.0585073695e+03    2.0600000000e+03    0.0000000000e+00   -4.5169261973e+01    9.9342141059e-01    9.9708737864e-01
       220   -4.5099366576e+01    1.4842509587e+00    2.0573440300e+03    2.0590000000e+03    0.0000000000e+00   -4.5168506765e+01    9.9309541108e-01    9.9611461875e-01
       221   -4.5114001592e+01    1.4524690500e+00    2.0547448654e+03    2.0560000000e+03    0.0000000000e+00   -4.5166601113e+01    9.9358869481e-01    9.9270428016e-01
       222   -4.5136588268e+01    1.4324082722e+00    2.0502616078e+03    2.0510000000e+03    0.0000000000e+00   -4.5163818245e+01    9.9348494050e-01    9.9609946368e-01
       223   -4.5149325612e+01    1.4416933854e+00    2.0585447896e+03    2.0590000000e+03    0.0000000000e+00   -4.5167446970e+01    9.9356875312e-01    9.9562894609e-01
       224   -4.5112692873e+01    1.3325171777e+00    2.0572287567e+03    2.0580000000e+03    0.0000000000e+00   -4.5166822582e+01    9.9286300757e-01    9.9514091351e-01
       225   -4.5135209719e+01    1.4529511091e+00    2.0571237544e+03    2.0580000000e+03    0.0000000000e+00   -4.5166754333e+01    9.9262739863e-01    9.9562682216e-01
       226   -4.5115166939e+01    1.5209510437e+00    2.0581456837e+03    2.0590000000e+03    0.0000000000e+00   -4.5166975658e+01    9.9374959489e-01    9.9805730937e-01
       227   -4.5125209635e+01    1.3983597620e+00    2.0660013243e+03    2.0670000000e+03    0.0000000000e+00   -4.5170712285e+01    9.9366833726e-01    9.9225931301e-01
       228   -4.5144510946e+01    1.8637370134e+00    2.0663202259e+03    2.0670000000e+03    0.0000000000e+00   -4.5170465951e+01    9.9286096504e-01    9.9564586357e-01
       229   -4.5131887228e+01    1.3341007618e+00    2.0623443363e+03    2.0630000000e+03    0.0000000000e+00   -4.5168338314e+01    9.9304052662e-01    9.9854580708e-01
       230   -4.5122081867e+01    1.3246257630e+00    2.0720486553e+03    2.0730000000e+03    0.0000000000e+00   -4.5173086914e+01    9.9339840519e-01    9.9517607332e-01
       231   -4.5121064994e+01    1.3501967385e+00    2.0679555846e+03    2.0690000000e+03    0.0000000000e+00   -4.5171003298e+01    9.9351603737e-01    9.9565007250e-01
       232   -4.5146013109e+01    1.4589827389e+00    2.0682313369e+03    2.0690000000e+03    0.0000000000e+00   -4.5170801633e+01    9.9329388724e-01    9.9613339778e-01
       233   -4.5162038516e+01    1.4335721435e+00    2.0686647351e+03    2.0690000000e+03    0.0000000000e+00   -4.5170596789e+01    9.9290393606e-01    9.9613339778e-01
       234   -4.5118357950e+01    1.3528541797e+00    2.0713476978e+03    2.0720000000e+03    0.0000000000e+00   -4.5171971580e+01    9.9295414471e-01    9.9517374517e-01
       235   -4.5107623277e+01    1.4939771062e+00    2.0657989527e+03    2.0670000000e+03    0.0000000000e+00   -4.5169564344e+01    9.9248434951e-01    9.9080793420e-01
       236   -4.5151637282e+01    1.4164760007e+00    2.0603777506e+03    2.0610000000e+03    0.0000000000e+00   -4.5166443224e+01    9.9400440760e-01    9.9417758370e-01
       237   -4.5134384229e+01    1.6319895320e+00    2.0545345238e+03    2.0550000000e+03    0.0000000000e+00   -4.5163261311e+01    9.9331070533e-01    9.9513381995e-01
       238   -4.5132181098e+01    1.3815421978e+00    2.0503596290e+03    2.0510000000e+03    0.0000000000e+00   -4.5161271468e+01    9.9388275986e-01    9.9561189664e-01
       239   -4.5138776096e+01    1.5482450643e+00    2.0504553608e+03    2.0510000000e+03    0.0000000000e+00   -4.5161143712e+01    9.9281033458e-01    9.9756216480e-01
       240   -4.5149652410e+01    1.3246961034e+00    2.0506021873e+03    2.0510000000e+03    0.0000000000e+00   -4.5161006218e+01    9.9415578070e-01    9.9561189664e-01
       241   -4.5171778186e+01    1.4269472867e+00    2.0470028472e+03    2.0470000000e+03    0.0000000000e+00   -4.5158950730e+01    9.9314509029e-01    9.9609184172e-01
       242   -4.5172644857e+01    1.5266775293e+00    2.0502552178e+03    2.0500000000e+03    0.0000000000e+00   -4.5160366768e+01    9.9297706154e-01    9.9463414634e-01
       243   -4.5165565023e+01    1.4363882333e+00    2.0461819634e+03    2.0460000000e+03    0.0000000000e+00   -4.5158474664e+01    9.9339831321e-01    9.9462365591e-01
       244   -4.5165941957e+01    1.4281597832e+00    2.0452131427e+03    2.0450000000e+03    0.0000000000e+00   -4.5158050458e+01    9.9354432851e-01    9.9511002445e-01
       245   -4.5160940644e+01    1.3722176119e+00    2.0431487809e+03    2.0430000000e+03    0.0000000000e+00   -4.5157101490e+01    9.9330329552e-01    9.9608418992e-01
       246   -4.5161204855e+01    1.4666049574e+00    2.0430832773e+03    2.0430000000e+03    0.0000000000e+00   -4.5157132539e+01    9.9348419454e-01    9.9608418992e-01
       247   -4.5132815997e+01    1.3934772400e+00    2.0457603396e+03    2.0460000000e+03    0.0000000000e+00   -4.5158606479e+01    9.9295806128e-01    9.9608993157e-01
       248   -4.5148192169e+01    1.4066838497e+00    2.0456356242e+03    2.0460000000e+03    0.0000000000e+00   -4.5158614274e+01    9.9285383124e-01    9.9755620723e-01
       249   -4.5133287384e+01    1.3297837872e+00    2.0495460449e+03    2.0500000000e+03    0.0000000000e+00   -4.5160439288e+01    9.9360373079e-01    9.9560975610e-01
       250   -4.5144952300e+01    1.3824236763e+00    2.0505526227e+03    2.0510000000e+03    0.0000000000e+00   -4.5160873302e+01    9.9350420834e-01    9.9707459776e-01
       251   -4.5131315667e+01    1.4388111500e+00    2.0485283436e+03    2.0490000000e+03    0.0000000000e+00   -4.5159773891e+01    9.9205377327e-01    9.9560761347e-01
       252   -4.5127570628e+01    1.3918523340e+00    2.0494096150e+03    2.0500000000e+03    0.0000000000e+00   -4.5160194204e+01    9.9281753475e-01    9.9365853659e-01
       253   -4.5127899800e+01    1.4898089287e+00    2.0423970991e+03    2.0430000000e+03    0.0000000000e+00   -4.5156642729e+01    9.9382007737e-01    9.9657366618e-01
       254   -4.5146507204e+01    1.5673284101e+00    2.0445727549e+03    2.0450000000e+03    0.0000000000e+00   -4.5157473930e+01    9.9339942649e-01    9.9462102689e-01
       255   -4.5122675860e+01    1.3752205589e+00    2.0446054206e+03    2.0450000000e+03    0.0000000000e+00   -4.5157329557e+01    9.9273037103e-01    9.9168704156e-01
       256   -4.5156898249e+01    1.3867955597e+00    2.0367988274e+03    2.0370000000e+03    0.0000000000e+00   -4.5153353015e+01    9.9375137255e-01    9.9754540992e-01
       257   -4.5139187980e+01    1.4958291012e+00    2.0388505983e+03    2.0390000000e+03    0.0000000000e+00   -4.5154168182e+01    9.9334797729e-01    9.9411476214e-01
       258   -4.5114236729e+01    1.4779741358e+00    2.0374690692e+03    2.0380000000e+03    0.0000000000e+00   -4.5153669945e+01    9.9328626445e-01    9.9803729146e-01
       259   -4.5082266386e+01    1.4003574472e+00    2.0348155936e+03    2.0360000000e+03    0.0000000000e+00   -4.5152599631e+01    9.9289483543e-01    9.9508840864e-01
       260   -4.5086988649e+01    1.4236455459e+00    2.0336645458e+03    2.0350000000e+03    0.0000000000e+00   -4.5151907262e+01    9.9382276311e-01    9.9459459459e-01
       261   -4.5108314778e+01    1.3661841443e+00    2.0309618140e+03    2.0320000000e+03    0.0000000000e+00   -4.5150088042e+01    9.9283905471e-01    9.9557086614e-01
       262   -4.5085942545e+01    1.3665768712e+00    2.0329309665e+03    2.0340000000e+03    0.0000000000e+00   -4.5150752249e+01    9.9322072324e-01    9.9655850541e-01
       263   -4.5119304418e+01    1.4498372994e+00    2.0340042598e+03    2.0350000000e+03    0.0000000000e+00   -4.5151022708e+01    9.9362257001e-01    9.9606879607e-01
       264   -4.5150714663e+01    1.7438794555e+00    2.0356397192e+03    2.0360000000e+03    0.0000000000e+00   -4.5151195023e+01    9.9324236635e-01    9.9557956778e-01
       265   -4.5177539534e+01    1.6839782800e+00    2.0350561024e+03    2.0350000000e+03    0.0000000000e+00   -4.5150535889e+01    9.9350583847e-01    9.9656019656e-01
       266   -4.5147453415e+01    1.4277076363e+00    2.0341068441e+03    2.0340000000e+03    0.0000000000e+00   -4.5150016982e+01    9.9300203539e-01    9.9459193707e-01
       267   -4.5176596807e+01    1.4262954685e+00    2.0322875041e+03    2.0320000000e+03    0.0000000000e+00   -4.5149124242e+01    9.9345972333e-01    9.9458661417e-01
       268   -4.5177030945e+01    1.3889982306e+00    2.0305697094e+03    2.0300000000e+03    0.0000000000e+00   -4.5148097777e+01    9.9374063205e-01    9.9655172414e-01
       269   -4.5198456456e+01    1.5748096723e+00    2.0327414372e+03    2.0320000000e+03    0.0000000000e+00   -4.5149168414e+01    9.9325891354e-01    9.9704724409e-01
       270   -4.5158564907e+01    1.5111527812e+00    2.0344687657e+03    2.0340000000e+03    0.0000000000e+00   -4.5150239222e+01    9.9313442291e-01    9.9655850541e-01
       271   -4.5171323273e+01    1.4247939254e+00    2.0361675947e+03    2.0360000000e+03    0.0000000000e+00   -4.5151401061e+01    9.9398328478e-01    9.9705304519e-01
       272   -4.5157162422e+01    1.3544217805e+00    2.0382405904e+03    2.0380000000e+03    0.0000000000e+00   -4.5152388446e+01    9.9267720119e-01    9.9607458292e-01
       273   -4.5171288163e+01    1.4262451949e+00    2.0392392563e+03    2.0390000000e+03    0.0000000000e+00   -4.5152939261e+01    9.9275821250e-01    9.9558607160e-01
       274   -4.5149894220e+01    1.5124528763e+00    2.0371579032e+03    2.0370000000e+03    0.0000000000e+00   -4.5151957132e+01    9.9252266416e-01    9.9705449190e-01
       275   -4.5127982079e+01    1.5761782478e+00    2.0406461618e+03    2.0410000000e+03    0.0000000000e+00   -4.5153978221e+01    9.9319979679e-01    9.9657030867e-01
       276   -4.5141138633e+01    1.3937334195e+00    2.0466423189e+03    2.0470000000e+03    0.0000000000e+00   -4.5156881831e+01    9.9378568595e-01    9.9511480215e-01
       277   -4.5126050642e+01    1.3536951847e+00    2.0445487511e+03    2.0450000000e+03    0.0000000000e+00   -4.5155780314e+01    9.9291142484e-01    9.9511002445e-01
       278   -4.5142784129e+01    1.4079312562e+00    2.0436093384e+03    2.0440000000e+03    0.0000000000e+00   -4.5155223518e+01    9.9362118240e-01    9.9755381605e-01
       279   -4.5174817936e+01    1.5041532276e+00    2.0479837577e+03    2.0480000000e+03    0.0000000000e+00   -4.5157048310e+01    9.9309132469e-01    9.9511718750e-01
       280   -4.5174661194e+01    1.4880213924e+00    2.0453625098e+03    2.0450000000e+03    0.0000000000e+00   -4.5155522958e+01    9.9284182299e-01    9.9559902200e-01
       281   -4.5150094619e+01    1.4201795786e+00    2.0441623744e+03    2.0440000000e+03    0.0000000000e+00   -4.5155107821e+01    9.9338138236e-01    9.9363992172e-01
       282   -4.5136519592e+01    1.4224924587e+00    2.0398187663e+03    2.0400000000e+03    0.0000000000e+00   -4.5153221677e+01    9.9313695439e-01    9.9656862745e-01
       283   -4.5127343585e+01    1.4087449013e+00    2.0385739831e+03    2.0390000000e+03    0.0000000000e+00   -4.5152702385e+01    9.9379936689e-01    9.9558607160e-01
       284   -4.5147841314e+01    1.2968912831e+00    2.0387278864e+03    2.0390000000e+03    0.0000000000e+00   -4.5152618012e+01    9.9315329642e-01    9.9607650809e-01
       285   -4.5150836972e+01    1.4689756860e+00    2.0399522975e+03    2.0400000000e+03    0.0000000000e+00   -4.5152987191e+01    9.9341226070e-01    9.9509803922e-01
       286   -4.5136997335e+01    1.3048274584e+00    2.0368634924e+03    2.0370000000e+03    0.0000000000e+00   -4.5151478692e+01    9.9324262698e-01    9.9607265587e-01
       287   -4.5133621973e+01    1.4553955535e+00    2.0346655700e+03    2.0350000000e+03    0.0000000000e+00   -4.5150471972e+01    9.9332925817e-01    9.9705159705e-01
       288   -4.5161142435e+01    1.4412867748e+00    2.0358800626e+03    2.0360000000e+03    0.0000000000e+00   -4.5150883241e+01    9.9257973217e-01    9.9656188605e-01
       289   -4.5152109603e+01    1.4800218026e+00    2.0331262757e+03    2.0330000000e+03    0.0000000000e+00   -4.5149315754e+01    9.9289538681e-01    9.9655681259e-01
       290   -4.5161488650e+01    1.3898609257e+00    2.0390877522e+03    2.0390000000e+03    0.0000000000e+00   -4.5152280613e+01    9.9264745477e-01    9.9656694458e-01
       291   -4.5160282254e+01    1.5352193341e+00    2.0361463252e+03    2.0360000000e+03    0.0000000000e+00   -4.5150789992e+01    9.9322955764e-01    9.9607072692e-01
       292   -4.5162217143e+01    1.3806455244e+00    2.0352248582e+03    2.0350000000e+03    0.0000000000e+00   -4.5150317848e+01    9.9279109656e-01    9.9656019656e-01
       293   -4.5142876893e+01    1.4356681274e+00    2.0360335337e+03    2.0360000000e+03    0.0000000000e+00   -4.5150823343e+01    9.9288074686e-01    9.9607072692e-01
       294   -4.5116657087e+01    1.3360301572e+00    2.0335991608e+03    2.0340000000e+03    0.0000000000e+00   -4.5149862263e+01    9.9327755730e-01    9.9115044248e-01
       295   -4.5110483223e+01    1.2770399631e+00    2.0184565194e+03    2.0190000000e+03    0.0000000000e+00   -4.5142406011e+01    9.9269804330e-01    9.9504705300e-01
       296   -4.5154388661e+01    1.3026225988e+00    2.0178205198e+03    2.0180000000e+03    0.0000000000e+00   -4.5141754304e+01    9.9430056286e-01    9.9702675917e-01
       297   -4.5187468662e+01    1.4241116580e+00    2.0175548040e+03    2.0170000000e+03    0.0000000000e+00   -4.5141079544e+01    9.9258195039e-01    9.9752107090e-01
       298   -4.5181564686e+01    1.6317369049e+00    2.0198287969e+03    2.0190000000e+03    0.0000000000e+00   -4.5142063092e+01    9.9226989753e-01    9.9752352650e-01
       299   -4.5173212130e+01    1.5179672580e+00    2.0187546714e+03    2.0180000000e+03    0.0000000000e+00   -4.5141687923e+01    9.9316811814e-01    9.9752229931e-01
       300   -4.5175951866e+01    1.4256862786e+00    2.0266120151e+03    2.0260000000e+03    0.0000000000e+00   -4.5145741022e+01    9.9300851738e-01    9.9654491609e-01
       301   -4.5150779671e+01    1.5276085489e+00    2.0293088959e+03    2.0290000000e+03    0.0000000000e+00   -4.5147284550e+01    9.9272772888e-01    9.9457861015e-01
       302   -4.5155087442e+01    1.4152228887e+00    2.0241465737e+03    2.0240000000e+03    0.0000000000e+00   -4.5144891083e+01    9.9353568783e-01    9.9505928854e-01
       303   -4.5124544487e+01    1.3668825504e+00    2.0218933262e+03    2.0220000000e+03    0.0000000000e+00   -4.5143880021e+01    9.9355417894e-01    9.9752720079e-01
       304   -4.5132170669e+01    1.2366352858e+00    2.0256112692e+03    2.0260000000e+03    0.0000000000e+00   -4.5145850362e+01    9.9310840887e-01    9.9654491609e-01
       305   -4.5112518871e+01    1.4274827242e+00    2.0255265447e+03    2.0260000000e+03    0.0000000000e+00   -4.5145729207e+01    9.9364005496e-01    9.9654491609e-01
       306   -4.5078689451e+01    1.3150155565e+00    2.0249709457e+03    2.0260000000e+03    0.0000000000e+00   -4.5145637632e+01    9.9410903413e-01    9.9555774926e-01
       307   -4.5119988497e+01    1.2529022761e+00    2.0210965850e+03    2.0220000000e+03    0.0000000000e+00   -4.5143496856e+01    9.9312973657e-01    9.9604352127e-01
       308   -4.5114902944e+01    1.2631479514e+00    2.0244827528e+03    2.0250000000e+03    0.0000000000e+00   -4.5144689944e+01    9.9317495572e-01    9.9456790123e-01
       309   -4.5129670811e+01    1.4492667748e+00    2.0216079856e+03    2.0220000000e+03    0.0000000000e+00   -4.5143073551e+01    9.9360145858e-01    9.9505440158e-01
       310   -4.5153240551e+01    1.4466316904e+00    2.0200272118e+03    2.0200000000e+03    0.0000000000e+00   -4.5141932286e+01    9.9304320711e-01    9.9851485149e-01
       311   -4.5159138684e+01    1.3342197154e+00    2.0252123523e+03    2.0250000000e+03    0.0000000000e+00   -4.5144308432e+01    9.9343678504e-01    9.9456790123e-01
       312   -4.5165367930e+01    1.3821610681e+00    2.0263812417e+03    2.0260000000e+03    0.0000000000e+00   -4.5144793454e+01    9.9326876299e-01    9.9506416584e-01
       313   -4.5159497854e+01    1.4210841747e+00    2.0234142161e+03    2.0230000000e+03    0.0000000000e+00   -4.5143324591e+01    9.9325980028e-01    9.9357390015e-01
       314   -4.5183393460e+01    1.3685256590e+00    2.0195977688e+03    2.0190000000e+03    0.0000000000e+00   -4.5141380997e+01    9.9318419484e-01    9.9554234770e-01
       315   -4.5172928085e+01    1.3899501769e+00    2.0167503118e+03    2.0160000000e+03    0.0000000000e+00   -4.5139908028e+01    9.9278622676e-01    9.9702380952e-01
       316   -4.5145656783e+01    1.2859534965e+00    2.0213274162e+03    2.0210000000e+03    0.0000000000e+00   -4.5142485613e+01    9.9324661555e-01    9.9257793172e-01
       317   -4.5146747432e+01    1.2899820832e+00    2.0161501220e+03    2.0160000000e+03    0.0000000000e+00   -4.5140070515e+01    9.9335431548e-01    9.9305555556e-01
       318   -4.5147422335e+01    1.3005701448e+00    2.0092342188e+03    2.0090000000e+03    0.0000000000e+00   -4.5136555696e+01    9.9348296373e-01    9.9751119960e-01
       319   -4.5152843082e+01    1.2952150141e+00    2.0112049249e+03    2.0110000000e+03    0.0000000000e+00   -4.5137518338e+01    9.9274164004e-01    9.9701640975e-01
       320   -4.5175253805e+01    1.3609066172e+00    2.0175022516e+03    2.0170000000e+03    0.0000000000e+00   -4.5140467745e+01    9.9327390253e-01    9.9504214179e-01
       321   -4.5161217605e+01    1.4320337275e+00    2.0115987699e+03    2.0110000000e+03    0.0000000000e+00   -4.5137478358e+01    9.9283419437e-01    9.9453008454e-01
       322   -4.5177732210e+01    1.4388789027e+00    2.0117144978e+03    2.0110000000e+03    0.0000000000e+00   -4.5137547662e+01    9.9272214381e-01    9.9502734958e-01
       323   -4.5159916255e+01    1.2758604370e+00    2.0056394956e+03    2.0050000000e+03    0.0000000000e+00   -4.5134578829e+01    9.9271609526e-01    9.9600997506e-01
       324   -4.5188568652e+01    1.3279176653e+00    2.0048004710e+03    2.0040000000e+03    0.0000000000e+00   -4.5134157183e+01    9.9308969510e-01    9.9700598802e-01
       325   -4.5167546764e+01    1.3721447631e+00    2.0098151648e+03    2.0090000000e+03    0.0000000000e+00   -4.5136663263e+01    9.9275380667e-01    9.9701343952e-01
       326   -4.5171645935e+01    1.3424210288e+00    2.0116136105e+03    2.0110000000e+03    0.0000000000e+00   -4.5137772549e+01    9.9350297730e-01    9.9602187966e-01
       327   -4.5165568960e+01    1.3076623223e+00    2.0106122397e+03    2.0100000000e+03    0.0000000000e+00   -4.5137315379e+01    9.9357034109e-01    9.9502487562e-01
       328   -4.5188149400e+01    1.4270210170e+00    2.0138359922e+03    2.0130000000e+03    0.0000000000e+00   -4.5138860975e+01    9.9309643767e-01    9.9751614506e-01
       329   -4.5211075838e+01    1.6327259410e+00    2.0161440821e+03    2.0150000000e+03    0.0000000000e+00   -4.5139886794e+01    9.9242292099e-01    9.9602977667e-01
       330   -4.5206352678e+01    1.3633168924e+00    2.0193425197e+03    2.0180000000e+03    0.0000000000e+00   -4.5141484927e+01    9.9343859916e-01    9.9801783944e-01
       331   -4.5166275260e+01    1.2899179836e+00    2.0278009636e+03    2.0270000000e+03    0.0000000000e+00   -4.5146123306e+01    9.9304771100e-01    9.9605328071e-01
       332   -4.5146583241e+01    1.4164942290e+00    2.0271566078e+03    2.0270000000e+03    0.0000000000e+00   -4.5146294274e+01    9.9294376086e-01    9.9753330044e-01
       333   -4.5163468610e+01    1.3627187703e+00    2.0291529971e+03    2.0290000000e+03    0.0000000000e+00   -4.5147313485e+01    9.9327280550e-01    9.9556431740e-01
       334   -4.5144897551e+01    1.2661764843e+00    2.0271416700e+03    2.0270000000e+03    0.0000000000e+00   -4.5146293105e+01    9.9302507365e-01    9.9753330044e-01
       335   -4.5162024562e+01    1.3626284579e+00    2.0310876986e+03    2.0310000000e+03    0.0000000000e+00   -4.5148287804e+01    9.9337353714e-01    9.9704579025e-01
       336   -4.5149247711e+01    1.5054147633e+00    2.0291133979e+03    2.0290000000e+03    0.0000000000e+00   -4.5147262968e+01    9.9336378691e-01    9.9655002464e-01
       337   -4.5140360441e+01    1.4362748699e+00    2.0299208499e+03    2.0300000000e+03    0.0000000000e+00   -4.5147774020e+01    9.9344718800e-01    9.9408866995e-01
       338   -4.5168242632e+01    1.5278463832e+00    2.0281945921e+03    2.0280000000e+03    0.0000000000e+00   -4.5146763634e+01    9.9266589849e-01    9.9753451677e-01
       339   -4.5164443329e+01    1.4421218355e+00    2.0322925462e+03    2.0320000000e+03    0.0000000000e+00   -4.5148679841e+01    9.9293992684e-01    9.9655511811e-01
       340   -4.5161624626e+01    1.4892066083e+00    2.0302935650e+03    2.0300000000e+03    0.0000000000e+00   -4.5147734170e+01    9.9299265078e-01    9.9408866995e-01
       341   -4.5148614676e+01    1.5142696643e+00    2.0301806122e+03    2.0300000000e+03    0.0000000000e+00   -4.5147760353e+01    9.9313029231e-01    9.9753694581e-01
       342   -4.5128683796e+01    1.6155766264e+00    2.0317453113e+03    2.0320000000e+03    0.0000000000e+00   -4.5148761767e+01    9.9342487995e-01    9.9557086614e-01
       343   -4.5167730160e+01    1.4491641231e+00    2.0330602428e+03    2.0330000000e+03    0.0000000000e+00   -4.5149227401e+01    9.9194044855e-01    9.9704869651e-01
       344   -4.5148848479e+01    1.3333863505e+00    2.0291625821e+03    2.0290000000e+03    0.0000000000e+00   -4.5147166168e+01    9.9280961147e-01    9.9753573189e-01
       345   -4.5174314832e+01    1.6901982098e+00    2.0330659633e+03    2.0330000000e+03    0.0000000000e+00   -4.5149172505e+01    9.9386944039e-01    9.9557304476e-01
       346   -4.5191492296e+01    1.4046055989e+00    2.0315339965e+03    2.0310000000e+03    0.0000000000e+00   -4.5148163171e+01    9.9331192736e-01    9.9458394879e-01
       347   -4.5180792069e+01    1.3932013032e+00    2.0247683973e+03    2.0240000000e+03    0.0000000000e+00   -4.5144768673e+01    9.9414062524e-01    9.9654150198e-01
       348   -4.5191438688e+01    1.4936474837e+00    2.0247786117e+03    2.0240000000e+03    0.0000000000e+00   -4.5144882101e+01    9.9367740392e-01    9.9604743083e-01
       349   -4.5169686662e+01    1.5457928891e+00    2.0207424809e+03    2.0200000000e+03    0.0000000000e+00   -4.5142981925e+01    9.9263283627e-01    9.9405940594e-01
       350   -4.5166860966e+01    1.3881903441e+00    2.0145221346e+03    2.0140000000e+03    0.0000000000e+00   -4.5140119113e+01    9.9348922719e-01    9.9553128103e-01
       351   -4.5162153027e+01    1.6443439630e+00    2.0184699781e+03    2.0180000000e+03    0.0000000000e+00   -4.5142144484e+01    9.9329298912e-01    9.9851337958e-01
       352   -4.5168739518e+01    1.3635582623e+00    2.0233645992e+03    2.0230000000e+03    0.0000000000e+00   -4.5144651043e+01    9.9389914229e-01    9.9653979239e-01
       353   -4.5188271143e+01    1.3685778198e+00    2.0266558201e+03    2.0260000000e+03    0.0000000000e+00   -4.5146149567e+01    9.9370081618e-01    9.9851924975e-01
       354   -4.5167520256e+01    1.5274147132e+00    2.0315417927e+03    2.0310000000e+03    0.0000000000e+00   -4.5148651990e+01    9.9354858168e-01    9.9556868538e-01
       355   -4.5191222399e+01    1.3607060937e+00    2.0316192243e+03    2.0310000000e+03    0.0000000000e+00   -4.5148751304e+01    9.9388241129e-01    9.9803052683e-01
       356   -4.5182191061e+01    1.7182610542e+00    2.0356545479e+03    2.0350000000e+03    0.0000000000e+00   -4.5150751858e+01    9.9300131639e-01    9.9754299754e-01
       357   -4.5168140740e+01    1.3779105612e+00    2.0414657623e+03    2.0410000000e+03    0.0000000000e+00   -4.5153803502e+01    9.9263316211e-01    9.9657030867e-01
       358   -4.5167385323e+01    1.4371785745e+00    2.0402358571e+03    2.0400000000e+03    0.0000000000e+00   -4.5153391928e+01    9.9372621069e-01    9.9607843137e-01
       359   -4.5155333420e+01    1.3708709624e+00    2.0431171477e+03    2.0430000000e+03    0.0000000000e+00   -4.5154895401e+01    9.9325636125e-01    9.9755261870e-01
       360   -4.5152765789e+01    1.4888472546e+00    2.0519392550e+03    2.0520000000e+03    0.0000000000e+00   -4.5159322405e+01    9.9323714728e-01    9.9561403509e-01
       361   -4.5137777427e+01    1.4479610693e+00    2.0517390250e+03    2.0520000000e+03    0.0000000000e+00   -4.5159316057e+01    9.9233714258e-01    9.9220272904e-01
       362   -4.5163052243e+01    1.5726723364e+00    2.0419721434e+03    2.0420000000e+03    0.0000000000e+00   -4.5154416567e+01    9.9263117360e-01    9.9510284035e-01
       363   -4.5156112734e+01    1.5140280194e+00    2.0421005337e+03    2.0420000000e+03    0.0000000000e+00   -4.5154355969e+01    9.9275324641e-01    9.9706170421e-01
       364   -4.5218626067e+01    1.5491962921e+00    2.0496081104e+03    2.0490000000e+03    0.0000000000e+00   -4.5157795903e+01    9.9325574201e-01    9.9414348463e-01
       365   -4.5220552666e+01    1.7913873473e+00    2.0501769459e+03    2.0490000000e+03    0.0000000000e+00   -4.5157792226e+01    9.9273315399e-01    9.9560761347e-01
       366   -4.5178719053e+01    1.4448276968e+00    2.0487531982e+03    2.0480000000e+03    0.0000000000e+00   -4.5157492168e+01    9.9383203584e-01    9.9560546875e-01
       367   -4.5191667016e+01    1.5916938061e+00    2.0485545569e+03    2.0480000000e+03    0.0000000000e+00   -4.5157685014e+01    9.9355969345e-01    9.9902343750e-01
       368   -4.5163826660e+01    1.3973056016e+00    2.0533149669e+03    2.0530000000e+03    0.0000000000e+00   -4.5160187573e+01    9.9345063493e-01    9.9659035558e-01
       369   -4.5176670165e+01    1.5440873605e+00    2.0551947504e+03    2.0550000000e+03    0.0000000000e+00   -4.5161264377e+01    9.9371791880e-01    9.9659367397e-01
       370   -4.5170061088e+01    1.3521116222e+00    2.0552471892e+03    2.0550000000e+03    0.0000000000e+00   -4.5161282481e+01    9.9273167515e-01    9.9610705596e-01
       371   -4.5143414947e+01    1.7878625802e+00    2.0498725850e+03    2.0500000000e+03    0.0000000000e+00   -4.5158903223e+01    9.9338514873e-01    9.9707317073e-01
       372   -4.5158280278e+01    1.4024252216e+00    2.0547967818e+03    2.0550000000e+03    0.0000000000e+00   -4.5161375826e+01    9.9379457007e-01    9.9464720195e-01
       373   -4.5141751938e+01    1.4407437297e+00    2.0528161779e+03    2.0530000000e+03    0.0000000000e+00   -4.5160358426e+01    9.9270311662e-01    9.9561617146e-01
       374   -4.5177602909e+01    1.4931883228e+00    2.0479991721e+03    2.0480000000e+03    0.0000000000e+00   -4.5157921074e+01    9.9279681812e-01    9.9462890625e-01
       375   -4.5149828542e+01    1.7103611131e+00    2.0450809760e+03    2.0450000000e+03    0.0000000000e+00   -4.5156406890e+01    9.9329551276e-01    9.9462102689e-01
       376   -4.5110626319e+01    1.4307909344e+00    2.0434526958e+03    2.0440000000e+03    0.0000000000e+00   -4.5155976494e+01    9.9392421417e-01    9.9559686888e-01
       377   -4.5150464474e+01    1.4607484852e+00    2.0375134755e+03    2.0380000000e+03    0.0000000000e+00   -4.5153012712e+01    9.9293592566e-01    9.9460255152e-01
       378   -4.5148947708e+01    1.5409170517e+00    2.0329706127e+03    2.0330000000e+03    0.0000000000e+00   -4.5150416427e+01    9.9363589026e-01    9.9803246434e-01
       379   -4.5157311848e+01    1.5139410800e+00    2.0349975607e+03    2.0350000000e+03    0.0000000000e+00   -4.5151378168e+01    9.9356813431e-01    9.9754299754e-01
       380   -4.5159252798e+01    1.3481110436e+00    2.0411040520e+03    2.0410000000e+03    0.0000000000e+00   -4.5154296355e+01    9.9320108760e-01    9.9706026458e-01
       381   -4.5157759132e+01    1.3908834226e+00    2.0410610089e+03    2.0410000000e+03    0.0000000000e+00   -4.5154295158e+01    9.9312202545e-01    9.9657030867e-01
       382   -4.5148547987e+01    1.4132529410e+00    2.0369729681e+03    2.0370000000e+03    0.0000000000e+00   -4.5152337896e+01    9.9222930886e-01    9.9803632793e-01
       383   -4.5149479297e+01    1.5388918577e+00    2.0468693720e+03    2.0470000000e+03    0.0000000000e+00   -4.5157235169e+01    9.9358924549e-01    9.9658036150e-01
       384   -4.5154049901e+01    1.3913293202e+00    2.0498299875e+03    2.0500000000e+03    0.0000000000e+00   -4.5158672983e+01    9.9352404553e-01    9.9658536585e-01
       385   -4.5141756056e+01    1.4455426691e+00    2.0497564330e+03    2.0500000000e+03    0.0000000000e+00   -4.5158649163e+01    9.9313280270e-01    9.9609756098e-01
       386   -4.5132642018e+01    1.4260194161e+00    2.0465827098e+03    2.0470000000e+03    0.0000000000e+00   -4.5157174205e+01    9.9338895293e-01    9.9560332193e-01
       387   -4.5150719283e+01    1.3605290050e+00    2.0447136214e+03    2.0450000000e+03    0.0000000000e+00   -4.5156150848e+01    9.9335754235e-01    9.9804400978e-01
       388   -4.5141559205e+01    1.2959057566e+00    2.0467502437e+03    2.0470000000e+03    0.0000000000e+00   -4.5157056599e+01    9.9297917394e-01    9.9462628236e-01
       389   -4.5123114837e+01    1.2623058825e+00    2.0445344572e+03    2.0450000000e+03    0.0000000000e+00   -4.5156059524e+01    9.9288287380e-01    9.9608801956e-01
       390   -4.5131939362e+01    1.3720660814e+00    2.0434293950e+03    2.0440000000e+03    0.0000000000e+00   -4.5155524789e+01    9.9343775258e-01    9.9461839530e-01
       391   -4.5142827630e+01    1.2588491101e+00    2.0406860820e+03    2.0410000000e+03    0.0000000000e+00   -4.5153958094e+01    9.9268500699e-01    9.9706026458e-01
       392   -4.5161544926e+01    1.3576203337e+00    2.0449383242e+03    2.0450000000e+03    0.0000000000e+00   -4.5155843720e+01    9.9399669657e-01    9.9951100244e-01
       393   -4.5150248470e+01    1.2911852119e+00    2.0498769598e+03    2.0500000000e+03    0.0000000000e+00   -4.5158244698e+01    9.9383438495e-01    9.9804878049e-01
       394   -4.5166858625e+01    1.3544243503e+00    2.0519452201e+03    2.0520000000e+03    0.0000000000e+00   -4.5159231912e+01    9.9374083573e-01    9.9561403509e-01
       395   -4.5189038653e+01    1.6124357163e+00    2.0503894280e+03    2.0500000000e+03    0.0000000000e+00   -4.5158236969e+01    9.9391828804e-01    9.9512195122e-01
       396   -4.5217952686e+01    1.4349012563e+00    2.0509380048e+03    2.0500000000e+03    0.0000000000e+00   -4.5158263929e+01    9.9314366738e-01    9.9609756098e-01
       397   -4.5223581368e+01    1.6235477011e+00    2.0482550454e+03    2.0470000000e+03    0.0000000000e+00   -4.5156888380e+01    9.9296395400e-01    9.9413776258e-01
       398   -4.5219354568e+01    1.6572592316e+00    2.0462618668e+03    2.0450000000e+03    0.0000000000e+00   -4.5156080069e+01    9.9353154587e-01    9.9559902200e-01
       399   -4.5196386118e+01    1.2746854152e+00    2.0469946817e+03    2.0460000000e+03    0.0000000000e+00   -4.5156752890e+01    9.9269422709e-01    9.9657869013e-01

